1.531820241736771306e+06 8.656822003900011769e+05 5.820128184222645359e+05 3.831912616790780448e+05 2.067266443497451546e+05 1.245969475850422896e+05 6.124094136302074912e+04 2.442316233100563477e+04 9.681175934481812874e+03 2.227709965027874659e+03 2.470579112810785887e+02 4.037186851171588842e+01 0.000000000000000000e+00 0.000000000000000000e+00 0.000000000000000000e+00 0.000000000000000000e+00 0.000000000000000000e+00 0.000000000000000000e+00 0.000000000000000000e+00 0.000000000000000000e+00
8.656822003900011769e+05 7.316574483712568181e+05 4.005138635392961442e+05 2.590602297036815726e+05 1.456162053442255710e+05 8.589760908309224760e+04 4.068506966174643458e+04 1.626031315621148497e+04 7.215119392095387411e+03 1.798570456134780443e+03 2.073224881362190217e+02 2.596344751580221910e+01 0.000000000000000000e+00 0.000000000000000000e+00 0.000000000000000000e+00 0.000000000000000000e+00 0.000000000000000000e+00 0.000000000000000000e+00 0.000000000000000000e+00 0.000000000000000000e+00
5.820128184222645359e+05 4.005138635392961442e+05 3.751961824127131840e+05 1.873756567331304250e+05 9.732665741463590530e+04 5.691131472516675422e+04 3.109373181436368759e+04 1.164774310990021331e+04 4.995904641286946571e+03 9.113013906242689472e+02 9.372902664995736188e+01 -1.778300336476423738e+01 0.000000000000000000e+00 0.000000000000000000e+00 0.000000000000000000e+00 0.000000000000000000e+00 0.000000000000000000e+00 0.000000000000000000e+00 0.000000000000000000e+00 0.000000000000000000e+00
3.831912616790780448e+05 2.590602297036815726e+05 1.873756567331304250e+05 1.682037317054252489e+05 6.783646257627275190e+04 3.821328814315548516e+04 2.041599120638858585e+04 8.326360534429468316e+03 3.049654677600729883e+03 6.900930337406751960e+02 2.890535393937103947e+01 -1.343645944070191867e+01 0.000000000000000000e+00 0.000000000000000000e+00 0.000000000000000000e+00 0.000000000000000000e+00 0.000000000000000000e+00 0.000000000000000000e+00 0.000000000000000000e+00 0.000000000000000000e+00
2.067266443497451546e+05 1.456162053442255710e+05 9.732665741463590530e+04 6.783646257627275190e+04 6.277040105237093667e+04 2.222410830696700214e+04 1.136054280447467318e+04 4.938216966267650605e+03 1.796901318680973418e+03 5.506224134874839820e+02 3.531661140094145424e+01 1.069499285381100329e+01 0.000000000000000000e+00 0.000000000000000000e+00 0.000000000000000000e+00 0.000000000000000000e+00 0.000000000000000000e+00 0.000000000000000000e+00 0.000000000000000000e+00 0.000000000000000000e+00
1.245969475850422896e+05 8.589760908309224760e+04 5.691131472516675422e+04 3.821328814315548516e+04 2.222410830696700214e+04 2.510581226776690528e+04 6.421034811517609342e+03 2.607223935608961710e+03 1.182258646086233966e+03 2.814293421306766163e+02 3.049211840442159627e+01 6.097219720798428888e+00 0.000000000000000000e+00 0.000000000000000000e+00 0.000000000000000000e+00 0.000000000000000000e+00 0.000000000000000000e+00 0.000000000000000000e+00 0.000000000000000000e+00 0.000000000000000000e+00
6.124094136302074912e+04 4.068506966174643458e+04 3.109373181436368759e+04 2.041599120638858585e+04 1.136054280447467318e+04 6.421034811517609342e+03 8.829784477583671105e+03 1.638932740905157516e+03 5.984083701340488233e+02 1.576937433528707118e+02 2.388465200343586403e+01 2.158749419699102834e+00 0.000000000000000000e+00 0.000000000000000000e+00 0.000000000000000000e+00 0.000000000000000000e+00 0.000000000000000000e+00 0.000000000000000000e+00 0.000000000000000000e+00 0.000000000000000000e+00
2.442316233100563477e+04 1.626031315621148497e+04 1.164774310990021331e+04 8.326360534429468316e+03 4.938216966267650605e+03 2.607223935608961710e+03 1.638932740905157516e+03 2.279282743303341704e+03 3.403113337931469573e+02 6.227366811092841914e+01 -5.384284836929005280e-01 1.300617837026343926e+00 0.000000000000000000e+00 0.000000000000000000e+00 0.000000000000000000e+00 0.000000000000000000e+00 0.000000000000000000e+00 0.000000000000000000e+00 0.000000000000000000e+00 0.000000000000000000e+00
9.681175934481812874e+03 7.215119392095387411e+03 4.995904641286946571e+03 3.049654677600729883e+03 1.796901318680973418e+03 1.182258646086233966e+03 5.984083701340488233e+02 3.403113337931469573e+02 6.576599234865025210e+02 5.142781326507532924e+01 4.753092589311943783e+00 -2.065812498478171388e+00 0.000000000000000000e+00 0.000000000000000000e+00 0.000000000000000000e+00 0.000000000000000000e+00 0.000000000000000000e+00 0.000000000000000000e+00 0.000000000000000000e+00 0.000000000000000000e+00
2.227709965027874659e+03 1.798570456134780443e+03 9.113013906242689472e+02 6.900930337406751960e+02 5.506224134874839820e+02 2.814293421306766163e+02 1.576937433528707118e+02 6.227366811092841914e+01 5.142781326507532924e+01 1.140916847261042477e+02 9.542250642362051227e-01 1.597913286527756993e+00 0.000000000000000000e+00 0.000000000000000000e+00 0.000000000000000000e+00 0.000000000000000000e+00 0.000000000000000000e+00 0.000000000000000000e+00 0.000000000000000000e+00 0.000000000000000000e+00
2.470579112810785887e+02 2.073224881362190217e+02 9.372902664995736188e+01 2.890535393937103947e+01 3.531661140094145424e+01 3.049211840442159627e+01 2.388465200343586403e+01 -5.384284836929005280e-01 4.753092589311943783e+00 9.542250642362051227e-01 9.854113975021245864e+00 -3.925166757306345483e-02 0.000000000000000000e+00 0.000000000000000000e+00 0.000000000000000000e+00 0.000000000000000000e+00 0.000000000000000000e+00 0.000000000000000000e+00 0.000000000000000000e+00 0.000000000000000000e+00
4.037186851171588842e+01 2.596344751580221910e+01 -1.778300336476423738e+01 -1.343645944070191867e+01 1.069499285381100329e+01 6.097219720798428888e+00 2.158749419699102834e+00 1.300617837026343926e+00 -2.065812498478171388e+00 1.597913286527756993e+00 -3.925166757306345483e-02 2.001439840903926015e+00 0.000000000000000000e+00 0.000000000000000000e+00 0.000000000000000000e+00 0.000000000000000000e+00 0.000000000000000000e+00 0.000000000000000000e+00 0.000000000000000000e+00 0.000000000000000000e+00
0.000000000000000000e+00 0.000000000000000000e+00 0.000000000000000000e+00 0.000000000000000000e+00 0.000000000000000000e+00 0.000000000000000000e+00 0.000000000000000000e+00 0.000000000000000000e+00 0.000000000000000000e+00 0.000000000000000000e+00 0.000000000000000000e+00 0.000000000000000000e+00 0.000000000000000000e+00 0.000000000000000000e+00 0.000000000000000000e+00 0.000000000000000000e+00 0.000000000000000000e+00 0.000000000000000000e+00 0.000000000000000000e+00 0.000000000000000000e+00
0.000000000000000000e+00 0.000000000000000000e+00 0.000000000000000000e+00 0.000000000000000000e+00 0.000000000000000000e+00 0.000000000000000000e+00 0.000000000000000000e+00 0.000000000000000000e+00 0.000000000000000000e+00 0.000000000000000000e+00 0.000000000000000000e+00 0.000000000000000000e+00 0.000000000000000000e+00 0.000000000000000000e+00 0.000000000000000000e+00 0.000000000000000000e+00 0.000000000000000000e+00 0.000000000000000000e+00 0.000000000000000000e+00 0.000000000000000000e+00
0.000000000000000000e+00 0.000000000000000000e+00 0.000000000000000000e+00 0.000000000000000000e+00 0.000000000000000000e+00 0.000000000000000000e+00 0.000000000000000000e+00 0.000000000000000000e+00 0.000000000000000000e+00 0.000000000000000000e+00 0.000000000000000000e+00 0.000000000000000000e+00 0.000000000000000000e+00 0.000000000000000000e+00 0.000000000000000000e+00 0.000000000000000000e+00 0.000000000000000000e+00 0.000000000000000000e+00 0.000000000000000000e+00 0.000000000000000000e+00
0.000000000000000000e+00 0.000000000000000000e+00 0.000000000000000000e+00 0.000000000000000000e+00 0.000000000000000000e+00 0.000000000000000000e+00 0.000000000000000000e+00 0.000000000000000000e+00 0.000000000000000000e+00 0.000000000000000000e+00 0.000000000000000000e+00 0.000000000000000000e+00 0.000000000000000000e+00 0.000000000000000000e+00 0.000000000000000000e+00 0.000000000000000000e+00 0.000000000000000000e+00 0.000000000000000000e+00 0.000000000000000000e+00 0.000000000000000000e+00
0.000000000000000000e+00 0.000000000000000000e+00 0.000000000000000000e+00 0.000000000000000000e+00 0.000000000000000000e+00 0.000000000000000000e+00 0.000000000000000000e+00 0.000000000000000000e+00 0.000000000000000000e+00 0.000000000000000000e+00 0.000000000000000000e+00 0.000000000000000000e+00 0.000000000000000000e+00 0.000000000000000000e+00 0.000000000000000000e+00 0.000000000000000000e+00 0.000000000000000000e+00 0.000000000000000000e+00 0.000000000000000000e+00 0.000000000000000000e+00
0.000000000000000000e+00 0.000000000000000000e+00 0.000000000000000000e+00 0.000000000000000000e+00 0.000000000000000000e+00 0.000000000000000000e+00 0.000000000000000000e+00 0.000000000000000000e+00 0.000000000000000000e+00 0.000000000000000000e+00 0.000000000000000000e+00 0.000000000000000000e+00 0.000000000000000000e+00 0.000000000000000000e+00 0.000000000000000000e+00 0.000000000000000000e+00 0.000000000000000000e+00 0.000000000000000000e+00 0.000000000000000000e+00 0.000000000000000000e+00
0.000000000000000000e+00 0.000000000000000000e+00 0.000000000000000000e+00 0.000000000000000000e+00 0.000000000000000000e+00 0.000000000000000000e+00 0.000000000000000000e+00 0.000000000000000000e+00 0.000000000000000000e+00 0.000000000000000000e+00 0.000000000000000000e+00 0.000000000000000000e+00 0.000000000000000000e+00 0.000000000000000000e+00 0.000000000000000000e+00 0.000000000000000000e+00 0.000000000000000000e+00 0.000000000000000000e+00 0.000000000000000000e+00 0.000000000000000000e+00
0.000000000000000000e+00 0.000000000000000000e+00 0.000000000000000000e+00 0.000000000000000000e+00 0.000000000000000000e+00 0.000000000000000000e+00 0.000000000000000000e+00 0.000000000000000000e+00 0.000000000000000000e+00 0.000000000000000000e+00 0.000000000000000000e+00 0.000000000000000000e+00 0.000000000000000000e+00 0.000000000000000000e+00 0.000000000000000000e+00 0.000000000000000000e+00 0.000000000000000000e+00 0.000000000000000000e+00 0.000000000000000000e+00 0.000000000000000000e+00
