1.900233642035247758e+06 1.071414864883993519e+06 7.431519849326496478e+05 5.545392007950677071e+05 3.393702783211772912e+05 2.189893462500844325e+05 1.448777850398899463e+05 8.161859481570460775e+04 4.226499637374748272e+04 1.897531543633610636e+04 4.012653192344713261e+03 5.301810912945724112e+02 7.497431616080150718e+01 0.000000000000000000e+00 0.000000000000000000e+00 0.000000000000000000e+00 0.000000000000000000e+00 0.000000000000000000e+00 0.000000000000000000e+00 0.000000000000000000e+00
1.071414864883993519e+06 9.669957769062003354e+05 5.380198919331080979e+05 3.759877885653224075e+05 2.282661275713190262e+05 1.511439365859843674e+05 1.032305147204279638e+05 5.289870190049167286e+04 2.680087054934378102e+04 1.137789261142394753e+04 3.183360285388425382e+03 5.668552872361829031e+02 6.211082179292110084e+01 0.000000000000000000e+00 0.000000000000000000e+00 0.000000000000000000e+00 0.000000000000000000e+00 0.000000000000000000e+00 0.000000000000000000e+00 0.000000000000000000e+00
7.431519849326496478e+05 5.380198919331080979e+05 5.165484909025700181e+05 2.724304263128083549e+05 1.744607838390292018e+05 1.098222923549512925e+05 7.460826930058933794e+04 3.933943932536714419e+04 1.908327229564279696e+04 9.452820195612948737e+03 2.582709286586632970e+03 3.294135585351735358e+02 4.958905690020853285e+01 0.000000000000000000e+00 0.000000000000000000e+00 0.000000000000000000e+00 0.000000000000000000e+00 0.000000000000000000e+00 0.000000000000000000e+00 0.000000000000000000e+00
5.545392007950677071e+05 3.759877885653224075e+05 2.724304263128083549e+05 2.769166869336295058e+05 1.213575379199197196e+05 8.079374990260053892e+04 4.996649785768728179e+04 2.953770974029684658e+04 1.558095074079471124e+04 6.072874315667241717e+03 1.632734470639267556e+03 2.647548117312733211e+02 2.901825555765077880e+01 0.000000000000000000e+00 0.000000000000000000e+00 0.000000000000000000e+00 0.000000000000000000e+00 0.000000000000000000e+00 0.000000000000000000e+00 0.000000000000000000e+00
3.393702783211772912e+05 2.282661275713190262e+05 1.744607838390292018e+05 1.213575379199197196e+05 1.227210128884472942e+05 5.108189481871125463e+04 3.415181027524371893e+04 1.764680466715262810e+04 8.764616033019454335e+03 3.983998850279697308e+03 8.546686518906759602e+02 9.990001058516662624e+01 1.262890488242934239e+01 0.000000000000000000e+00 0.000000000000000000e+00 0.000000000000000000e+00 0.000000000000000000e+00 0.000000000000000000e+00 0.000000000000000000e+00 0.000000000000000000e+00
2.189893462500844325e+05 1.511439365859843674e+05 1.098222923549512925e+05 8.079374990260053892e+04 5.108189481871125463e+04 5.518027232088431629e+04 2.077321865655525835e+04 1.188161589657459808e+04 5.492094611868273205e+03 2.595405646618571609e+03 5.860460451493311211e+02 1.540588256472730393e+02 -5.565123472745452382e+00 0.000000000000000000e+00 0.000000000000000000e+00 0.000000000000000000e+00 0.000000000000000000e+00 0.000000000000000000e+00 0.000000000000000000e+00 0.000000000000000000e+00
1.448777850398899463e+05 1.032305147204279638e+05 7.460826930058933794e+04 4.996649785768728179e+04 3.415181027524371893e+04 2.077321865655525835e+04 2.759627673380648048e+04 7.495120034108595064e+03 4.404606103256971437e+03 1.742232364970986509e+03 6.356145099075018834e+02 3.798618676061750676e+01 1.550248816837449084e+01 0.000000000000000000e+00 0.000000000000000000e+00 0.000000000000000000e+00 0.000000000000000000e+00 0.000000000000000000e+00 0.000000000000000000e+00 0.000000000000000000e+00
8.161859481570460775e+04 5.289870190049167286e+04 3.933943932536714419e+04 2.953770974029684658e+04 1.764680466715262810e+04 1.188161589657459808e+04 7.495120034108595064e+03 9.762074008318615597e+03 2.426791808914975718e+03 1.018993428691633426e+03 3.077923693299191541e+02 3.841690562172494339e+01 9.421379144546969897e+00 0.000000000000000000e+00 0.000000000000000000e+00 0.000000000000000000e+00 0.000000000000000000e+00 0.000000000000000000e+00 0.000000000000000000e+00 0.000000000000000000e+00
4.226499637374748272e+04 2.680087054934378102e+04 1.908327229564279696e+04 1.558095074079471124e+04 8.764616033019454335e+03 5.492094611868273205e+03 4.404606103256971437e+03 2.426791808914975718e+03 3.443065309461673678e+03 5.437703218500895446e+02 1.622750853393964405e+02 2.676894514387706892e+01 7.539654444828305380e-01 0.000000000000000000e+00 0.000000000000000000e+00 0.000000000000000000e+00 0.000000000000000000e+00 0.000000000000000000e+00 0.000000000000000000e+00 0.000000000000000000e+00
1.897531543633610636e+04 1.137789261142394753e+04 9.452820195612948737e+03 6.072874315667241717e+03 3.983998850279697308e+03 2.595405646618571609e+03 1.742232364970986509e+03 1.018993428691633426e+03 5.437703218500895446e+02 1.045791644416735153e+03 7.918031110788497529e+01 2.730763890436109875e+01 3.803891411122009014e+00 0.000000000000000000e+00 0.000000000000000000e+00 0.000000000000000000e+00 0.000000000000000000e+00 0.000000000000000000e+00 0.000000000000000000e+00 0.000000000000000000e+00
4.012653192344713261e+03 3.183360285388425382e+03 2.582709286586632970e+03 1.632734470639267556e+03 8.546686518906759602e+02 5.860460451493311211e+02 6.356145099075018834e+02 3.077923693299191541e+02 1.622750853393964405e+02 7.918031110788497529e+01 2.153192199962820723e+02 6.344942933371100047e+00 1.251962243542367403e+00 0.000000000000000000e+00 0.000000000000000000e+00 0.000000000000000000e+00 0.000000000000000000e+00 0.000000000000000000e+00 0.000000000000000000e+00 0.000000000000000000e+00
5.301810912945724112e+02 5.668552872361829031e+02 3.294135585351735358e+02 2.647548117312733211e+02 9.990001058516662624e+01 1.540588256472730393e+02 3.798618676061750676e+01 3.841690562172494339e+01 2.676894514387706892e+01 2.730763890436109875e+01 6.344942933371100047e+00 3.126800220779492534e+01 8.828951215228609817e-01 0.000000000000000000e+00 0.000000000000000000e+00 0.000000000000000000e+00 0.000000000000000000e+00 0.000000000000000000e+00 0.000000000000000000e+00 0.000000000000000000e+00
7.497431616080150718e+01 6.211082179292110084e+01 4.958905690020853285e+01 2.901825555765077880e+01 1.262890488242934239e+01 -5.565123472745452382e+00 1.550248816837449084e+01 9.421379144546969897e+00 7.539654444828305380e-01 3.803891411122009014e+00 1.251962243542367403e+00 8.828951215228609817e-01 2.000991815572501942e+00 0.000000000000000000e+00 0.000000000000000000e+00 0.000000000000000000e+00 0.000000000000000000e+00 0.000000000000000000e+00 0.000000000000000000e+00 0.000000000000000000e+00
0.000000000000000000e+00 0.000000000000000000e+00 0.000000000000000000e+00 0.000000000000000000e+00 0.000000000000000000e+00 0.000000000000000000e+00 0.000000000000000000e+00 0.000000000000000000e+00 0.000000000000000000e+00 0.000000000000000000e+00 0.000000000000000000e+00 0.000000000000000000e+00 0.000000000000000000e+00 0.000000000000000000e+00 0.000000000000000000e+00 0.000000000000000000e+00 0.000000000000000000e+00 0.000000000000000000e+00 0.000000000000000000e+00 0.000000000000000000e+00
0.000000000000000000e+00 0.000000000000000000e+00 0.000000000000000000e+00 0.000000000000000000e+00 0.000000000000000000e+00 0.000000000000000000e+00 0.000000000000000000e+00 0.000000000000000000e+00 0.000000000000000000e+00 0.000000000000000000e+00 0.000000000000000000e+00 0.000000000000000000e+00 0.000000000000000000e+00 0.000000000000000000e+00 0.000000000000000000e+00 0.000000000000000000e+00 0.000000000000000000e+00 0.000000000000000000e+00 0.000000000000000000e+00 0.000000000000000000e+00
0.000000000000000000e+00 0.000000000000000000e+00 0.000000000000000000e+00 0.000000000000000000e+00 0.000000000000000000e+00 0.000000000000000000e+00 0.000000000000000000e+00 0.000000000000000000e+00 0.000000000000000000e+00 0.000000000000000000e+00 0.000000000000000000e+00 0.000000000000000000e+00 0.000000000000000000e+00 0.000000000000000000e+00 0.000000000000000000e+00 0.000000000000000000e+00 0.000000000000000000e+00 0.000000000000000000e+00 0.000000000000000000e+00 0.000000000000000000e+00
0.000000000000000000e+00 0.000000000000000000e+00 0.000000000000000000e+00 0.000000000000000000e+00 0.000000000000000000e+00 0.000000000000000000e+00 0.000000000000000000e+00 0.000000000000000000e+00 0.000000000000000000e+00 0.000000000000000000e+00 0.000000000000000000e+00 0.000000000000000000e+00 0.000000000000000000e+00 0.000000000000000000e+00 0.000000000000000000e+00 0.000000000000000000e+00 0.000000000000000000e+00 0.000000000000000000e+00 0.000000000000000000e+00 0.000000000000000000e+00
0.000000000000000000e+00 0.000000000000000000e+00 0.000000000000000000e+00 0.000000000000000000e+00 0.000000000000000000e+00 0.000000000000000000e+00 0.000000000000000000e+00 0.000000000000000000e+00 0.000000000000000000e+00 0.000000000000000000e+00 0.000000000000000000e+00 0.000000000000000000e+00 0.000000000000000000e+00 0.000000000000000000e+00 0.000000000000000000e+00 0.000000000000000000e+00 0.000000000000000000e+00 0.000000000000000000e+00 0.000000000000000000e+00 0.000000000000000000e+00
0.000000000000000000e+00 0.000000000000000000e+00 0.000000000000000000e+00 0.000000000000000000e+00 0.000000000000000000e+00 0.000000000000000000e+00 0.000000000000000000e+00 0.000000000000000000e+00 0.000000000000000000e+00 0.000000000000000000e+00 0.000000000000000000e+00 0.000000000000000000e+00 0.000000000000000000e+00 0.000000000000000000e+00 0.000000000000000000e+00 0.000000000000000000e+00 0.000000000000000000e+00 0.000000000000000000e+00 0.000000000000000000e+00 0.000000000000000000e+00
0.000000000000000000e+00 0.000000000000000000e+00 0.000000000000000000e+00 0.000000000000000000e+00 0.000000000000000000e+00 0.000000000000000000e+00 0.000000000000000000e+00 0.000000000000000000e+00 0.000000000000000000e+00 0.000000000000000000e+00 0.000000000000000000e+00 0.000000000000000000e+00 0.000000000000000000e+00 0.000000000000000000e+00 0.000000000000000000e+00 0.000000000000000000e+00 0.000000000000000000e+00 0.000000000000000000e+00 0.000000000000000000e+00 0.000000000000000000e+00
