1.795981225739005255e+06 1.007488657462406438e+06 7.053990212865580106e+05 4.972819904895913787e+05 3.011946919417865574e+05 1.899209374174028053e+05 1.206790859064864635e+05 5.856300247002071410e+04 2.704574664333400142e+04 1.062914414118419700e+04 1.791874800035169528e+03 2.724964798922403588e+02 1.229941846907983347e+02 0.000000000000000000e+00 0.000000000000000000e+00 0.000000000000000000e+00 0.000000000000000000e+00 0.000000000000000000e+00 0.000000000000000000e+00 0.000000000000000000e+00
1.007488657462406438e+06 8.819129826185246930e+05 4.937443684748723172e+05 3.281652307099280879e+05 2.083095875189111102e+05 1.342530488227491733e+05 8.378098815074079903e+04 3.955121633287888835e+04 1.772568501226355147e+04 6.766942657740368304e+03 1.098391315015592227e+03 2.414919749935570792e+02 6.369067925531291507e+01 0.000000000000000000e+00 0.000000000000000000e+00 0.000000000000000000e+00 0.000000000000000000e+00 0.000000000000000000e+00 0.000000000000000000e+00 0.000000000000000000e+00
7.053990212865580106e+05 4.937443684748723172e+05 4.519222000789550366e+05 2.371709844091214472e+05 1.482487618714943237e+05 9.356607866225896578e+04 5.798108581903039885e+04 2.910584059267480188e+04 1.301605203037848696e+04 5.793267723406929690e+03 8.584927591493491263e+02 1.154876382737515144e+02 4.022611946373637437e+01 0.000000000000000000e+00 0.000000000000000000e+00 0.000000000000000000e+00 0.000000000000000000e+00 0.000000000000000000e+00 0.000000000000000000e+00 0.000000000000000000e+00
4.972819904895913787e+05 3.281652307099280879e+05 2.371709844091214472e+05 2.412919446297779505e+05 1.044837193248466210e+05 6.596202817187075561e+04 4.084115521214771434e+04 1.957121456239382678e+04 9.219444275938412829e+03 3.421273227673697420e+03 4.284742769580704476e+02 -2.386249606839410564e+00 4.691005132561429747e+01 0.000000000000000000e+00 0.000000000000000000e+00 0.000000000000000000e+00 0.000000000000000000e+00 0.000000000000000000e+00 0.000000000000000000e+00 0.000000000000000000e+00
3.011946919417865574e+05 2.083095875189111102e+05 1.482487618714943237e+05 1.044837193248466210e+05 1.009162695866921713e+05 4.104270256601464644e+04 2.591681317997704537e+04 1.221932516300597854e+04 5.495150421848957194e+03 2.149285398171751694e+03 2.631879832660877696e+02 4.112415787482878216e+01 2.100134039303264544e+01 0.000000000000000000e+00 0.000000000000000000e+00 0.000000000000000000e+00 0.000000000000000000e+00 0.000000000000000000e+00 0.000000000000000000e+00 0.000000000000000000e+00
1.899209374174028053e+05 1.342530488227491733e+05 9.356607866225896578e+04 6.596202817187075561e+04 4.104270256601464644e+04 4.357874953655149875e+04 1.739728106797962755e+04 7.505704348094368470e+03 3.526886957422076648e+03 1.354943154769023295e+03 2.472058397577263804e+02 3.215124570839182638e+01 8.304584133048026118e+00 0.000000000000000000e+00 0.000000000000000000e+00 0.000000000000000000e+00 0.000000000000000000e+00 0.000000000000000000e+00 0.000000000000000000e+00 0.000000000000000000e+00
1.206790859064864635e+05 8.378098815074079903e+04 5.798108581903039885e+04 4.084115521214771434e+04 2.591681317997704537e+04 1.739728106797962755e+04 2.035299089912804266e+04 5.299016082709662442e+03 2.366014514188586418e+03 1.029769054992701967e+03 1.675854935861114257e+02 2.820151574298295216e+01 1.124086375510253966e+01 0.000000000000000000e+00 0.000000000000000000e+00 0.000000000000000000e+00 0.000000000000000000e+00 0.000000000000000000e+00 0.000000000000000000e+00 0.000000000000000000e+00
5.856300247002071410e+04 3.955121633287888835e+04 2.910584059267480188e+04 1.957121456239382678e+04 1.221932516300597854e+04 7.505704348094368470e+03 5.299016082709662442e+03 6.448039536227747703e+03 1.305499650224448487e+03 5.158814807419976205e+02 1.115811291839980726e+02 2.115570402640479841e+01 6.121294062919635515e+00 0.000000000000000000e+00 0.000000000000000000e+00 0.000000000000000000e+00 0.000000000000000000e+00 0.000000000000000000e+00 0.000000000000000000e+00 0.000000000000000000e+00
2.704574664333400142e+04 1.772568501226355147e+04 1.301605203037848696e+04 9.219444275938412829e+03 5.495150421848957194e+03 3.526886957422076648e+03 2.366014514188586418e+03 1.305499650224448487e+03 2.016164452426469779e+03 2.368174267750595732e+02 7.160122900355236197e+01 1.685655553698789788e+01 4.001627556362879368e+00 0.000000000000000000e+00 0.000000000000000000e+00 0.000000000000000000e+00 0.000000000000000000e+00 0.000000000000000000e+00 0.000000000000000000e+00 0.000000000000000000e+00
1.062914414118419700e+04 6.766942657740368304e+03 5.793267723406929690e+03 3.421273227673697420e+03 2.149285398171751694e+03 1.354943154769023295e+03 1.029769054992701967e+03 5.158814807419976205e+02 2.368174267750595732e+02 5.543299435379808529e+02 1.135619365430367900e+01 4.758442070664285595e+00 1.452503706873121692e-01 0.000000000000000000e+00 0.000000000000000000e+00 0.000000000000000000e+00 0.000000000000000000e+00 0.000000000000000000e+00 0.000000000000000000e+00 0.000000000000000000e+00
1.791874800035169528e+03 1.098391315015592227e+03 8.584927591493491263e+02 4.284742769580704476e+02 2.631879832660877696e+02 2.472058397577263804e+02 1.675854935861114257e+02 1.115811291839980726e+02 7.160122900355236197e+01 1.135619365430367900e+01 8.187726595111858785e+01 3.862380697959908016e+00 8.242000432162595036e-01 0.000000000000000000e+00 0.000000000000000000e+00 0.000000000000000000e+00 0.000000000000000000e+00 0.000000000000000000e+00 0.000000000000000000e+00 0.000000000000000000e+00
2.724964798922403588e+02 2.414919749935570792e+02 1.154876382737515144e+02 -2.386249606839410564e+00 4.112415787482878216e+01 3.215124570839182638e+01 2.820151574298295216e+01 2.115570402640479841e+01 1.685655553698789788e+01 4.758442070664285595e+00 3.862380697959908016e+00 1.177358977998455458e+01 -2.354465082767339540e-02 0.000000000000000000e+00 0.000000000000000000e+00 0.000000000000000000e+00 0.000000000000000000e+00 0.000000000000000000e+00 0.000000000000000000e+00 0.000000000000000000e+00
1.229941846907983347e+02 6.369067925531291507e+01 4.022611946373637437e+01 4.691005132561429747e+01 2.100134039303264544e+01 8.304584133048026118e+00 1.124086375510253966e+01 6.121294062919635515e+00 4.001627556362879368e+00 1.452503706873121692e-01 8.242000432162595036e-01 -2.354465082767339540e-02 1.002502044125457958e+00 0.000000000000000000e+00 0.000000000000000000e+00 0.000000000000000000e+00 0.000000000000000000e+00 0.000000000000000000e+00 0.000000000000000000e+00 0.000000000000000000e+00
0.000000000000000000e+00 0.000000000000000000e+00 0.000000000000000000e+00 0.000000000000000000e+00 0.000000000000000000e+00 0.000000000000000000e+00 0.000000000000000000e+00 0.000000000000000000e+00 0.000000000000000000e+00 0.000000000000000000e+00 0.000000000000000000e+00 0.000000000000000000e+00 0.000000000000000000e+00 0.000000000000000000e+00 0.000000000000000000e+00 0.000000000000000000e+00 0.000000000000000000e+00 0.000000000000000000e+00 0.000000000000000000e+00 0.000000000000000000e+00
0.000000000000000000e+00 0.000000000000000000e+00 0.000000000000000000e+00 0.000000000000000000e+00 0.000000000000000000e+00 0.000000000000000000e+00 0.000000000000000000e+00 0.000000000000000000e+00 0.000000000000000000e+00 0.000000000000000000e+00 0.000000000000000000e+00 0.000000000000000000e+00 0.000000000000000000e+00 0.000000000000000000e+00 0.000000000000000000e+00 0.000000000000000000e+00 0.000000000000000000e+00 0.000000000000000000e+00 0.000000000000000000e+00 0.000000000000000000e+00
0.000000000000000000e+00 0.000000000000000000e+00 0.000000000000000000e+00 0.000000000000000000e+00 0.000000000000000000e+00 0.000000000000000000e+00 0.000000000000000000e+00 0.000000000000000000e+00 0.000000000000000000e+00 0.000000000000000000e+00 0.000000000000000000e+00 0.000000000000000000e+00 0.000000000000000000e+00 0.000000000000000000e+00 0.000000000000000000e+00 0.000000000000000000e+00 0.000000000000000000e+00 0.000000000000000000e+00 0.000000000000000000e+00 0.000000000000000000e+00
0.000000000000000000e+00 0.000000000000000000e+00 0.000000000000000000e+00 0.000000000000000000e+00 0.000000000000000000e+00 0.000000000000000000e+00 0.000000000000000000e+00 0.000000000000000000e+00 0.000000000000000000e+00 0.000000000000000000e+00 0.000000000000000000e+00 0.000000000000000000e+00 0.000000000000000000e+00 0.000000000000000000e+00 0.000000000000000000e+00 0.000000000000000000e+00 0.000000000000000000e+00 0.000000000000000000e+00 0.000000000000000000e+00 0.000000000000000000e+00
0.000000000000000000e+00 0.000000000000000000e+00 0.000000000000000000e+00 0.000000000000000000e+00 0.000000000000000000e+00 0.000000000000000000e+00 0.000000000000000000e+00 0.000000000000000000e+00 0.000000000000000000e+00 0.000000000000000000e+00 0.000000000000000000e+00 0.000000000000000000e+00 0.000000000000000000e+00 0.000000000000000000e+00 0.000000000000000000e+00 0.000000000000000000e+00 0.000000000000000000e+00 0.000000000000000000e+00 0.000000000000000000e+00 0.000000000000000000e+00
0.000000000000000000e+00 0.000000000000000000e+00 0.000000000000000000e+00 0.000000000000000000e+00 0.000000000000000000e+00 0.000000000000000000e+00 0.000000000000000000e+00 0.000000000000000000e+00 0.000000000000000000e+00 0.000000000000000000e+00 0.000000000000000000e+00 0.000000000000000000e+00 0.000000000000000000e+00 0.000000000000000000e+00 0.000000000000000000e+00 0.000000000000000000e+00 0.000000000000000000e+00 0.000000000000000000e+00 0.000000000000000000e+00 0.000000000000000000e+00
0.000000000000000000e+00 0.000000000000000000e+00 0.000000000000000000e+00 0.000000000000000000e+00 0.000000000000000000e+00 0.000000000000000000e+00 0.000000000000000000e+00 0.000000000000000000e+00 0.000000000000000000e+00 0.000000000000000000e+00 0.000000000000000000e+00 0.000000000000000000e+00 0.000000000000000000e+00 0.000000000000000000e+00 0.000000000000000000e+00 0.000000000000000000e+00 0.000000000000000000e+00 0.000000000000000000e+00 0.000000000000000000e+00 0.000000000000000000e+00
