4.511362000000000116e+05 2.126525920000000042e+05 1.040620280000000057e+05 4.391815600000000268e+04 1.543618199999999706e+04 3.632736800000000130e+03 2.936650799999999890e+02 7.068590240000000691e+00 0.000000000000000000e+00 0.000000000000000000e+00
2.126525920000000042e+05 1.401984759999999951e+05 5.718865199999999459e+04 2.411511999999999898e+04 8.472990399999998772e+03 2.030084200000000237e+03 1.666289800000000128e+02 9.218053600000001069e+00 0.000000000000000000e+00 0.000000000000000000e+00
1.040620280000000057e+05 5.718865199999999459e+04 3.783032400000000052e+04 1.196765560000000005e+04 4.371358000000000175e+03 9.958744000000000369e+02 8.649986800000000642e+01 4.637799239999999656e+00 0.000000000000000000e+00 0.000000000000000000e+00
4.391815600000000268e+04 2.411511999999999898e+04 1.196765560000000005e+04 8.374732799999999770e+03 1.866371239999999716e+03 4.489340400000000386e+02 4.197020799999999952e+01 7.652991199999997773e-01 0.000000000000000000e+00 0.000000000000000000e+00
1.543618199999999706e+04 8.472990399999998772e+03 4.371358000000000175e+03 1.866371239999999716e+03 1.593416920000000118e+03 1.686706279999999936e+02 1.574130640000000092e+01 9.904055599999999071e-01 0.000000000000000000e+00 0.000000000000000000e+00
3.632736800000000130e+03 2.030084200000000237e+03 9.958744000000000369e+02 4.489340400000000386e+02 1.686706279999999936e+02 1.892560399999999845e+02 5.135886399999999519e+00 -1.373094200000000153e-01 0.000000000000000000e+00 0.000000000000000000e+00
2.936650799999999890e+02 1.666289800000000128e+02 8.649986800000000642e+01 4.197020799999999952e+01 1.574130640000000092e+01 5.135886399999999519e+00 1.266817840000000217e+01 3.883025999999999839e-02 0.000000000000000000e+00 0.000000000000000000e+00
7.068590240000000691e+00 9.218053600000001069e+00 4.637799239999999656e+00 7.652991199999997773e-01 9.904055599999999071e-01 -1.373094200000000153e-01 3.883025999999999839e-02 5.942277839999999811e-01 0.000000000000000000e+00 0.000000000000000000e+00
0.000000000000000000e+00 0.000000000000000000e+00 0.000000000000000000e+00 0.000000000000000000e+00 0.000000000000000000e+00 0.000000000000000000e+00 0.000000000000000000e+00 0.000000000000000000e+00 0.000000000000000000e+00 0.000000000000000000e+00
0.000000000000000000e+00 0.000000000000000000e+00 0.000000000000000000e+00 0.000000000000000000e+00 0.000000000000000000e+00 0.000000000000000000e+00 0.000000000000000000e+00 0.000000000000000000e+00 0.000000000000000000e+00 0.000000000000000000e+00
