8.673272906452851603e+05 3.055853658427064074e+05 2.557422202925988531e+05 2.036974673712748045e+05 1.160528407849864016e+05 7.365477378611659515e+04 7.309653381213238754e+04 4.250109025258263136e+04 2.475880297344589781e+04 8.004168652133320393e+03 4.681767056911175132e+03 1.760074429906035903e+03 9.437221034582079255e+02 9.096048318018446253e+02 7.658152961582904084e+01 4.145644533240698593e+01 -1.923985124883976638e+01
3.055853658427064074e+05 4.884780250847373973e+05 1.568319789139331260e+05 1.166609211178198457e+05 7.953568577726485091e+04 5.480187156212364062e+04 4.252884351685531874e+04 2.433972476483806167e+04 1.749694985006104253e+04 5.791969397879698590e+03 4.159299733489470782e+03 8.433347222919659316e+02 4.158179943520826782e+02 1.095295567325005379e+02 -5.023310133624452334e+01 8.044318329060889994e+01 2.819506555355044242e+01
2.557422202925988531e+05 1.568319789139331260e+05 3.332786595162833109e+05 1.332889450099543319e+05 6.110572189792535210e+04 4.632851223774651589e+04 3.737721881520473107e+04 2.546342135184643848e+04 1.184164757480046501e+04 4.720666286880037660e+03 3.421019063894399551e+03 5.295798192664530006e+02 1.188136543357261871e+03 2.615152807212355697e+02 4.468401395840240298e+01 -1.076796389647189045e+01 1.480978207480160069e+00
2.036974673712748045e+05 1.166609211178198457e+05 1.332889450099543319e+05 2.421296603077406180e+05 5.103016863937442395e+04 3.314253911958053504e+04 2.819111718875302904e+04 1.846580101437721532e+04 1.155967705854686756e+04 2.394068590612610478e+03 3.499311314733435211e+03 3.636356306950555677e+02 3.162800920570465451e+02 3.399640226272670134e+02 9.972544218638857672e+01 2.768322299196483982e+01 1.218378880869392722e+00
1.160528407849864016e+05 7.953568577726485091e+04 6.110572189792535210e+04 5.103016863937442395e+04 1.165595037459210434e+05 2.401161832685711852e+04 1.815322141637696768e+04 7.647519278827000562e+03 3.271057986550542410e+03 2.814480792374721204e+03 1.176731184302888778e+03 2.106562300708047530e+01 4.184797301780518524e+02 2.289098728424527280e+02 4.146625179894633106e+01 3.397409373244125419e+01 7.568999419687131081e+00
7.365477378611659515e+04 5.480187156212364062e+04 4.632851223774651589e+04 3.314253911958053504e+04 2.401161832685711852e+04 6.480023795743309893e+04 9.107437117415967805e+03 8.973068536564967872e+03 6.184023646615567486e+03 1.487326718867322143e+03 1.383235512308467150e+03 4.230323457311185109e+01 2.966001227278846955e+02 1.176726622017433925e+02 -1.392923715403331286e+01 1.022103951128590005e+01 -5.995047882103501813e+00
7.309653381213238754e+04 4.252884351685531874e+04 3.737721881520473107e+04 2.819111718875302904e+04 1.815322141637696768e+04 9.107437117415967805e+03 4.005700266833368369e+04 4.570542634373243345e+03 4.416588045690918079e+03 1.509249697842499472e+03 5.295685914972596038e+02 2.609392396223168475e+02 1.801443887884192918e+02 1.038539790282009534e+02 1.633940294835791818e+01 7.708815357065314233e-02 2.100664720213959225e+00
4.250109025258263136e+04 2.433972476483806167e+04 2.546342135184643848e+04 1.846580101437721532e+04 7.647519278827000562e+03 8.973068536564967872e+03 4.570542634373243345e+03 2.242691682234443579e+04 2.194231286599735540e+03 5.350241152661062642e+02 3.491311283343027867e+02 2.921819953294232164e+02 1.505797375177909032e+02 3.947014984392371417e+01 7.660901950165067698e-01 1.325832244993247322e+01 1.184212335700415009e-01
2.475880297344589781e+04 1.749694985006104253e+04 1.184164757480046501e+04 1.155967705854686756e+04 3.271057986550542410e+03 6.184023646615567486e+03 4.416588045690918079e+03 2.194231286599735540e+03 1.074530367806442882e+04 4.327696852797064935e+02 2.029922155988732513e+01 -6.307157546379927204e+00 -2.539462092696416562e+01 6.608978093368341433e+01 7.680670527383520074e+00 4.752804412119932209e+00 -2.957498954183184758e-01
8.004168652133320393e+03 5.791969397879698590e+03 4.720666286880037660e+03 2.394068590612610478e+03 2.814480792374721204e+03 1.487326718867322143e+03 1.509249697842499472e+03 5.350241152661062642e+02 4.327696852797064935e+02 4.087133603453562046e+03 1.097991652228113111e+02 1.947010748553874464e+02 2.297524505780807136e+00 1.716705602550301180e+01 -9.836187487367086035e+00 6.271993191775068865e+00 -7.899757373938354199e-01
4.681767056911175132e+03 4.159299733489470782e+03 3.421019063894399551e+03 3.499311314733435211e+03 1.176731184302888778e+03 1.383235512308467150e+03 5.295685914972596038e+02 3.491311283343027867e+02 2.029922155988732513e+01 1.097991652228113111e+02 1.939141824832992143e+03 6.042314758348296522e+01 -1.262693262022761509e+01 1.737620378519056530e+01 7.871949305825236998e+00 2.809970915428913862e+00 -2.145876828969942862e-01
1.760074429906035903e+03 8.433347222919659316e+02 5.295798192664530006e+02 3.636356306950555677e+02 2.106562300708047530e+01 4.230323457311185109e+01 2.609392396223168475e+02 2.921819953294232164e+02 -6.307157546379927204e+00 1.947010748553874464e+02 6.042314758348296522e+01 6.139167882309354809e+02 -2.270089700218506579e+01 1.643719478524788258e+01 -3.450555376730231494e+00 1.718110296445359841e+00 -2.971078898189318251e-01
9.437221034582079255e+02 4.158179943520826782e+02 1.188136543357261871e+03 3.162800920570465451e+02 4.184797301780518524e+02 2.966001227278846955e+02 1.801443887884192918e+02 1.505797375177909032e+02 -2.539462092696416562e+01 2.297524505780807136e+00 -1.262693262022761509e+01 -2.270089700218506579e+01 2.003273241550068064e+02 1.495747457614297060e-01 -1.725464778833678547e+00 -3.835931365314614316e-01 -3.835052102888839576e-01
9.096048318018446253e+02 1.095295567325005379e+02 2.615152807212355697e+02 3.399640226272670134e+02 2.289098728424527280e+02 1.176726622017433925e+02 1.038539790282009534e+02 3.947014984392371417e+01 6.608978093368341433e+01 1.716705602550301180e+01 1.737620378519056530e+01 1.643719478524788258e+01 1.495747457614297060e-01 5.738448778758404956e+01 -1.770077133992290941e+00 8.888282070067472507e-01 -1.179590007168652699e-01
7.658152961582904084e+01 -5.023310133624452334e+01 4.468401395840240298e+01 9.972544218638857672e+01 4.146625179894633106e+01 -1.392923715403331286e+01 1.633940294835791818e+01 7.660901950165067698e-01 7.680670527383520074e+00 -9.836187487367086035e+00 7.871949305825236998e+00 -3.450555376730231494e+00 -1.725464778833678547e+00 -1.770077133992290941e+00 1.667078850861469164e+01 -2.948712813466566884e-02 -2.948036917019428160e-02
4.145644533240698593e+01 8.044318329060889994e+01 -1.076796389647189045e+01 2.768322299196483982e+01 3.397409373244125419e+01 1.022103951128590005e+01 7.708815357065314233e-02 1.325832244993247322e+01 4.752804412119932209e+00 6.271993191775068865e+00 2.809970915428913862e+00 1.718110296445359841e+00 -3.835931365314614316e-01 8.888282070067472507e-01 -2.948712813466566884e-02 1.004365599637215833e+00 -1.965039885538948615e-03
-1.923985124883976638e+01 2.819506555355044242e+01 1.480978207480160069e+00 1.218378880869392722e+00 7.568999419687131081e+00 -5.995047882103501813e+00 2.100664720213959225e+00 1.184212335700415009e-01 -2.957498954183184758e-01 -7.899757373938354199e-01 -2.145876828969942862e-01 -2.971078898189318251e-01 -3.835052102888839576e-01 -1.179590007168652699e-01 -2.948036917019428160e-02 -1.965039885538948615e-03 1.003905216153605284e+00
