1.590295088765532710e+05 3.508516842616992653e+04 2.602286192261843462e+04 1.218021932169113097e+04 5.370468873692625493e+03 3.820452245459882761e+03 1.570172127596374821e+03 1.528705252369660741e+02 1.897109191772302950e+02 6.196267504559998684e+01 4.924456397922984507e+01 1.004769426348492267e+01
3.508516842616992653e+04 8.106823643643943069e+04 1.363384787780994156e+04 8.479967246916812655e+03 4.077435409826537125e+03 2.266795153032928738e+03 1.079654723586919999e+03 7.297872038635645140e+02 1.264972305694454491e+02 -8.500235777176864360e+01 -6.232011257766411916e+01 4.889122151021841334e-01
2.602286192261843462e+04 1.363384787780994156e+04 4.458549747448139533e+04 4.964329285053953754e+03 2.986801644414547354e+03 2.208587344059888892e+03 1.235592384789561265e+03 1.669999590502658862e+02 -9.165046210787228631e+01 1.212338853035191448e+02 -2.079763158131440637e+00 4.199060736966723439e+00
1.218021932169113097e+04 8.479967246916812655e+03 4.964329285053953754e+03 2.044634835444240525e+04 1.351323028386153283e+03 6.609771458058984308e+02 2.354745195330993681e+02 3.101725455938758387e+02 1.203407180988536851e+02 1.645895626315821758e+01 -1.108853391148782208e+01 1.462620255852881002e+01
5.370468873692625493e+03 4.077435409826537125e+03 2.986801644414547354e+03 1.351323028386153283e+03 9.213455123085968808e+03 3.252014912273019718e+02 4.682171633955190373e+02 1.911032522685233346e+02 -1.026316348547494606e+01 -1.311106823803456756e+01 2.102833401952214576e+00 7.917830969994704482e+00
3.820452245459882761e+03 2.266795153032928738e+03 2.208587344059888892e+03 6.609771458058984308e+02 3.252014912273019718e+02 3.903457531390977238e+03 -4.976523163108635828e+01 -3.433633247131893995e+01 -3.787991957841189361e+01 -1.905782055470747749e-01 7.310343979529926983e+00 3.293211972169562962e+00
1.570172127596374821e+03 1.079654723586919999e+03 1.235592384789561265e+03 2.354745195330993681e+02 4.682171633955190373e+02 -4.976523163108635828e+01 1.517666183032496519e+03 2.637159066431777177e+01 2.543098944859742616e+01 -1.991624222628221119e+01 -3.981274761403885698e+00 -7.799594921858824526e-01
1.528705252369660741e+02 7.297872038635645140e+02 1.669999590502658862e+02 3.101725455938758387e+02 1.911032522685233346e+02 -3.433633247131893995e+01 2.637159066431777177e+01 5.011273126344703996e+02 -1.236267711580373252e+01 -3.040686832150184760e+00 -3.196834505824244665e+00 9.490077691720574804e-02
1.897109191772302950e+02 1.264972305694454491e+02 -9.165046210787228631e+01 1.203407180988536851e+02 -1.026316348547494606e+01 -3.787991957841189361e+01 2.543098944859742616e+01 -1.236267711580373252e+01 1.347600020425081482e+02 -2.910886481258232905e+00 -1.229153618340355969e+00 -2.488490900649820425e-01
6.196267504559998684e+01 -8.500235777176864360e+01 1.212338853035191448e+02 1.645895626315821758e+01 -1.311106823803456756e+01 -1.905782055470747749e-01 -1.991624222628221119e+01 -3.040686832150184760e+00 -2.910886481258232905e+00 3.035017611889339051e+01 4.422993878817286784e-01 -6.314922586576164620e-02
4.924456397922984507e+01 -6.232011257766411916e+01 -2.079763158131440637e+00 -1.108853391148782208e+01 2.102833401952214576e+00 7.310343979529926983e+00 -3.981274761403885698e+00 -3.196834505824244665e+00 -1.229153618340355969e+00 4.422993878817286784e-01 8.932584528554530223e+00 -1.774838668805214792e-02
1.004769426348492267e+01 4.889122151021841334e-01 4.199060736966723439e+00 1.462620255852881002e+01 7.917830969994704482e+00 3.293211972169562962e+00 -7.799594921858824526e-01 9.490077691720574804e-02 -2.488490900649820425e-01 -6.314922586576164620e-02 -1.774838668805214792e-02 1.007133415507187157e+00
