4.211288568248507800e+05 1.280838214247299620e+05 8.743604029882798204e+04 4.526922330731993134e+04 3.816121643726441835e+04 2.127511177197900906e+04 1.475351615895788200e+04 5.998893868139322876e+03 2.314561150352835284e+03 -3.840573489543464234e+02 2.632446500916697119e+01 2.041760461942171503e+02 5.864771971798005978e+01
1.280838214247299620e+05 1.983907836906006560e+05 4.826976215087233140e+04 2.729624433061839227e+04 2.190912468229373189e+04 1.334374246904827123e+04 6.766016022451564822e+03 2.373780368517200714e+03 1.399368043544228613e+03 -1.172558435921740170e+02 -7.009884682246971010e+01 1.122627923604476763e+02 4.684983461388822690e+01
8.743604029882798204e+04 4.826976215087233140e+04 1.193487308676997927e+05 2.204929536762397402e+04 1.405399758122217463e+04 1.029999227705182420e+04 3.627411433477555875e+03 1.882186603637883081e+03 7.302518454093648188e+02 1.064728045024562704e+02 1.189231305280310380e+02 -1.630838923187978295e+01 2.718187243825080301e+01
4.526922330731993134e+04 2.729624433061839227e+04 2.204929536762397402e+04 5.816360259317694727e+04 1.132072396749533436e+04 6.066848396026726732e+03 2.682806746911945083e+03 2.252174328141236856e+03 1.634570263658009708e+02 5.222123236869437051e+02 6.471638156335320957e+01 -1.066770491232712992e+01 -2.131995642960883330e+01
3.816121643726441835e+04 2.190912468229373189e+04 1.405399758122217463e+04 1.132072396749533436e+04 3.075542282542571775e+04 4.129298845505647478e+03 2.384327788134627554e+03 9.168041226685961647e+02 1.531551516285954335e+02 -2.023628779834941938e+01 8.100592851266991090e+01 4.322679564870344393e+01 1.813717786765651852e+01
2.127511177197900906e+04 1.334374246904827123e+04 1.029999227705182420e+04 6.066848396026726732e+03 4.129298845505647478e+03 1.498818029911881058e+04 1.067742746210109999e+03 4.916043152199737278e+02 4.161103849013854870e+02 1.547953096044240056e+02 2.788327774860215413e+01 2.498060309120416989e+01 2.822742500886175065e+01
1.475351615895788200e+04 6.766016022451564822e+03 3.627411433477555875e+03 2.682806746911945083e+03 2.384327788134627554e+03 1.067742746210109999e+03 6.051578891268295592e+03 3.872185278062380007e+02 2.865425790714912324e+01 1.522777277236027516e+01 3.616711255564063698e+00 2.104246563881021004e+01 8.003663320164944750e+00
5.998893868139322876e+03 2.373780368517200714e+03 1.882186603637883081e+03 2.252174328141236856e+03 9.168041226685961647e+02 4.916043152199737278e+02 3.872185278062380007e+02 2.526779652262969648e+03 1.105873353370864720e+02 8.413107255326160328e+01 2.809009004671315091e-01 -2.763899555480785697e+00 -2.191560953527025291e+00
2.314561150352835284e+03 1.399368043544228613e+03 7.302518454093648188e+02 1.634570263658009708e+02 1.531551516285954335e+02 4.161103849013854870e+02 2.865425790714912324e+01 1.105873353370864720e+02 1.052660953153616447e+03 3.526419829448506249e+01 -1.054862090152245813e+01 -9.085006548613078214e-02 -1.123276317963011639e+00
-3.840573489543464234e+02 -1.172558435921740170e+02 1.064728045024562704e+02 5.222123236869437051e+02 -2.023628779834941938e+01 1.547953096044240056e+02 1.522777277236027516e+01 8.413107255326160328e+01 3.526419829448506249e+01 3.813911410817071896e+02 9.990829957447713294e-01 -3.256006718808976075e+00 -1.244622451194578261e+00
2.632446500916697119e+01 -7.009884682246971010e+01 1.189231305280310380e+02 6.471638156335320957e+01 8.100592851266991090e+01 2.788327774860215413e+01 3.616711255564063698e+00 2.809009004671315091e-01 -1.054862090152245813e+01 9.990829957447713294e-01 7.765501581748300453e+01 -2.547835425832392087e+00 -8.081642559977785245e-01
2.041760461942171503e+02 1.122627923604476763e+02 -1.630838923187978295e+01 -1.066770491232712992e+01 4.322679564870344393e+01 2.498060309120416989e+01 2.104246563881021004e+01 -2.763899555480785697e+00 -9.085006548613078214e-02 -3.256006718808976075e+00 -2.547835425832392087e+00 2.326421252816200536e+01 -2.166999266572375848e-01
5.864771971798005978e+01 4.684983461388822690e+01 2.718187243825080301e+01 -2.131995642960883330e+01 1.813717786765651852e+01 2.822742500886175065e+01 8.003663320164944750e+00 -2.191560953527025291e+00 -1.123276317963011639e+00 -1.244622451194578261e+00 -8.081642559977785245e-01 -2.166999266572375848e-01 4.991728616527024265e+00
