1.204034959792207927e+06 5.327532401632783003e+05 4.076202136368747451e+05 3.033561982964962372e+05 2.709046809820707422e+05 1.638732755791690433e+05 8.303222705667564878e+04 8.530252084874451975e+04 6.540396750733260706e+04 2.558378151761706613e+04 2.339439013571338728e+04 8.952262615373525477e+03 2.632845462358136956e+03 2.975603862684868545e+03 5.243244220988426605e+02 3.226033558337757654e+02 2.093369751874089388e+02
5.327532401632783003e+05 8.593453137090541422e+05 3.335133930052614305e+05 2.475962961276253336e+05 1.935539992989141319e+05 1.378926073813380208e+05 9.580645614000197384e+04 7.298737988534617762e+04 4.255837952425421827e+04 2.576571819573466200e+04 1.410549413318921506e+04 3.648919368946021677e+03 3.593423251666974465e+03 3.230243484384465773e+03 5.732140727530899085e+02 7.736961740839913659e+01 3.191702211596860366e+02
4.076202136368747451e+05 3.335133930052614305e+05 5.086200816913657472e+05 1.970008517973286216e+05 1.694538628791053197e+05 9.626372415106512199e+04 6.161206920870420436e+04 5.698564560909169086e+04 3.056208972723572515e+04 1.567103846747094212e+04 1.208261173102411522e+04 2.782057687448418164e+03 2.359164305252474605e+03 1.368507907596828318e+03 2.565957594764202554e+02 6.303769012493531676e+01 1.351354311895260594e+02
3.033561982964962372e+05 2.475962961276253336e+05 1.970008517973286216e+05 3.217813723096151371e+05 1.256771877627861541e+05 7.717268335157165711e+04 4.655237929670140147e+04 3.571354712407953775e+04 3.003683455434050484e+04 1.230613262442712585e+04 6.136771164756005419e+03 3.840621993460338672e+03 2.185035579540625349e+03 1.327373845266492253e+03 -3.971837758104202720e+01 -6.647873400429277524e+01 1.184535040184327244e+02
2.709046809820707422e+05 1.935539992989141319e+05 1.694538628791053197e+05 1.256771877627861541e+05 2.389785077750361525e+05 6.211390046763981081e+04 3.881367485473395936e+04 4.031969711063813884e+04 2.457960221894805727e+04 1.206668065087670766e+04 1.044347726484722625e+04 2.513000771108773279e+03 2.652885368829112849e+03 6.936165647417692526e+02 1.230796631351911543e+02 2.033083054796843214e+02 8.200020078271515445e+01
1.638732755791690433e+05 1.378926073813380208e+05 9.626372415106512199e+04 7.717268335157165711e+04 6.211390046763981081e+04 1.331440303525749478e+05 2.936175059026218150e+04 2.244246139557783681e+04 1.039834996093987320e+04 7.497953746565288384e+03 2.236879894136152870e+03 2.206624419400569423e+03 1.299375966070467939e+03 9.942830189328589086e+02 9.969970130599008939e+00 1.163024829103198599e+01 4.796722803232230348e+01
8.303222705667564878e+04 9.580645614000197384e+04 6.161206920870420436e+04 4.655237929670140147e+04 3.881367485473395936e+04 2.936175059026218150e+04 7.366694189691108477e+04 1.664089738063569530e+04 1.004821994543570509e+04 5.652584363981720344e+03 1.818928736926007105e+03 1.317630095594464819e+03 1.524868833348987209e+03 2.349364261850812170e+02 6.566773726778613707e+01 6.251816942810216204e+01 2.710008779015037916e+01
8.530252084874451975e+04 7.298737988534617762e+04 5.698564560909169086e+04 3.571354712407953775e+04 4.031969711063813884e+04 2.244246139557783681e+04 1.664089738063569530e+04 4.827776464075179683e+04 8.846818585580054787e+03 3.987662689391981075e+03 4.225771784712856970e+03 1.223895307079863642e+03 7.790118393682797659e+02 3.180401847316368844e+02 4.817704441588482922e+01 7.002335012372984124e+01 2.263020500234040000e+01
6.540396750733260706e+04 4.255837952425421827e+04 3.056208972723572515e+04 3.003683455434050484e+04 2.457960221894805727e+04 1.039834996093987320e+04 1.004821994543570509e+04 8.846818585580054787e+03 2.466819289252550516e+04 2.559417669730226862e+03 1.896012789947226338e+03 9.951158086223341570e+02 6.224506435808201559e+02 3.415635901041713964e+02 5.877792584111043084e+01 -8.713193101271960117e+00 3.389889804954563601e+01
2.558378151761706613e+04 2.576571819573466200e+04 1.567103846747094212e+04 1.230613262442712585e+04 1.206668065087670766e+04 7.497953746565288384e+03 5.652584363981720344e+03 3.987662689391981075e+03 2.559417669730226862e+03 1.283751799591839699e+04 8.749372310101001915e+01 4.448442503284844634e+02 7.200611415110297742e+01 2.821353866208750674e+02 1.164101485459195118e+02 -3.924880732186834109e+01 5.058169222992064284e+00
2.339439013571338728e+04 1.410549413318921506e+04 1.208261173102411522e+04 6.136771164756005419e+03 1.044347726484722625e+04 2.236879894136152870e+03 1.818928736926007105e+03 4.225771784712856970e+03 1.896012789947226338e+03 8.749372310101001915e+01 6.702737197222391842e+03 3.410237109129532769e+02 1.931670000429420782e+02 2.087899312804900092e+02 -3.715376173817784178e+01 2.156807513305360402e+01 -1.495951126461778358e-01
8.952262615373525477e+03 3.648919368946021677e+03 2.782057687448418164e+03 3.840621993460338672e+03 2.513000771108773279e+03 2.206624419400569423e+03 1.317630095594464819e+03 1.223895307079863642e+03 9.951158086223341570e+02 4.448442503284844634e+02 3.410237109129532769e+02 3.001743518938948910e+03 -7.746007977022655666e+01 2.175686342518363858e+01 -6.945666720770006464e+00 -7.221499904974441053e-01 1.730419391662289996e+01
2.632845462358136956e+03 3.593423251666974465e+03 2.359164305252474605e+03 2.185035579540625349e+03 2.652885368829112849e+03 1.299375966070467939e+03 1.524868833348987209e+03 7.790118393682797659e+02 6.224506435808201559e+02 7.200611415110297742e+01 1.931670000429420782e+02 -7.746007977022655666e+01 1.113626384011970003e+03 4.878392221998677769e+01 -2.874206579111217508e+01 8.374762195151745914e+00 6.402594983715743204e+00
2.975603862684868545e+03 3.230243484384465773e+03 1.368507907596828318e+03 1.327373845266492253e+03 6.936165647417692526e+02 9.942830189328589086e+02 2.349364261850812170e+02 3.180401847316368844e+02 3.415635901041713964e+02 2.821353866208750674e+02 2.087899312804900092e+02 2.175686342518363858e+01 4.878392221998677769e+01 4.886576823785308079e+02 -1.934510751496018699e+01 -3.859471511497055918e+00 -1.022152489201206549e-01
5.243244220988426605e+02 5.732140727530899085e+02 2.565957594764202554e+02 -3.971837758104202720e+01 1.230796631351911543e+02 9.969970130599008939e+00 6.566773726778613707e+01 4.817704441588482922e+01 5.877792584111043084e+01 1.164101485459195118e+02 -3.715376173817784178e+01 -6.945666720770006464e+00 -2.874206579111217508e+01 -1.934510751496018699e+01 1.032977631984570479e+02 -3.596882120748953748e-01 -7.624504901511539590e-01
3.226033558337757654e+02 7.736961740839913659e+01 6.303769012493531676e+01 -6.647873400429277524e+01 2.033083054796843214e+02 1.163024829103198599e+01 6.251816942810216204e+01 7.002335012372984124e+01 -8.713193101271960117e+00 -3.924880732186834109e+01 2.156807513305360402e+01 -7.221499904974441053e-01 8.374762195151745914e+00 -3.859471511497055918e+00 -3.596882120748953748e-01 2.210094654101452605e+01 -1.807452168993037567e-01
2.093369751874089388e+02 3.191702211596860366e+02 1.351354311895260594e+02 1.184535040184327244e+02 8.200020078271515445e+01 4.796722803232230348e+01 2.710008779015037916e+01 2.263020500234040000e+01 3.389889804954563601e+01 5.058169222992064284e+00 -1.495951126461778358e-01 1.730419391662289996e+01 6.402594983715743204e+00 -1.022152489201206549e-01 -7.624504901511539590e-01 -1.807452168993037567e-01 3.991236812180160687e+00
