6.924556797383577796e+05 2.461811921245531121e+05 1.678817283591426094e+05 1.084289455054507562e+05 7.283437788089446258e+04 7.257033000871910190e+04 3.927932172163191717e+04 2.381580179005238824e+04 1.030799685596643758e+04 6.259741514874254790e+03 1.245708101012803354e+03 3.153577068816866813e+02 5.664417472925198638e+01 1.646286345113915957e+02 -1.299724823185885825e+01
2.461811921245531121e+05 4.254861034108648892e+05 1.314680138603326050e+05 8.473707419563902658e+04 5.943767090848078806e+04 4.447898416754351638e+04 2.723624282750665225e+04 2.063901584409274074e+04 5.017361140844120200e+03 2.315275595208927371e+03 -1.641625210807428914e+02 9.459366592589596223e+01 1.959326390775853213e+02 5.080407132595828301e+01 4.035434595668182567e+01
1.678817283591426094e+05 1.314680138603326050e+05 2.765636005795742967e+05 7.568493118001888797e+04 4.489498235460070282e+04 3.185986784194108259e+04 2.014801863964887161e+04 1.460742147595983806e+04 5.039465190085727954e+03 3.269402213324579407e+03 -3.076262391835998642e+02 1.475817769555221446e+02 3.663917595153999969e+02 5.942461724808082124e+01 -1.632076667570238726e+01
1.084289455054507562e+05 8.473707419563902658e+04 7.568493118001888797e+04 1.438011057146492531e+05 2.260629435194316829e+04 2.861156030531112265e+04 1.170598210133252542e+04 5.138721384241551277e+03 5.413917262225877494e+03 2.004564059751804280e+03 5.848639621202620447e+02 -3.842036225395273163e+01 2.753469915751491044e+02 -3.880768264427096170e+01 1.231441955396337029e+01
7.283437788089446258e+04 5.943767090848078806e+04 4.489498235460070282e+04 2.260629435194316829e+04 8.010205031805582985e+04 1.306146421081575136e+04 9.381788530978148628e+03 6.245095355067492164e+03 1.194662556860582981e+03 2.603339679643774502e+02 5.665405708845484156e+01 2.367002525702201865e+02 1.512551388710473930e+02 4.892143085437329830e+01 -1.969305426634109901e+00
7.257033000871910190e+04 4.447898416754351638e+04 3.185986784194108259e+04 2.861156030531112265e+04 1.306146421081575136e+04 4.716569415951875999e+04 8.175159762562510878e+03 5.602465546592674400e+03 3.135397142236562104e+03 1.033837966931252822e+03 3.620060694759749254e+01 4.857400548187499112e+01 2.306716665791715570e+01 3.369033133312112938e+01 3.052247848735895719e+00
3.927932172163191717e+04 2.723624282750665225e+04 2.014801863964887161e+04 1.170598210133252542e+04 9.381788530978148628e+03 8.175159762562510878e+03 2.266592125385102554e+04 1.986517276483277328e+03 1.130941123247607493e+03 3.917093260038752192e+02 3.571424849175370468e+02 1.135933006877627065e+02 7.604741628107933415e+00 3.528804585575737462e+01 -1.019810666915835107e+00
2.381580179005238824e+04 2.063901584409274074e+04 1.460742147595983806e+04 5.138721384241551277e+03 6.245095355067492164e+03 5.602465546592674400e+03 1.986517276483277328e+03 1.324873316017408797e+04 1.325248253140068755e+03 1.640426341901040814e+02 -1.549881802196803164e+02 -1.752993450330852809e+01 3.598025852668351732e+00 1.269000449267109865e+01 1.837692229195231564e+00
1.030799685596643758e+04 5.017361140844120200e+03 5.039465190085727954e+03 5.413917262225877494e+03 1.194662556860582981e+03 3.135397142236562104e+03 1.130941123247607493e+03 1.325248253140068755e+03 4.892992183659985130e+03 -1.494325226000308078e+02 -2.568584557352628650e+01 6.919522950191092647e+00 2.053582358624212034e+01 1.153071661201347808e+01 -1.837792428135233358e+00
6.259741514874254790e+03 2.315275595208927371e+03 3.269402213324579407e+03 2.004564059751804280e+03 2.603339679643774502e+02 1.033837966931252822e+03 3.917093260038752192e+02 1.640426341901040814e+02 -1.494325226000308078e+02 2.136512476907228120e+03 7.628570262188073059e+01 3.322669793740384847e+00 1.875535711454519916e+00 -6.980797783605488860e+00 -1.747580559595920846e+00
1.245708101012803354e+03 -1.641625210807428914e+02 -3.076262391835998642e+02 5.848639621202620447e+02 5.665405708845484156e+01 3.620060694759749254e+01 3.571424849175370468e+02 -1.549881802196803164e+02 -2.568584557352628650e+01 7.628570262188073059e+01 7.760039688137142093e+02 1.443339349122605775e+01 1.331122890294039429e+01 6.186158648606462362e-01 1.571190161409794728e+00
3.153577068816866813e+02 9.459366592589596223e+01 1.475817769555221446e+02 -3.842036225395273163e+01 2.367002525702201865e+02 4.857400548187499112e+01 1.135933006877627065e+02 -1.752993450330852809e+01 6.919522950191092647e+00 3.322669793740384847e+00 1.443339349122605775e+01 2.116051015883111006e+02 -5.066284817491222725e+00 1.961156653524849025e+00 -4.801503255560357064e-01
5.664417472925198638e+01 1.959326390775853213e+02 3.663917595153999969e+02 2.753469915751491044e+02 1.512551388710473930e+02 2.306716665791715570e+01 7.604741628107933415e+00 3.598025852668351732e+00 2.053582358624212034e+01 1.875535711454519916e+00 1.331122890294039429e+01 -5.066284817491222725e+00 5.972585301758336129e+01 -1.348165606388552096e+00 -1.239160826086928013e-01
1.646286345113915957e+02 5.080407132595828301e+01 5.942461724808082124e+01 -3.880768264427096170e+01 4.892143085437329830e+01 3.369033133312112938e+01 3.528804585575737462e+01 1.269000449267109865e+01 1.153071661201347808e+01 -6.980797783605488860e+00 6.186158648606462362e-01 1.961156653524849025e+00 -1.348165606388552096e+00 1.842839456895447370e+01 -3.735726189980906331e-02
-1.299724823185885825e+01 4.035434595668182567e+01 -1.632076667570238726e+01 1.231441955396337029e+01 -1.969305426634109901e+00 3.052247848735895719e+00 -1.019810666915835107e+00 1.837692229195231564e+00 -1.837792428135233358e+00 -1.747580559595920846e+00 1.571190161409794728e+00 -4.801503255560357064e-01 -1.239160826086928013e-01 -3.735726189980906331e-02 1.004099591427683347e+00
