1.416069720295337494e+06 6.157162880527956877e+05 5.303754021672174567e+05 4.194693633558066795e+05 3.122161556362076080e+05 2.408306317108437943e+05 1.472125993565917597e+05 1.088207457441490405e+05 9.803563005372395855e+04 6.598185710197979643e+04 3.937258732734453224e+04 2.052665614772999470e+04 1.382139408565267695e+04 3.128667381371127703e+03 3.968339771296668459e+03 5.545063100462319881e+02 -2.616719700403008986e+01 2.986206204456068463e+02
6.157162880527956877e+05 9.651318219242730411e+05 4.401139699215231230e+05 3.327243169931927696e+05 2.428657479859633022e+05 1.973383938608100580e+05 1.203627220055493526e+05 9.967767487108717614e+04 8.266740237351570977e+04 5.089885334175900789e+04 3.271040519056893754e+04 1.837001911157994255e+04 9.947137837788961406e+03 2.758744976441577364e+03 2.341575454648643245e+03 2.793008244716829154e+02 -1.510136270878581968e+02 1.013445424642585806e+02
5.303754021672174567e+05 4.401139699215231230e+05 6.881812362444307655e+05 2.719738727824315429e+05 2.124933037349793885e+05 1.522693662261963182e+05 1.035632276298836368e+05 7.867411514731614443e+04 6.533803497293694818e+04 3.575238346039853059e+04 2.414719087706016217e+04 1.335297734100909838e+04 7.400529108609557625e+03 1.792109677273398802e+03 1.501074771841978190e+03 3.424862718678171518e+02 8.454208620040861888e+01 1.964119417421646290e+02
4.194693633558066795e+05 3.327243169931927696e+05 2.719738727824315429e+05 4.498744704927563434e+05 1.800313998997917515e+05 1.199298612866855401e+05 8.120099528401524003e+04 6.326704007500411535e+04 4.787549471413769788e+04 3.277836280848132446e+04 2.011357460079241355e+04 1.033741639323602794e+04 5.202481184745490282e+03 1.200003286956952252e+03 8.657463317503586495e+02 5.203273252672806848e+02 7.620063443734331088e+01 1.745034232640441871e+02
3.122161556362076080e+05 2.428657479859633022e+05 2.124933037349793885e+05 1.800313998997917515e+05 3.105545327945656609e+05 9.699502971964378958e+04 6.830980188352619007e+04 4.922456627790813945e+04 3.450715531834631838e+04 2.524090124036748966e+04 1.676837331063101374e+04 8.684969272587944943e+03 5.497374863998858928e+03 2.005984602285253004e+03 1.476514662592571312e+03 -1.850424669325427658e+02 -1.409773183488695025e+01 2.017810866493685182e+02
2.408306317108437943e+05 1.973383938608100580e+05 1.522693662261963182e+05 1.199298612866855401e+05 9.699502971964378958e+04 1.987386227344869985e+05 4.848182309150024957e+04 3.767305202166595700e+04 3.137285873809713667e+04 2.476184118203185062e+04 1.120062314096528462e+04 7.835778369855060191e+03 3.695240616647962725e+03 9.727904603061218722e+02 9.060946581854408350e+02 2.462498825601264514e+02 -8.461583236768758809e+01 4.374231549074092129e+01
1.472125993565917597e+05 1.203627220055493526e+05 1.035632276298836368e+05 8.120099528401524003e+04 6.830980188352619007e+04 4.848182309150024957e+04 1.134188703976799006e+05 2.650884808730781151e+04 1.946506361955131069e+04 1.552073599104917957e+04 6.999176730796013544e+03 4.072540266331401199e+03 1.826581479590022127e+03 4.312142039047630533e+02 5.207561644441946100e+02 2.425499729043180821e+02 -8.929076031156293336e-01 5.870268212786851336e+01
1.088207457441490405e+05 9.967767487108717614e+04 7.867411514731614443e+04 6.326704007500411535e+04 4.922456627790813945e+04 3.767305202166595700e+04 2.650884808730781151e+04 6.477686484697664127e+04 1.504057059400281287e+04 8.685019893412374586e+03 4.589935146037185405e+03 2.557247538503048872e+03 2.695988286665826763e+03 7.102940745902450317e+02 3.851438756654676467e+02 2.031322450000851347e+02 -4.599469832920554779e+01 3.554083826500198029e+01
9.803563005372395855e+04 8.266740237351570977e+04 6.533803497293694818e+04 4.787549471413769788e+04 3.450715531834631838e+04 3.137285873809713667e+04 1.946506361955131069e+04 1.504057059400281287e+04 4.440536410221736878e+04 7.739408624097593020e+03 4.715914638850823394e+03 2.905019123692579342e+03 1.188138761268837243e+03 5.060436507084818913e+02 4.505096550448727726e+02 1.427370626652688372e+02 -5.536198738268780062e+01 3.900511756104915406e+01
6.598185710197979643e+04 5.089885334175900789e+04 3.575238346039853059e+04 3.277836280848132446e+04 2.524090124036748966e+04 2.476184118203185062e+04 1.552073599104917957e+04 8.685019893412374586e+03 7.739408624097593020e+03 2.625772005907832499e+04 2.955175898799422612e+03 1.453450442387232897e+03 1.305974001054564951e+03 6.390123491300666956e+02 1.613252397315536655e+02 6.551893278500007511e+01 -3.715874032256028414e+01 2.203859328928175643e+01
3.937258732734453224e+04 3.271040519056893754e+04 2.414719087706016217e+04 2.011357460079241355e+04 1.676837331063101374e+04 1.120062314096528462e+04 6.999176730796013544e+03 4.589935146037185405e+03 4.715914638850823394e+03 2.955175898799422612e+03 1.259699500503360468e+04 1.495959855449380257e+03 1.939097848124773407e+02 2.301070273445286887e+02 1.602128900841150028e+02 -1.081092717072218967e+01 -1.034437913448760149e+01 2.326775849580355882e+01
2.052665614772999470e+04 1.837001911157994255e+04 1.335297734100909838e+04 1.033741639323602794e+04 8.684969272587944943e+03 7.835778369855060191e+03 4.072540266331401199e+03 2.557247538503048872e+03 2.905019123692579342e+03 1.453450442387232897e+03 1.495959855449380257e+03 5.842563430930710638e+03 4.986695095580849966e+02 1.670743139782869946e+02 4.400953384460258633e+01 -4.594313654640843225e+01 -7.144289736595373697e+00 1.063630923916939786e+01
1.382139408565267695e+04 9.947137837788961406e+03 7.400529108609557625e+03 5.202481184745490282e+03 5.497374863998858928e+03 3.695240616647962725e+03 1.826581479590022127e+03 2.695988286665826763e+03 1.188138761268837243e+03 1.305974001054564951e+03 1.939097848124773407e+02 4.986695095580849966e+02 2.932601335982890305e+03 1.565063717103766692e+02 1.142403885393668617e+02 2.568327904932666783e+01 1.085333057555038838e+00 1.009694572654472644e+01
3.128667381371127703e+03 2.758744976441577364e+03 1.792109677273398802e+03 1.200003286956952252e+03 2.005984602285253004e+03 9.727904603061218722e+02 4.312142039047630533e+02 7.102940745902450317e+02 5.060436507084818913e+02 6.390123491300666956e+02 2.301070273445286887e+02 1.670743139782869946e+02 1.565063717103766692e+02 1.070315932901134374e+03 2.594547859771229525e+01 -1.061561906776081338e-01 7.492402807784181995e+00 1.587890827871461186e+00
3.968339771296668459e+03 2.341575454648643245e+03 1.501074771841978190e+03 8.657463317503586495e+02 1.476514662592571312e+03 9.060946581854408350e+02 5.207561644441946100e+02 3.851438756654676467e+02 4.505096550448727726e+02 1.613252397315536655e+02 1.602128900841150028e+02 4.400953384460258633e+01 1.142403885393668617e+02 2.594547859771229525e+01 3.602463471270064019e+02 -1.024696128446561438e+01 -1.343992453502300233e+00 -7.387025985137672945e-01
5.545063100462319881e+02 2.793008244716829154e+02 3.424862718678171518e+02 5.203273252672806848e+02 -1.850424669325427658e+02 2.462498825601264514e+02 2.425499729043180821e+02 2.031322450000851347e+02 1.427370626652688372e+02 6.551893278500007511e+01 -1.081092717072218967e+01 -4.594313654640843225e+01 2.568327904932666783e+01 -1.061561906776081338e-01 -1.024696128446561438e+01 1.337886998605136739e+02 -7.857782329577170377e-02 -1.037086494545679471e+00
-2.616719700403008986e+01 -1.510136270878581968e+02 8.454208620040861888e+01 7.620063443734331088e+01 -1.409773183488695025e+01 -8.461583236768758809e+01 -8.929076031156293336e-01 -4.599469832920554779e+01 -5.536198738268780062e+01 -3.715874032256028414e+01 -1.034437913448760149e+01 -7.144289736595373697e+00 1.085333057555038838e+00 7.492402807784181995e+00 -1.343992453502300233e+00 -7.857782329577170377e-02 1.932643547875206735e+01 -3.142083331073444730e-01
2.986206204456068463e+02 1.013445424642585806e+02 1.964119417421646290e+02 1.745034232640441871e+02 2.017810866493685182e+02 4.374231549074092129e+01 5.870268212786851336e+01 3.554083826500198029e+01 3.900511756104915406e+01 2.203859328928175643e+01 2.326775849580355882e+01 1.063630923916939786e+01 1.009694572654472644e+01 1.587890827871461186e+00 -7.387025985137672945e-01 -1.037086494545679471e+00 -3.142083331073444730e-01 7.916975352943330435e+00
