1.080490216072891373e+06 4.121656564135024091e+05 3.475024697953988798e+05 2.661967845371826552e+05 1.911889627246538585e+05 1.387689968529570033e+05 9.191060549650994653e+04 7.841194598194347054e+04 3.786012295367436309e+04 1.564326415354209712e+04 9.383880889335021493e+03 8.660011573426769246e+03 2.286276623282751643e+03 1.009538835508522766e+03 4.574060407787524696e+02 1.574822870194462894e+02 -2.673314391100753440e+01 -1.027352494044911602e+01
4.121656564135024091e+05 6.942259777341693407e+05 2.477680309837030363e+05 2.015279315786583466e+05 1.435380183325867401e+05 9.744218602751656726e+04 7.216371297023867373e+04 5.759433607160911197e+04 2.725593384051764588e+04 1.506822861421443849e+04 9.251556375729836873e+03 5.915959108828239550e+03 1.398874272823596357e+03 1.492783105489774016e+03 5.944583143072666189e+02 5.036312130185005742e+01 -4.731688934153641668e+01 -1.249452807986938474e+01
3.475024697953988798e+05 2.477680309837030363e+05 4.429565493223493686e+05 1.494682808265545755e+05 9.846596741368090443e+04 6.354110135952040582e+04 4.297677680479973787e+04 4.130005312085579499e+04 2.109073039075741326e+04 9.438314721114295025e+03 5.095326355518670425e+03 4.011102929831782603e+03 1.446000583247639952e+03 9.019701922462929815e+02 7.068220873541713445e+01 6.905959682717070791e+01 2.524824998718248636e+01 1.912081731691739606e+01
2.661967845371826552e+05 2.015279315786583466e+05 1.494682808265545755e+05 2.869965576306661242e+05 8.080164631092548370e+04 4.876601667897190782e+04 3.842531075217864418e+04 3.589419658640721173e+04 1.483334412783545667e+04 9.181657824186118887e+03 5.902552885801464072e+03 3.229825222515145924e+03 6.446407744487680702e+02 7.026081905404302006e+02 3.900484991379835833e+02 -3.542441187269141523e+01 1.935681549945893920e+01 5.108878607414882644e+00
1.911889627246538585e+05 1.435380183325867401e+05 9.846596741368090443e+04 8.080164631092548370e+04 1.866204006162622245e+05 4.942447445285972935e+04 2.952718435885129657e+04 2.252777417550106475e+04 1.164323717383660914e+04 5.205525546779643264e+03 3.590982211555779486e+03 1.592962192707494978e+03 6.246767610832355331e+02 2.348646092298947679e+02 2.610602875697350100e+02 5.347612935035153470e+01 9.775870188008016770e-01 1.417286877020384317e+01
1.387689968529570033e+05 9.744218602751656726e+04 6.354110135952040582e+04 4.876601667897190782e+04 4.942447445285972935e+04 1.065709884924745857e+05 2.099050355306069105e+04 1.139034250065381639e+04 5.809866218767325336e+03 3.675621431372667757e+03 1.482787454119365520e+03 1.842700338685070619e+03 6.997597994601457572e+01 2.304757796449934233e+02 1.986117565817088462e+02 5.127101780042232093e+01 4.682764813440506657e+00 1.683918732762715464e+01
9.191060549650994653e+04 7.216371297023867373e+04 4.297677680479973787e+04 3.842531075217864418e+04 2.952718435885129657e+04 2.099050355306069105e+04 5.501991911607434304e+04 1.217403767389268432e+04 5.496750739553005587e+03 4.932565992790566270e+03 2.963789012197754346e+03 1.233920987307917358e+03 2.799500775943910753e+02 1.007907512167283102e+02 1.761704866521431256e+02 -2.589055158673259083e-01 -9.696947215435361755e+00 -1.272949184085111440e+01
7.841194598194347054e+04 5.759433607160911197e+04 4.130005312085579499e+04 3.589419658640721173e+04 2.252777417550106475e+04 1.139034250065381639e+04 1.217403767389268432e+04 3.512075388597647543e+04 4.059566137122300461e+03 2.181518167680319948e+03 2.727571368561845588e+02 8.519847686489491707e+02 3.455788041882611878e+02 2.681173874945982902e+02 2.990710443626709747e+01 -2.888411279312603241e+01 -9.159804285414672620e+00 -4.106299935216728869e+00
3.786012295367436309e+04 2.725593384051764588e+04 2.109073039075741326e+04 1.483334412783545667e+04 1.164323717383660914e+04 5.809866218767325336e+03 5.496750739553005587e+03 4.059566137122300461e+03 1.880856335976142873e+04 1.879115007000064679e+03 9.896679841230412649e+02 2.630227351914307405e+02 2.187006138296743813e+02 1.357443734526031065e+01 4.800903454690723748e+01 7.769204234336945625e+00 -4.408603913530029672e+00 -6.426149794417420402e+00
1.564326415354209712e+04 1.506822861421443849e+04 9.438314721114295025e+03 9.181657824186118887e+03 5.205525546779643264e+03 3.675621431372667757e+03 4.932565992790566270e+03 2.181518167680319948e+03 1.879115007000064679e+03 7.939527946644311669e+03 3.899506930573824093e+02 4.039275943421341708e+02 3.612516441944549683e+01 -3.592645122267353486e+01 4.890310006950940647e+01 -4.716737169980135924e+00 -5.240203267742744586e-01 2.501348362256339719e+00
9.383880889335021493e+03 9.251556375729836873e+03 5.095326355518670425e+03 5.902552885801464072e+03 3.590982211555779486e+03 1.482787454119365520e+03 2.963789012197754346e+03 2.727571368561845588e+02 9.896679841230412649e+02 3.899506930573824093e+02 3.660271876053217511e+03 1.704620800693302840e+02 1.642448042068042469e+01 -4.498015370266889335e+01 3.525717665497336384e+01 -2.193355800396799893e+00 9.882722027056077829e-01 -1.027418373510322613e+00
8.660011573426769246e+03 5.915959108828239550e+03 4.011102929831782603e+03 3.229825222515145924e+03 1.592962192707494978e+03 1.842700338685070619e+03 1.233920987307917358e+03 8.519847686489491707e+02 2.630227351914307405e+02 4.039275943421341708e+02 1.704620800693302840e+02 1.600367521235369850e+03 4.253686766500316452e+01 8.190762884183355741e-01 6.605747585290106194e+00 1.786749992023081823e+00 8.657242504953074902e-02 -1.927777665387478079e+00
2.286276623282751643e+03 1.398874272823596357e+03 1.446000583247639952e+03 6.446407744487680702e+02 6.246767610832355331e+02 6.997597994601457572e+01 2.799500775943910753e+02 3.455788041882611878e+02 2.187006138296743813e+02 3.612516441944549683e+01 1.642448042068042469e+01 4.253686766500316452e+01 5.769142322615114153e+02 -4.329713924527989199e+00 2.185846094282437146e+00 2.366187011758897452e+00 -1.079704097450949529e+00 9.339636565287355863e-01
1.009538835508522766e+03 1.492783105489774016e+03 9.019701922462929815e+02 7.026081905404302006e+02 2.348646092298947679e+02 2.304757796449934233e+02 1.007907512167283102e+02 2.681173874945982902e+02 1.357443734526031065e+01 -3.592645122267353486e+01 -4.498015370266889335e+01 8.190762884183355741e-01 -4.329713924527989199e+00 1.852115234089132230e+02 -7.095955537544812231e+00 1.777422628836290208e+00 -3.617337776208650602e-01 -3.616537943106953312e-01
4.574060407787524696e+02 5.944583143072666189e+02 7.068220873541713445e+01 3.900484991379835833e+02 2.610602875697350100e+02 1.986117565817088462e+02 1.761704866521431256e+02 2.990710443626709747e+01 4.800903454690723748e+01 4.890310006950940647e+01 3.525717665497336384e+01 6.605747585290106194e+00 2.185846094282437146e+00 -7.095955537544812231e+00 5.789678026525400156e+01 6.879538704714953379e-02 -1.041636308755735513e-01 -1.041405991530412328e-01
1.574822870194462894e+02 5.036312130185005742e+01 6.905959682717070791e+01 -3.542441187269141523e+01 5.347612935035153470e+01 5.127101780042232093e+01 -2.589055158673259083e-01 -2.888411279312603241e+01 7.769204234336945625e+00 -4.716737169980135924e+00 -2.193355800396799893e+00 1.786749992023081823e+00 2.366187011758897452e+00 1.777422628836290208e+00 6.879538704714953379e-02 8.895690947045995500e+00 -1.768319220672855477e-02 -1.767928225876527065e-02
-2.673314391100753440e+01 -4.731688934153641668e+01 2.524824998718248636e+01 1.935681549945893920e+01 9.775870188008016770e-01 4.682764813440506657e+00 -9.696947215435361755e+00 -9.159804285414672620e+00 -4.408603913530029672e+00 -5.240203267742744586e-01 9.882722027056077829e-01 8.657242504953074902e-02 -1.079704097450949529e+00 -3.617337776208650602e-01 -1.041636308755735513e-01 -1.768319220672855477e-02 1.003894383425109949e+00 -1.964133877404878204e-03
-1.027352494044911602e+01 -1.249452807986938474e+01 1.912081731691739606e+01 5.108878607414882644e+00 1.417286877020384317e+01 1.683918732762715464e+01 -1.272949184085111440e+01 -4.106299935216728869e+00 -6.426149794417420402e+00 2.501348362256339719e+00 -1.027418373510322613e+00 -1.927777665387478079e+00 9.339636565287355863e-01 -3.616537943106953312e-01 -1.041405991530412328e-01 -1.767928225876527065e-02 -1.964133877404878204e-03 1.003450488363141213e+00
