3.405343541475607781e+05 8.625452987212747394e+04 5.155656965275982657e+04 4.377146521242499875e+04 2.293473240178240667e+04 1.764567746584127963e+04 5.502659031832276924e+03 5.627870327370319501e+03 1.330369334525068325e+03 3.277049187403922588e+02 2.976953156372212561e+02 -2.788350677412138978e+01 -3.012857036209438633e+01
8.625452987212747394e+04 1.862230323348930106e+05 3.569505645242087485e+04 2.196406027308585180e+04 1.331913345772350840e+04 7.025221488100630268e+03 3.933056686726934458e+03 3.709182218235060191e+03 2.604398319302536606e+02 4.502649630605182551e+02 -1.352122287394520583e+02 7.511309127621311177e+01 1.886790400702946968e+01
5.155656965275982657e+04 3.569505645242087485e+04 8.950922406821824552e+04 1.426328296344941919e+04 9.942961079354336107e+03 5.469872864551761268e+03 2.738835908503034261e+03 2.447070849409390121e+03 2.893254544726357267e+02 4.705455217905147265e+02 -6.665875425941290189e+01 2.974220408093810875e+01 2.440546778884171886e+01
4.377146521242499875e+04 2.196406027308585180e+04 1.426328296344941919e+04 5.233770870354319050e+04 4.678261079796538070e+03 3.905230975642481553e+03 1.214169782463127376e+03 1.646105636277805388e+03 6.327263430718405743e+02 8.683521487465296218e+01 5.658781408338280983e+01 -9.906930121600293404e+00 3.983639177685128985e+00
2.293473240178240667e+04 1.331913345772350840e+04 9.942961079354336107e+03 4.678261079796538070e+03 2.518838337520613641e+04 1.704130394384615784e+03 1.151847636727475901e+03 5.028675649160362582e+02 1.607862541951649504e+01 8.941620287046553983e+01 3.907928624934506701e+01 -1.048781817311779108e+01 2.067010010831462807e+01
1.764567746584127963e+04 7.025221488100630268e+03 5.469872864551761268e+03 3.905230975642481553e+03 1.704130394384615784e+03 1.108947596101797899e+04 8.536697208805969694e+02 4.438681085721743216e+02 2.160553557523327299e+02 4.793850007829765758e+01 3.394331470546366347e+01 4.472692526309740124e+00 8.167612583937103210e+00
5.502659031832276924e+03 3.933056686726934458e+03 2.738835908503034261e+03 1.214169782463127376e+03 1.151847636727475901e+03 8.536697208805969694e+02 5.384334419357204752e+03 2.244567735082848685e+02 3.407756112502348778e+00 -2.296964668976502821e+01 -8.840955826242069548e+00 2.527402309592144647e+01 -5.199170485576408929e+00
5.627870327370319501e+03 3.709182218235060191e+03 2.447070849409390121e+03 1.646105636277805388e+03 5.028675649160362582e+02 4.438681085721743216e+02 2.244567735082848685e+02 2.250563397935399280e+03 -1.879256696754362466e+01 4.249722417493300952e+01 -4.114300513453155173e-01 -1.081820565043546800e+01 3.200968147052246415e+00
1.330369334525068325e+03 2.604398319302536606e+02 2.893254544726357267e+02 6.327263430718405743e+02 1.607862541951649504e+01 2.160553557523327299e+02 3.407756112502348778e+00 -1.879256696754362466e+01 7.644133304885004918e+02 2.319261144979293832e+01 -1.244106447705672558e+01 -2.686013549994661798e+00 1.697559227851248298e-01
3.277049187403922588e+02 4.502649630605182551e+02 4.705455217905147265e+02 8.683521487465296218e+01 8.941620287046553983e+01 4.793850007829765758e+01 -2.296964668976502821e+01 4.249722417493300952e+01 2.319261144979293832e+01 2.707595179687120321e+02 4.264539150814802282e-01 -1.610219133082411158e+00 5.127732553323161024e-02
2.976953156372212561e+02 -1.352122287394520583e+02 -6.665875425941290189e+01 5.658781408338280983e+01 3.907928624934506701e+01 3.394331470546366347e+01 -8.840955826242069548e+00 -4.114300513453155173e-01 -1.244106447705672558e+01 4.264539150814802282e-01 5.846332012336975481e+01 -1.766879733104729011e+00 -2.207365222698360607e-01
-2.788350677412138978e+01 7.511309127621311177e+01 2.974220408093810875e+01 -9.906930121600293404e+00 -1.048781817311779108e+01 4.472692526309740124e+00 2.527402309592144647e+01 -1.081820565043546800e+01 -2.686013549994661798e+00 -1.610219133082411158e+00 -1.766879733104729011e+00 1.765970556900946065e+01 -6.303512536132448163e-02
-3.012857036209438633e+01 1.886790400702946968e+01 2.440546778884171886e+01 3.983639177685128985e+00 2.067010010831462807e+01 8.167612583937103210e+00 -5.199170485576408929e+00 3.200968147052246415e+00 1.697559227851248298e-01 5.127732553323161024e-02 -2.207365222698360607e-01 -6.303512536132448163e-02 2.008121601919283794e+00
