7.551382878906917758e+05 3.135846052790965769e+05 2.154204613855373755e+05 1.385048260084284702e+05 9.362926364173185721e+04 6.216621015170255123e+04 3.506097033445956185e+04 2.406319570916131488e+04 1.409002671861682575e+04 6.031183707821642201e+03 2.620419189861273139e+02 2.827492975242682292e+02 3.406360468341158025e+02 2.328590289216728593e+02 -3.507653946074323681e+00
3.135846052790965769e+05 4.919300123085078085e+05 1.695419776221546635e+05 1.163938324185476813e+05 6.838748287081552553e+04 5.104786862509001367e+04 3.415041796617547516e+04 2.049804651391215157e+04 7.273983617288932692e+03 5.134054667219499606e+03 2.880696822266720119e+03 5.012065567801196408e+01 6.799378627945436904e+01 1.715532376714593852e+02 8.085679479344502596e+00
2.154204613855373755e+05 1.695419776221546635e+05 2.471655447652266885e+05 7.531441407441276533e+04 4.705624901995242544e+04 3.617078617973582732e+04 2.216236428419333970e+04 1.241139655045311156e+04 5.053563650492590568e+03 2.387150219627854767e+03 5.427475073874373948e+02 1.989556604892682685e+02 1.354326694657136443e+02 1.597506203956969273e+02 3.506179518596676647e+00
1.385048260084284702e+05 1.163938324185476813e+05 7.531441407441276533e+04 1.446601045391360822e+05 3.520475240191965713e+04 2.201333600016039418e+04 1.588934075887074323e+04 8.235497988826153232e+03 4.191121104872488104e+03 2.160427086068953486e+03 1.027980211872876907e+03 5.093443826353976789e+01 5.463680921622113118e+01 1.178890661108895159e+02 -8.623203376789673413e+00
9.362926364173185721e+04 6.838748287081552553e+04 4.705624901995242544e+04 3.520475240191965713e+04 8.672979040148221247e+04 1.859821174079285265e+04 9.071557806998562228e+03 6.003630307646132678e+03 2.643552251666792927e+03 1.238601240048466934e+03 6.054713882119273194e+02 3.349281846960025177e+02 1.139750295564149951e+02 -5.105964931857339906e+01 -3.904754045451191313e+00
6.216621015170255123e+04 5.104786862509001367e+04 3.617078617973582732e+04 2.201333600016039418e+04 1.859821174079285265e+04 4.837843813086296723e+04 8.049093810095596382e+03 5.486837564286793167e+03 1.706561100845232431e+03 9.078616111207395534e+02 3.637698783071152775e+02 1.048613360393068206e+02 1.593198954225851161e+01 1.015138711151164301e+02 -7.473897762251326071e+00
3.506097033445956185e+04 3.415041796617547516e+04 2.216236428419333970e+04 1.588934075887074323e+04 9.071557806998562228e+03 8.049093810095596382e+03 2.566743156326292228e+04 3.384187652177339260e+03 1.321806498125108192e+03 7.302625633478546661e+02 4.337522289276690799e+02 2.173007962931410191e+02 -3.346093323139158571e+01 6.139023504149387911e+00 -4.848359761498272746e+00
2.406319570916131488e+04 2.049804651391215157e+04 1.241139655045311156e+04 8.235497988826153232e+03 6.003630307646132678e+03 5.486837564286793167e+03 3.384187652177339260e+03 1.189208227771938255e+04 1.977934501374336946e+02 6.234759956233067442e+02 7.026130534378710379e+00 8.938894590418297526e+01 7.158022662603750064e+01 5.511853060889901457e+01 -2.338189248624559013e+00
1.409002671861682575e+04 7.273983617288932692e+03 5.053563650492590568e+03 4.191121104872488104e+03 2.643552251666792927e+03 1.706561100845232431e+03 1.321806498125108192e+03 1.977934501374336946e+02 5.038008172191252925e+03 1.864126789856189248e+02 -8.030589178671736761e+01 4.133042351297869033e+01 -9.601535305517822749e+00 1.111333145142608814e+01 4.166508994885058215e+00
6.031183707821642201e+03 5.134054667219499606e+03 2.387150219627854767e+03 2.160427086068953486e+03 1.238601240048466934e+03 9.078616111207395534e+02 7.302625633478546661e+02 6.234759956233067442e+02 1.864126789856189248e+02 2.092154193542004577e+03 -1.040295809047039555e+01 1.981317321320186409e+01 7.913033086120873527e+00 4.116679490717110923e+00 1.714875528058209253e-01
2.620419189861273139e+02 2.880696822266720119e+03 5.427475073874373948e+02 1.027980211872876907e+03 6.054713882119273194e+02 3.637698783071152775e+02 4.337522289276690799e+02 7.026130534378710379e+00 -8.030589178671736761e+01 -1.040295809047039555e+01 8.179139216740077245e+02 1.255094597409891577e+01 -3.232413323934403282e-01 -2.632231018035311898e+00 4.786528032919513675e-01
2.827492975242682292e+02 5.012065567801196408e+01 1.989556604892682685e+02 5.093443826353976789e+01 3.349281846960025177e+02 1.048613360393068206e+02 2.173007962931410191e+02 8.938894590418297526e+01 4.133042351297869033e+01 1.981317321320186409e+01 1.255094597409891577e+01 2.496654939629658543e+02 -2.757779219634938217e-01 -2.047855470383458387e-01 -4.705011107245766766e-01
3.406360468341158025e+02 6.799378627945436904e+01 1.354326694657136443e+02 5.463680921622113118e+01 1.139750295564149951e+02 1.593198954225851161e+01 -3.346093323139158571e+01 7.158022662603750064e+01 -9.601535305517822749e+00 7.913033086120873527e+00 -3.232413323934403282e-01 -2.757779219634938217e-01 5.314611371012846064e+01 -1.448600949957484119e+00 -1.023224861515131673e-01
2.328590289216728593e+02 1.715532376714593852e+02 1.597506203956969273e+02 1.178890661108895159e+02 -5.105964931857339906e+01 1.015138711151164301e+02 6.139023504149387911e+00 5.511853060889901457e+01 1.111333145142608814e+01 4.116679490717110923e+00 -2.632231018035311898e+00 -2.047855470383458387e-01 -1.448600949957484119e+00 2.505754424590976015e+01 -4.720777003023898105e-02
-3.507653946074323681e+00 8.085679479344502596e+00 3.506179518596676647e+00 -8.623203376789673413e+00 -3.904754045451191313e+00 -7.473897762251326071e+00 -4.848359761498272746e+00 -2.338189248624559013e+00 4.166508994885058215e+00 1.714875528058209253e-01 4.786528032919513675e-01 -4.705011107245766766e-01 -1.023224861515131673e-01 -4.720777003023898105e-02 1.004893259676383765e+00
