7.216794432413190370e+05 2.668918544294557068e+05 1.961413836227401916e+05 1.373217767794328975e+05 7.956922488080755284e+04 6.254137329911172128e+04 2.496644117486465984e+04 1.738830208053877504e+04 7.698765727687252365e+03 4.081492377791936178e+03 2.018353343511243111e+03 6.085331710319325111e+02 7.481535145620283345e+01 -1.841820832228032856e+01 2.121815795756959133e+01
2.668918544294557068e+05 3.948841809368225513e+05 1.413678778463829949e+05 9.816656028896122007e+04 6.156031342728192249e+04 4.607165345202661410e+04 2.266983588335887544e+04 1.274469795418467220e+04 5.636365841300633292e+03 2.640457821671408965e+03 6.999514382003620767e+02 5.989187806379943595e+02 5.141114890053235520e+00 4.597450967732488181e+01 4.889769949571135754e+00
1.961413836227401916e+05 1.413678778463829949e+05 2.294569090653324674e+05 7.343182082349533448e+04 4.451079208405128156e+04 3.868932799981851713e+04 2.117390380364144949e+04 9.850319459760588870e+03 5.203271948353863991e+03 1.834350962096192461e+03 8.093140665555127953e+02 1.052030768728315451e+02 -9.594952619855118314e+01 -5.312807798938938220e+01 1.693843629576338472e+01
1.373217767794328975e+05 9.816656028896122007e+04 7.343182082349533448e+04 1.348032855349371675e+05 2.758068667195010858e+04 2.451421057946293877e+04 1.210748169420178601e+04 5.107510203883411123e+03 2.440243083272533113e+03 1.519390147398475619e+03 3.548210495545482512e+00 2.630189418836064306e+02 3.945015574507779377e+01 -1.602777579960600107e+01 -1.847210315749645559e+01
7.956922488080755284e+04 6.156031342728192249e+04 4.451079208405128156e+04 2.758068667195010858e+04 7.367582536038917897e+04 1.700170157252202625e+04 7.539931590841323668e+03 4.654351484298547803e+03 1.966241371994058682e+03 5.822051581451146376e+02 -1.867132633668852861e+02 -8.432427086764177204e+01 -3.054638810392910742e+01 1.425237179117331721e+01 -1.989652673944303984e+01
6.254137329911172128e+04 4.607165345202661410e+04 3.868932799981851713e+04 2.451421057946293877e+04 1.700170157252202625e+04 4.237699005355929694e+04 6.222834501574216119e+03 3.659462373478548670e+03 2.053943138894654112e+03 8.031652595427415235e+02 5.003033969714655882e+01 3.173378358642668218e+02 3.889538899515910941e+01 2.003529676073143406e+01 3.195019859516863736e+00
2.496644117486465984e+04 2.266983588335887544e+04 2.117390380364144949e+04 1.210748169420178601e+04 7.539931590841323668e+03 6.222834501574216119e+03 2.021735856375006188e+04 1.245948652780580915e+03 1.198268775034816372e+03 1.116651100445696557e+03 3.081578588459213464e+01 2.601881888835895040e+01 -3.370127596627667810e+00 9.403176937208881370e+00 -1.795472736448217788e+01
1.738830208053877504e+04 1.274469795418467220e+04 9.850319459760588870e+03 5.107510203883411123e+03 4.654351484298547803e+03 3.659462373478548670e+03 1.245948652780580915e+03 1.065808123409201471e+04 4.900341753291993427e+02 1.723327153081607932e+01 7.198339886879558946e+01 1.019507712840245830e+02 -6.842547162666194893e+00 6.074104452355003403e+00 -4.027124158361670703e-01
7.698765727687252365e+03 5.636365841300633292e+03 5.203271948353863991e+03 2.440243083272533113e+03 1.966241371994058682e+03 2.053943138894654112e+03 1.198268775034816372e+03 4.900341753291993427e+02 4.349947779890290803e+03 2.093832663529637159e+02 -3.830749899652378332e+01 4.210090349304294932e+01 -1.510771780890379468e+01 -1.858248756626458231e+01 -4.725074810458765207e+00
4.081492377791936178e+03 2.640457821671408965e+03 1.834350962096192461e+03 1.519390147398475619e+03 5.822051581451146376e+02 8.031652595427415235e+02 1.116651100445696557e+03 1.723327153081607932e+01 2.093832663529637159e+02 1.993558270046304870e+03 7.431582695057598187e+01 8.519369806362638187e+00 -1.644391583714643801e+01 8.786891574380462089e+00 -4.094582949885767320e+00
2.018353343511243111e+03 6.999514382003620767e+02 8.093140665555127953e+02 3.548210495545482512e+00 -1.867132633668852861e+02 5.003033969714655882e+01 3.081578588459213464e+01 7.198339886879558946e+01 -3.830749899652378332e+01 7.431582695057598187e+01 7.264595873533395434e+02 2.161831886150532966e+01 7.463782468364391853e+00 7.425853241723245013e+00 -5.316645492201710343e-01
6.085331710319325111e+02 5.989187806379943595e+02 1.052030768728315451e+02 2.630189418836064306e+02 -8.432427086764177204e+01 3.173378358642668218e+02 2.601881888835895040e+01 1.019507712840245830e+02 4.210090349304294932e+01 8.519369806362638187e+00 2.161831886150532966e+01 1.990306400002684768e+02 -2.812178049575308147e+00 9.646431734897936705e-01 -8.147791059205008457e-01
7.481535145620283345e+01 5.141114890053235520e+00 -9.594952619855118314e+01 3.945015574507779377e+01 -3.054638810392910742e+01 3.889538899515910941e+01 -3.370127596627667810e+00 -6.842547162666194893e+00 -1.510771780890379468e+01 -1.644391583714643801e+01 7.463782468364391853e+00 -2.812178049575308147e+00 4.456623617517002600e+01 1.416830965571540812e-01 -1.731159737227646045e-01
-1.841820832228032856e+01 4.597450967732488181e+01 -5.312807798938938220e+01 -1.602777579960600107e+01 1.425237179117331721e+01 2.003529676073143406e+01 9.403176937208881370e+00 6.074104452355003403e+00 -1.858248756626458231e+01 8.786891574380462089e+00 7.425853241723245013e+00 9.646431734897936705e-01 1.416830965571540812e-01 9.875185659444504438e+00 -3.933149687019775465e-02
2.121815795756959133e+01 4.889769949571135754e+00 1.693843629576338472e+01 -1.847210315749645559e+01 -1.989652673944303984e+01 3.195019859516863736e+00 -1.795472736448217788e+01 -4.027124158361670703e-01 -4.725074810458765207e+00 -4.094582949885767320e+00 -5.316645492201710343e-01 -8.147791059205008457e-01 -1.731159737227646045e-01 -3.933149687019775465e-02 2.005301036254624858e+00
