9.752670874921124196e+05 3.951106878580508637e+05 1.396217905913073628e+05 4.746137664388916892e+04 9.436411755965209522e+03 3.025803621115393071e+03 5.777031947376525522e+02
3.951106878580508637e+05 1.637803058492989803e+05 5.635401525533675886e+04 1.940910249057834517e+04 3.883209159612022177e+03 1.165679400913524432e+03 2.332769787047378145e+02
1.396217905913073628e+05 5.635401525533675886e+04 2.135706688580602349e+04 6.611360485257579057e+03 1.364423265855043837e+03 4.714242399370929775e+02 8.567150819347268964e+01
4.746137664388916892e+04 1.940910249057834517e+04 6.611360485257579057e+03 2.667588351636970401e+03 4.314267171987646634e+02 1.513965652534711808e+02 2.769839159537746198e+01
9.436411755965209522e+03 3.883209159612022177e+03 1.364423265855043837e+03 4.314267171987646634e+02 1.888028452858945911e+02 3.143883853791994198e+01 5.322827400618048266e+00
3.025803621115393071e+03 1.165679400913524432e+03 4.714242399370929775e+02 1.513965652534711808e+02 3.143883853791994198e+01 3.224454949433881978e+01 7.509873869934172719e-01
5.777031947376525522e+02 2.332769787047378145e+02 8.567150819347268964e+01 2.769839159537746198e+01 5.322827400618048266e+00 7.509873869934172719e-01 5.043519148044667944e+00
