4.558539835367708583e+05 1.793920834496831230e+05 1.195091544019975699e+05 6.250049650878055400e+04 4.285320612185206119e+04 1.934171126386577816e+04 1.319522194599228897e+04 1.019077093657283694e+04 4.871091913243833005e+03 1.671743713732885453e+03 6.225659587222829714e+02 2.214368745386791772e+02 4.924436271865774728e+01
1.793920834496831230e+05 2.710870274533596239e+05 8.430120814223516209e+04 4.624618033718845982e+04 3.171333402718621073e+04 1.990490063547684258e+04 7.606317066670892928e+03 7.460025253436531784e+03 3.942002986962088926e+03 1.312250639626665588e+03 9.532615402308706507e+02 6.768642567780700858e+01 5.330396842833270910e+01
1.195091544019975699e+05 8.430120814223516209e+04 1.578189606072311872e+05 3.565244302897219313e+04 2.006640361446463430e+04 1.511427702270462578e+04 7.415435359709857948e+03 3.642159712794692950e+03 2.689628933751769637e+03 5.068645965031125797e+02 3.010538656591081121e+02 1.721312821966634488e+01 3.742677825145061377e+01
6.250049650878055400e+04 4.624618033718845982e+04 3.565244302897219313e+04 7.459136120718363964e+04 1.339095233949685098e+04 1.011369468987658547e+04 3.775652459865841138e+03 2.805223353276197940e+03 1.135378757916079621e+03 6.804594820515528681e+02 1.724160030104577572e+02 2.865983852962971756e+00 3.001521624573352653e+01
4.285320612185206119e+04 3.171333402718621073e+04 2.006640361446463430e+04 1.339095233949685098e+04 4.155763863833884534e+04 4.024279284106619798e+03 2.605264817820247117e+03 2.153823118663763125e+03 1.029119778871138351e+03 4.102619466814932139e+02 1.956467906671701940e+02 2.242949418878520262e+01 -3.207263978488158251e+00
1.934171126386577816e+04 1.990490063547684258e+04 1.511427702270462578e+04 1.011369468987658547e+04 4.024279284106619798e+03 1.946060149249668757e+04 1.900491363459009563e+03 1.214602745615127560e+03 4.189744727635104482e+02 3.548860954029964176e+01 7.878831541665407201e+01 1.227164244965649331e+01 7.622639180108750523e+00
1.319522194599228897e+04 7.606317066670892928e+03 7.415435359709857948e+03 3.775652459865841138e+03 2.605264817820247117e+03 1.900491363459009563e+03 8.728584483096459735e+03 7.142484572692503662e+02 2.225479363875793979e+02 2.283427609976513963e+02 8.617681064732106222e+01 -3.735983393130701380e+00 9.841966282388769471e+00
1.019077093657283694e+04 7.460025253436531784e+03 3.642159712794692950e+03 2.805223353276197940e+03 2.153823118663763125e+03 1.214602745615127560e+03 7.142484572692503662e+02 4.428899171775271498e+03 4.023697496016091577e+02 1.105425862680833973e+02 3.527925695744605150e+01 -7.873736085224384063e+00 -3.334513810355079322e+00
4.871091913243833005e+03 3.942002986962088926e+03 2.689628933751769637e+03 1.135378757916079621e+03 1.029119778871138351e+03 4.189744727635104482e+02 2.225479363875793979e+02 4.023697496016091577e+02 1.747256425483083831e+03 3.530228393602162384e+01 4.117336034382507393e+01 1.102459849953693016e+01 9.945954380747643597e-01
1.671743713732885453e+03 1.312250639626665588e+03 5.068645965031125797e+02 6.804594820515528681e+02 4.102619466814932139e+02 3.548860954029964176e+01 2.283427609976513963e+02 1.105425862680833973e+02 3.530228393602162384e+01 6.004183838541646310e+02 2.652593049789226853e+01 4.324197396959744921e+00 2.066449506970793326e+00
6.225659587222829714e+02 9.532615402308706507e+02 3.010538656591081121e+02 1.724160030104577572e+02 1.956467906671701940e+02 7.878831541665407201e+01 8.617681064732106222e+01 3.527925695744605150e+01 4.117336034382507393e+01 2.652593049789226853e+01 1.491022449389882638e+02 -2.996532327871868517e+00 1.686738268270825625e+00
2.214368745386791772e+02 6.768642567780700858e+01 1.721312821966634488e+01 2.865983852962971756e+00 2.242949418878520262e+01 1.227164244965649331e+01 -3.735983393130701380e+00 -7.873736085224384063e+00 1.102459849953693016e+01 4.324197396959744921e+00 -2.996532327871868517e+00 4.791817153232073423e+01 2.520839474402780112e-01
4.924436271865774728e+01 5.330396842833270910e+01 3.742677825145061377e+01 3.001521624573352653e+01 -3.207263978488158251e+00 7.622639180108750523e+00 9.841966282388769471e+00 -3.334513810355079322e+00 9.945954380747643597e-01 2.066449506970793326e+00 1.686738268270825625e+00 2.520839474402780112e-01 7.936961958941862960e+00
