1.466320086243144935e+06 6.944595355212724535e+05 5.297437413649099180e+05 4.323880965424733004e+05 3.613717004509530962e+05 2.214719496192508086e+05 2.120530639264847850e+05 1.524944882331311528e+05 8.656320388251662371e+04 7.751210014053648047e+04 3.731948019341498002e+04 2.489331535087502198e+04 1.537408365319696713e+04 4.377647120833812551e+03 1.409453081661779834e+03 8.790943877680715559e+02 2.170242570738123788e+02 2.599290334718943427e+02 1.009415800979072344e+02
6.944595355212724535e+05 1.011817747125944123e+06 4.263503206307325163e+05 3.539585948797453893e+05 3.120232135224158992e+05 1.949018802449865325e+05 1.589233530960410426e+05 1.163657363037028117e+05 6.278103872954079998e+04 6.324522660991843441e+04 3.394310179905800032e+04 1.382686266374212937e+04 1.087593096660080846e+04 5.555950214039482489e+03 1.718829621775834994e+03 9.372432081252170519e+02 3.595438416702688187e+02 2.272917270561738974e+02 4.031879562823203855e+01
5.297437413649099180e+05 4.263503206307325163e+05 6.605911484672283987e+05 2.688689700708572636e+05 2.160958534429382707e+05 1.433309812257796002e+05 1.194658977636679629e+05 9.055936276480852393e+04 4.988192293938970397e+04 4.630369028610461100e+04 2.469397854441137679e+04 1.427802472632655554e+04 8.962174203689794012e+03 2.063659711462224550e+03 1.038484891190643566e+03 6.676860806000583182e+01 4.854193007904628416e+02 4.594557007670425008e+01 6.230680640179443941e+01
4.323880965424733004e+05 3.539585948797453893e+05 2.688689700708572636e+05 5.013682770204379922e+05 2.033523718608846539e+05 1.134063789668927348e+05 1.199560222083827539e+05 7.150810318186819495e+04 4.183271224131929921e+04 4.059172639607641031e+04 2.156694930926070447e+04 1.464691850576294564e+04 7.563654084307228004e+03 2.905920285458557828e+03 5.753139451066645051e+02 6.570883615854253321e+02 8.902129688006806418e+01 2.515083954007115210e+02 3.737777757020649005e+01
3.613717004509530962e+05 3.120232135224158992e+05 2.160958534429382707e+05 2.033523718608846539e+05 3.350902756930249161e+05 9.619088628319838608e+04 8.840888823043290176e+04 6.501917841487779515e+04 3.767021812124452117e+04 3.713494115211437747e+04 2.091189598620656398e+04 7.169439714756263129e+03 4.819777469983856463e+03 8.757688365855035499e+02 1.715517164971319971e+03 7.500062923199783427e+02 2.176407270264718932e+02 8.310614556446104473e+01 -9.939172655351521612e+00
2.214719496192508086e+05 1.949018802449865325e+05 1.433309812257796002e+05 1.134063789668927348e+05 9.619088628319838608e+04 1.852092350588443514e+05 5.275716429872104345e+04 3.988562485392948292e+04 2.213277407142301308e+04 1.921436169056977451e+04 1.071597422991661915e+04 6.098055386828438714e+03 4.468718271406363783e+03 9.239866404431534193e+02 8.076039470242587868e+02 2.065663124362446013e+02 1.180586239781972893e+02 5.376519276469314690e+01 4.878868702065393137e+01
2.120530639264847850e+05 1.589233530960410426e+05 1.194658977636679629e+05 1.199560222083827539e+05 8.840888823043290176e+04 5.275716429872104345e+04 1.281141297508598946e+05 3.606328497945790150e+04 2.064034819058931680e+04 1.948598029831613167e+04 9.432203477388293322e+03 7.286626462146935410e+03 4.056159745072686292e+03 6.946164355479305641e+02 7.330571393461427760e+02 4.456307373807322847e+01 1.367170484589086641e+02 1.422419346460558813e+02 9.717441845926522603e+00
1.524944882331311528e+05 1.163657363037028117e+05 9.055936276480852393e+04 7.150810318186819495e+04 6.501917841487779515e+04 3.988562485392948292e+04 3.606328497945790150e+04 7.873891954521207663e+04 1.213108505044569938e+04 1.605557145080205373e+04 4.003370806582291152e+03 2.642245196900169958e+03 2.839745811181976478e+03 6.448493676305682811e+02 3.083046348392230485e+01 2.553743234596497302e+02 1.142653974813776898e+02 9.602924825262471131e+01 -6.821367157626083255e+00
8.656320388251662371e+04 6.278103872954079998e+04 4.988192293938970397e+04 4.183271224131929921e+04 3.767021812124452117e+04 2.213277407142301308e+04 2.064034819058931680e+04 1.213108505044569938e+04 4.394371956420136121e+04 7.576586771323246467e+03 5.446078443460693052e+03 3.677000666004109917e+03 1.345003027429272151e+03 2.935277806847454940e+02 1.525758093823643549e+02 -3.347694367625162482e+00 -2.629604589174880758e+01 -2.277968067704026112e+01 1.678581850960954824e+01
7.751210014053648047e+04 6.324522660991843441e+04 4.630369028610461100e+04 4.059172639607641031e+04 3.713494115211437747e+04 1.921436169056977451e+04 1.948598029831613167e+04 1.605557145080205373e+04 7.576586771323246467e+03 2.598198986945353681e+04 3.934381460191179031e+03 1.528764498177084761e+03 1.406790111682046017e+03 5.124973446084883335e+02 1.628678926883411577e+02 1.199510281950652910e+02 3.824563438613148492e+01 2.795000548086134629e+01 1.304074477660368636e+01
3.731948019341498002e+04 3.394310179905800032e+04 2.469397854441137679e+04 2.156694930926070447e+04 2.091189598620656398e+04 1.071597422991661915e+04 9.432203477388293322e+03 4.003370806582291152e+03 5.446078443460693052e+03 3.934381460191179031e+03 1.490070792119852376e+04 1.523310465742778888e+03 6.038325025645794994e+02 4.051287655758383721e+02 4.921933370695094823e+01 4.015969555167860361e-01 -3.393313692617422106e+01 -1.315386897739457694e+01 9.751879220020811090e+00
2.489331535087502198e+04 1.382686266374212937e+04 1.427802472632655554e+04 1.464691850576294564e+04 7.169439714756263129e+03 6.098055386828438714e+03 7.286626462146935410e+03 2.642245196900169958e+03 3.677000666004109917e+03 1.528764498177084761e+03 1.523310465742778888e+03 6.669551270275097522e+03 3.738512237526084050e+02 3.382667727806987727e+02 -5.222318999686573449e+01 6.259916586432056818e+01 1.759467554143910561e+01 1.200588887565899832e+01 1.190983120784575711e+01
1.537408365319696713e+04 1.087593096660080846e+04 8.962174203689794012e+03 7.563654084307228004e+03 4.819777469983856463e+03 4.468718271406363783e+03 4.056159745072686292e+03 2.839745811181976478e+03 1.345003027429272151e+03 1.406790111682046017e+03 6.038325025645794994e+02 3.738512237526084050e+02 3.420589372496825035e+03 1.463396924489640583e+02 3.448410157814724641e+01 7.054454007661711046e+01 5.556875810414783246e+01 -3.471998708829208802e+00 -1.497903283405030539e+00
4.377647120833812551e+03 5.555950214039482489e+03 2.063659711462224550e+03 2.905920285458557828e+03 8.757688365855035499e+02 9.239866404431534193e+02 6.946164355479305641e+02 6.448493676305682811e+02 2.935277806847454940e+02 5.124973446084883335e+02 4.051287655758383721e+02 3.382667727806987727e+02 1.463396924489640583e+02 1.359853392000083886e+03 4.355079817745507142e+01 3.029358687998640676e+01 5.185343584245981852e+00 -3.924742193653386391e+00 -1.316581710716297482e-01
1.409453081661779834e+03 1.718829621775834994e+03 1.038484891190643566e+03 5.753139451066645051e+02 1.715517164971319971e+03 8.076039470242587868e+02 7.330571393461427760e+02 3.083046348392230485e+01 1.525758093823643549e+02 1.628678926883411577e+02 4.921933370695094823e+01 -5.222318999686573449e+01 3.448410157814724641e+01 4.355079817745507142e+01 4.793390118088302643e+02 8.767607707239552184e+00 -2.472043059817524036e+00 -2.312502310936735750e+00 1.400667939709278276e+00
8.790943877680715559e+02 9.372432081252170519e+02 6.676860806000583182e+01 6.570883615854253321e+02 7.500062923199783427e+02 2.065663124362446013e+02 4.456307373807322847e+01 2.553743234596497302e+02 -3.347694367625162482e+00 1.199510281950652910e+02 4.015969555167860361e-01 6.259916586432056818e+01 7.054454007661711046e+01 3.029358687998640676e+01 8.767607707239552184e+00 1.419121045939859584e+02 3.052962253651797297e+00 -2.645869002533857817e+00 1.630117015461144125e-01
2.170242570738123788e+02 3.595438416702688187e+02 4.854193007904628416e+02 8.902129688006806418e+01 2.176407270264718932e+02 1.180586239781972893e+02 1.367170484589086641e+02 1.142653974813776898e+02 -2.629604589174880758e+01 3.824563438613148492e+01 -3.393313692617422106e+01 1.759467554143910561e+01 5.556875810414783246e+01 5.185343584245981852e+00 -2.472043059817524036e+00 3.052962253651797297e+00 5.341976295291596699e+01 -1.276558151079708825e+00 -2.945496093486864586e-01
2.599290334718943427e+02 2.272917270561738974e+02 4.594557007670425008e+01 2.515083954007115210e+02 8.310614556446104473e+01 5.376519276469314690e+01 1.422419346460558813e+02 9.602924825262471131e+01 -2.277968067704026112e+01 2.795000548086134629e+01 -1.315386897739457694e+01 1.200588887565899832e+01 -3.471998708829208802e+00 -3.924742193653386391e+00 -2.312502310936735750e+00 -2.645869002533857817e+00 -1.276558151079708825e+00 1.273800651416372176e+01 -7.657061255284577928e-02
1.009415800979072344e+02 4.031879562823203855e+01 6.230680640179443941e+01 3.737777757020649005e+01 -9.939172655351521612e+00 4.878868702065393137e+01 9.717441845926522603e+00 -6.821367157626083255e+00 1.678581850960954824e+01 1.304074477660368636e+01 9.751879220020811090e+00 1.190983120784575711e+01 -1.497903283405030539e+00 -1.316581710716297482e-01 1.400667939709278276e+00 1.630117015461144125e-01 -2.945496093486864586e-01 -7.657061255284577928e-02 2.997619443590246568e+00
