1.190064353058709996e+06 4.950640022146386327e+05 3.765902367010523449e+05 3.070963441001170431e+05 2.645781031193430535e+05 1.649809388097557530e+05 1.201071275218257942e+05 9.162479030926933046e+04 4.252382140005117253e+04 3.164620375137370138e+04 1.325487986861269019e+04 5.996845369746101824e+03 7.142649353279005481e+03 -8.788973513029221749e+02 1.089854324957228982e+03 2.120631065740112433e+02 8.752511978661566161e+01 4.046284669735231176e+01
4.950640022146386327e+05 7.627041952913269633e+05 2.805719727408003528e+05 2.312623068442277436e+05 1.962107257204838097e+05 1.225321623835613573e+05 9.761495074202600517e+04 6.451382466568594100e+04 3.260844339058499463e+04 2.440138513430280000e+04 1.486076718625976901e+04 8.028331561064728703e+03 5.050200718624673755e+03 6.308883024160473951e+02 1.067564582295237642e+03 1.730901079980946520e+02 -2.161300291733776646e+01 -1.553717512864904116e+00
3.765902367010523449e+05 2.805719727408003528e+05 5.136472337211628328e+05 1.675328186919586442e+05 1.406861812869430287e+05 9.637708971387446218e+04 6.825191171013053099e+04 4.946044656433146884e+04 2.486250624295073430e+04 1.806846246504558803e+04 1.190220947556892497e+04 4.502471465288628679e+03 3.907500292557127523e+03 1.174196495750134545e+03 7.058456161646171267e+02 6.041998245251460276e+01 3.378731876630083519e+01 -2.106642459701956938e+01
3.070963441001170431e+05 2.312623068442277436e+05 1.675328186919586442e+05 3.428727296053879545e+05 1.110580656864379271e+05 5.674828546869715501e+04 5.329780362536142638e+04 3.157942745526786894e+04 2.503459559922480548e+04 1.194958568187684978e+04 7.136821718840004905e+03 4.254272942399575186e+03 1.442646564236670429e+03 1.125100728088501967e+02 6.299024476880584871e+02 1.040206315152108800e+02 6.369359339755146010e+01 1.796239088387245442e+00
2.645781031193430535e+05 1.962107257204838097e+05 1.406861812869430287e+05 1.110580656864379271e+05 2.429827428174855304e+05 6.458763596028633765e+04 4.833222378081500938e+04 3.483209995840214106e+04 1.825145464351676128e+04 1.114716597704287415e+04 8.043027347504310455e+03 4.441426848161598173e+03 1.940268282474535681e+03 4.550023065360497299e+01 4.764065895580902179e+02 1.387749286193126181e+02 7.351511732591781367e+01 2.578270171104091801e+01
1.649809388097557530e+05 1.225321623835613573e+05 9.637708971387446218e+04 5.674828546869715501e+04 6.458763596028633765e+04 1.338459124609671126e+05 3.520834841795697139e+04 1.871014884415085908e+04 7.147624116233160748e+03 8.122478806540619189e+03 2.076239485389507536e+03 1.705666316377382827e+03 2.130893160508338042e+03 2.596220897051535985e+02 2.368664480904647291e+02 1.047526552306962486e+02 -6.424086736157455846e+00 2.121680963756985250e+01
1.201071275218257942e+05 9.761495074202600517e+04 6.825191171013053099e+04 5.329780362536142638e+04 4.833222378081500938e+04 3.520834841795697139e+04 7.801955526920694683e+04 1.428039456282950778e+04 7.430640608758323651e+03 5.906912278738973328e+03 3.915221414997748980e+03 1.659480814606201420e+03 5.676900983621047772e+02 -1.494599184871380615e+01 3.606503967875061676e+02 3.063870142873845737e+01 3.232774341929324002e+00 -9.407676511647057538e+00
9.162479030926933046e+04 6.451382466568594100e+04 4.946044656433146884e+04 3.157942745526786894e+04 3.483209995840214106e+04 1.871014884415085908e+04 1.428039456282950778e+04 4.532939458307524183e+04 6.391340630606689047e+03 4.508557985529378129e+03 1.801334096928922690e+03 1.084480696229462410e+03 6.163389312420260921e+02 1.813266243739406889e+02 1.057024491439881189e+02 8.566552350627905810e+01 1.235435737952248125e+01 3.748869487358723607e-01
4.252382140005117253e+04 3.260844339058499463e+04 2.486250624295073430e+04 2.503459559922480548e+04 1.825145464351676128e+04 7.147624116233160748e+03 7.430640608758323651e+03 6.391340630606689047e+03 2.220494016336782079e+04 3.571553401874552037e+03 1.596965637493596660e+03 1.010248183891657163e+03 2.024311098782464740e+02 1.533852019708231467e+02 5.245009715820587815e+01 -1.493543316042861235e+01 -1.328806939877623883e+01 -5.073543950953890658e+00
3.164620375137370138e+04 2.440138513430280000e+04 1.806846246504558803e+04 1.194958568187684978e+04 1.114716597704287415e+04 8.122478806540619189e+03 5.906912278738973328e+03 4.508557985529378129e+03 3.571553401874552037e+03 1.289083015807800984e+04 1.155885823662883467e+03 5.395227952340819684e+02 2.503324601165989520e+02 1.693457284752200280e+02 -2.399595818960958837e+01 3.876944372513675319e+01 -8.813250880638388907e+00 2.900973712502761259e+00
1.325487986861269019e+04 1.486076718625976901e+04 1.190220947556892497e+04 7.136821718840004905e+03 8.043027347504310455e+03 2.076239485389507536e+03 3.915221414997748980e+03 1.801334096928922690e+03 1.596965637493596660e+03 1.155885823662883467e+03 5.704128007408931808e+03 1.487766250626012834e+02 1.270546317755652765e+01 -7.228974653543015449e+01 7.594066165531488721e+00 4.684130871495291615e+00 5.626084777747433208e+00 -3.764956051063269360e+00
5.996845369746101824e+03 8.028331561064728703e+03 4.502471465288628679e+03 4.254272942399575186e+03 4.441426848161598173e+03 1.705666316377382827e+03 1.659480814606201420e+03 1.084480696229462410e+03 1.010248183891657163e+03 5.395227952340819684e+02 1.487766250626012834e+02 2.660398044739179568e+03 2.793493572981812463e+02 -1.358557083310016900e+00 9.007045522713834629e+00 2.281533578550144981e+01 -2.054014649771565448e+00 1.612938408448159888e-01
7.142649353279005481e+03 5.050200718624673755e+03 3.907500292557127523e+03 1.442646564236670429e+03 1.940268282474535681e+03 2.130893160508338042e+03 5.676900983621047772e+02 6.163389312420260921e+02 2.024311098782464740e+02 2.503324601165989520e+02 1.270546317755652765e+01 2.793493572981812463e+02 1.046092780062248721e+03 7.700910346859436650e+00 -4.501484728966473448e+00 -7.468572223267078591e+00 2.725647489873316509e+00 -1.055799947778570447e+00
-8.788973513029221749e+02 6.308883024160473951e+02 1.174196495750134545e+03 1.125100728088501967e+02 4.550023065360497299e+01 2.596220897051535985e+02 -1.494599184871380615e+01 1.813266243739406889e+02 1.533852019708231467e+02 1.693457284752200280e+02 -7.228974653543015449e+01 -1.358557083310016900e+00 7.700910346859436650e+00 3.664497619568921891e+02 -4.310992717094965343e+00 -1.987856919544864098e+00 -9.317980069631703888e-01 3.478704949910970678e-01
1.089854324957228982e+03 1.067564582295237642e+03 7.058456161646171267e+02 6.299024476880584871e+02 4.764065895580902179e+02 2.368664480904647291e+02 3.606503967875061676e+02 1.057024491439881189e+02 5.245009715820587815e+01 -2.399595818960958837e+01 7.594066165531488721e+00 9.007045522713834629e+00 -4.501484728966473448e+00 -4.310992717094965343e+00 1.062005342477832812e+02 -1.352352617803497692e+00 -3.144350564716398289e-01 -2.200543170381905611e-01
2.120631065740112433e+02 1.730901079980946520e+02 6.041998245251460276e+01 1.040206315152108800e+02 1.387749286193126181e+02 1.047526552306962486e+02 3.063870142873845737e+01 8.566552350627905810e+01 -1.493543316042861235e+01 3.876944372513675319e+01 4.684130871495291615e+00 2.281533578550144981e+01 -7.468572223267078591e+00 -1.987856919544864098e+00 -1.352352617803497692e+00 2.953837566789132296e+01 -3.418672135988286565e-01 -5.696486797200236984e-02
8.752511978661566161e+01 -2.161300291733776646e+01 3.378731876630083519e+01 6.369359339755146010e+01 7.351511732591781367e+01 -6.424086736157455846e+00 3.232774341929324002e+00 1.235435737952248125e+01 -1.328806939877623883e+01 -8.813250880638388907e+00 5.626084777747433208e+00 -2.054014649771565448e+00 2.725647489873316509e+00 -9.317980069631703888e-01 -3.144350564716398289e-01 -3.418672135988286565e-01 5.963750149314613225e+00 -1.178337819539043534e-02
4.046284669735231176e+01 -1.553717512864904116e+00 -2.106642459701956938e+01 1.796239088387245442e+00 2.578270171104091801e+01 2.121680963756985250e+01 -9.407676511647057538e+00 3.748869487358723607e-01 -5.073543950953890658e+00 2.900973712502761259e+00 -3.764956051063269360e+00 1.612938408448159888e-01 -1.055799947778570447e+00 3.478704949910970678e-01 -2.200543170381905611e-01 -5.696486797200236984e-02 -1.178337819539043534e-02 1.003322057082690621e+00
