2.131402843702165228e+03 8.857411154815782339e+00 -2.056971343064002156e+01 1.199972665443857361e-01 1.483004203503157203e+00 -9.500674369697780230e-01
8.857411154815782339e+00 6.968142929392396354e+02 2.803963818128162444e+01 -3.742429758852590549e+00 -6.318647076791058304e+00 6.615882502044431179e-01
-2.056971343064002156e+01 2.803963818128162444e+01 2.104495430202455566e+02 1.269381197869842204e+01 3.257058781579357021e+00 -4.140672528466012303e-01
1.199972665443857361e-01 -3.742429758852590549e+00 1.269381197869842204e+01 4.565922660278254597e+01 2.439121426561903672e+00 -9.822223425139429975e-02
1.483004203503157203e+00 -6.318647076791058304e+00 3.257058781579357021e+00 2.439121426561903672e+00 1.890117455606295493e+01 -3.399134219074860519e-02
-9.500674369697780230e-01 6.615882502044431179e-01 -4.140672528466012303e-01 -9.822223425139429975e-02 -3.399134219074860519e-02 1.020227152442695351e+00
