8.726991256383345899e+03 2.540629586926812351e+02 9.318633347984724935e+01 -6.852964879678964394e+00 -1.123885157042260197e+01 4.152836972459566311e+01 2.989109704505162668e+00
2.540629586926812351e+02 3.389411830667559116e+03 -1.147330593973563850e+01 -5.049935099490203072e+01 1.059968122430669624e+01 -6.656066993903320572e+00 -2.569464753828862413e+00
9.318633347984724935e+01 -1.147330593973563850e+01 1.386575143580880876e+03 -2.458328154137341848e+00 2.300223297145268475e+01 1.568189181808003596e+00 4.745569457181861850e+00
-6.852964879678964394e+00 -5.049935099490203072e+01 -2.458328154137341848e+00 4.297206693277398699e+02 6.383520197138108365e+00 8.007317983963195829e+00 -3.098917582363837075e-01
-1.123885157042260197e+01 1.059968122430669624e+01 2.300223297145268475e+01 6.383520197138108365e+00 1.424151111131874075e+02 2.712508462414106258e+00 2.433177652897724197e-01
4.152836972459566311e+01 -6.656066993903320572e+00 1.568189181808003596e+00 8.007317983963195829e+00 2.712508462414106258e+00 2.427257834160380412e+01 -1.492969245696758041e-01
2.989109704505162668e+00 -2.569464753828862413e+00 4.745569457181861850e+00 -3.098917582363837075e-01 2.433177652897724197e-01 -1.492969245696758041e-01 3.035088029776842333e+00
