6.539696650042325491e+05 2.218664783258366515e+05 1.671700596766410454e+05 1.171240144593567238e+05 8.163869262021692703e+04 4.611065147790740593e+04 2.870593127748208281e+04 1.868189734496914389e+04 7.932946492751319056e+03 1.521827497439225681e+03 8.487036217917820480e+00 5.867242541682746833e+02 -6.214980720974495654e+01 6.944120802386655100e+01
2.218664783258366515e+05 3.886977564738266519e+05 1.121596723476508923e+05 8.871041283920893329e+04 6.157501658475976728e+04 4.032311905109219515e+04 2.795787255818221092e+04 1.229413879982708022e+04 3.854145481165189722e+03 3.597266041066185153e+03 5.358828713595667068e+02 3.120283235664103927e+02 2.187957983097419969e+02 -1.266531827352879134e+02
1.671700596766410454e+05 1.121596723476508923e+05 2.307709920287887217e+05 6.416960872695223225e+04 4.140390613047057559e+04 2.898227840063900658e+04 1.673173064070789405e+04 1.092096813310155812e+04 4.878565456373611596e+03 2.724494704895878840e+03 6.413679215448264586e+02 5.643345124302871909e+02 2.125679900453462068e+01 4.997879626759034721e+01
1.171240144593567238e+05 8.871041283920893329e+04 6.416960872695223225e+04 1.430719343142457947e+05 3.483155210730573890e+04 1.925691954983437608e+04 8.836464698152565688e+03 6.511023746660210236e+03 2.968035879568657947e+03 1.471574873387739899e+03 4.870837894674352810e+02 1.161143902618031660e+02 -1.287101586644211864e+02 7.015323573457042983e+01
8.163869262021692703e+04 6.157501658475976728e+04 4.140390613047057559e+04 3.483155210730573890e+04 6.318448449404514395e+04 1.082667712095675051e+04 7.206799248849226387e+03 4.162194519595177553e+03 2.706464984281471516e+03 6.419168717492980250e+02 3.011300628964744988e+02 3.535871857560375133e+02 -4.322153481104191286e+01 1.348785017381912432e+01
4.611065147790740593e+04 4.032311905109219515e+04 2.898227840063900658e+04 1.925691954983437608e+04 1.082667712095675051e+04 4.377587093407118664e+04 7.619164528703311589e+03 3.024655925840092095e+03 2.296124896982677910e+03 1.025391978208966520e+03 2.538117978678681084e+02 1.831981194828820492e+01 1.665572023397221102e+01 -1.856379957486184296e+01
2.870593127748208281e+04 2.795787255818221092e+04 1.673173064070789405e+04 8.836464698152565688e+03 7.206799248849226387e+03 7.619164528703311589e+03 1.825480850194588129e+04 2.887094541838804162e+03 1.013005008593075218e+03 6.206719222207085522e+02 1.954815985258237276e+02 1.150254545544978697e+02 1.746284906075508303e+01 -3.400954129198736187e+00
1.868189734496914389e+04 1.229413879982708022e+04 1.092096813310155812e+04 6.511023746660210236e+03 4.162194519595177553e+03 3.024655925840092095e+03 2.887094541838804162e+03 9.888981781512624366e+03 6.565760786713207153e+02 4.488811362250288539e+02 2.519005339082425223e+02 5.200089711770375089e+01 -2.655633819606383028e+01 -9.028800836457575585e+00
7.932946492751319056e+03 3.854145481165189722e+03 4.878565456373611596e+03 2.968035879568657947e+03 2.706464984281471516e+03 2.296124896982677910e+03 1.013005008593075218e+03 6.565760786713207153e+02 3.989186648364195207e+03 2.836538486394968004e+02 4.707581520999942626e+01 -3.208490244372157019e+00 -1.827761620241004437e+01 -2.189798732173912299e+00
1.521827497439225681e+03 3.597266041066185153e+03 2.724494704895878840e+03 1.471574873387739899e+03 6.419168717492980250e+02 1.025391978208966520e+03 6.206719222207085522e+02 4.488811362250288539e+02 2.836538486394968004e+02 1.650533811725675832e+03 4.941369967042824385e+01 1.130629222345278428e+01 -8.205439072410822376e+00 2.558576186679829778e+00
8.487036217917820480e+00 5.358828713595667068e+02 6.413679215448264586e+02 4.870837894674352810e+02 3.011300628964744988e+02 2.538117978678681084e+02 1.954815985258237276e+02 2.519005339082425223e+02 4.707581520999942626e+01 4.941369967042824385e+01 6.097197346883399405e+02 6.397470602784527394e+00 2.303681425411592265e+00 6.709221110375500174e+00
5.867242541682746833e+02 3.120283235664103927e+02 5.643345124302871909e+02 1.161143902618031660e+02 3.535871857560375133e+02 1.831981194828820492e+01 1.150254545544978697e+02 5.200089711770375089e+01 -3.208490244372157019e+00 1.130629222345278428e+01 6.397470602784527394e+00 1.791603020190504765e+02 -5.140480812748767780e-01 -1.586784058249873119e+00
-6.214980720974495654e+01 2.187957983097419969e+02 2.125679900453462068e+01 -1.287101586644211864e+02 -4.322153481104191286e+01 1.665572023397221102e+01 1.746284906075508303e+01 -2.655633819606383028e+01 -1.827761620241004437e+01 -8.205439072410822376e+00 2.303681425411592265e+00 -5.140480812748767780e-01 3.286729555454748919e+01 -6.887555998424748083e-01
6.944120802386655100e+01 -1.266531827352879134e+02 4.997879626759034721e+01 7.015323573457042983e+01 1.348785017381912432e+01 -1.856379957486184296e+01 -3.400954129198736187e+00 -9.028800836457575585e+00 -2.189798732173912299e+00 2.558576186679829778e+00 6.709221110375500174e+00 -1.586784058249873119e+00 -6.887555998424748083e-01 9.874619442822989868e+00
