2.283074732717566949e+05 6.159344939569434791e+04 3.961060675618169626e+04 2.777409800178185469e+04 1.647632558241194420e+04 4.187437548473211791e+03 1.589379621622308150e+03 1.387618835060457286e+03 3.769018075346660908e+02 8.277387896477587503e+01 1.616508381912390746e+02 2.196394810730912539e+01
6.159344939569434791e+04 1.251239520331443491e+05 2.722066958535788945e+04 1.572330102805804199e+04 1.296058194236480267e+04 4.269386563877116714e+03 2.103738889921030477e+03 8.110909373704080281e+02 2.798126931901732632e+02 2.066048951858098093e+01 1.406571884993198580e+02 3.598995559289013357e+01
3.961060675618169626e+04 2.722066958535788945e+04 6.633843202178680804e+04 1.365007893872328168e+04 8.904925020556427626e+03 1.453721968809516738e+03 1.473193399473086629e+03 1.571094916460122590e+02 3.318233407878913113e+02 1.376298118874793204e+02 5.855326994787151307e+01 4.706922935025156463e+00
2.777409800178185469e+04 1.572330102805804199e+04 1.365007893872328168e+04 3.594223755427869764e+04 5.486227897199602921e+03 1.399908705451581909e+03 5.041273418319962616e+02 3.194176657649468893e+02 1.312395827019150261e+02 -6.113493551991860286e+00 5.387688122702615345e+01 -1.966536001781770349e+00
1.647632558241194420e+04 1.296058194236480267e+04 8.904925020556427626e+03 5.486227897199602921e+03 1.681432962810276149e+04 8.288122002847266003e+02 9.444548253352747906e+02 2.981677061959862272e+02 3.243559791738406375e+02 1.649261815026491007e+01 6.605278608939681817e+01 7.959016905851489909e+00
4.187437548473211791e+03 4.269386563877116714e+03 1.453721968809516738e+03 1.399908705451581909e+03 8.288122002847266003e+02 7.395440984937443318e+03 1.580676914611864845e+02 2.030563640984495066e+02 -1.292725856109671945e+01 2.185006849269506546e+01 -9.295632747766475745e+00 -6.524650906540982120e+00
1.589379621622308150e+03 2.103738889921030477e+03 1.473193399473086629e+03 5.041273418319962616e+02 9.444548253352747906e+02 1.580676914611864845e+02 3.007513290391541886e+03 4.879347270806042758e+01 8.416714408560574157e+01 -2.357615679695955535e+01 4.910011224323661772e+00 -1.820642728319376291e-01
1.387618835060457286e+03 8.110909373704080281e+02 1.571094916460122590e+02 3.194176657649468893e+02 2.981677061959862272e+02 2.030563640984495066e+02 4.879347270806042758e+01 1.344241694694786474e+03 -7.295264153005726726e+00 -1.242631038460106296e+01 3.163787387839919751e-01 6.166631560009110391e-01
3.769018075346660908e+02 2.798126931901732632e+02 3.318233407878913113e+02 1.312395827019150261e+02 3.243559791738406375e+02 -1.292725856109671945e+01 8.416714408560574157e+01 -7.295264153005726726e+00 4.107105352475936684e+02 1.292754377450055170e+00 3.998098883577846596e+00 2.523364426686468320e+00
8.277387896477587503e+01 2.066048951858098093e+01 1.376298118874793204e+02 -6.113493551991860286e+00 1.649261815026491007e+01 2.185006849269506546e+01 -2.357615679695955535e+01 -1.242631038460106296e+01 1.292754377450055170e+00 1.179320766542637671e+02 -1.357977625563286272e+00 5.603103124684561953e-01
1.616508381912390746e+02 1.406571884993198580e+02 5.855326994787151307e+01 5.387688122702615345e+01 6.605278608939681817e+01 -9.295632747766475745e+00 4.910011224323661772e+00 3.163787387839919751e-01 3.998098883577846596e+00 -1.357977625563286272e+00 2.310149012190172613e+01 -9.463597640746343465e-02
2.196394810730912539e+01 3.598995559289013357e+01 4.706922935025156463e+00 -1.966536001781770349e+00 7.959016905851489909e+00 -6.524650906540982120e+00 -1.820642728319376291e-01 6.166631560009110391e-01 2.523364426686468320e+00 5.603103124684561953e-01 -9.463597640746343465e-02 2.010116836342292324e+00
