1.399099314797502710e+06 6.692948205306374002e+05 4.488326803641068400e+05 3.813406722731005866e+05 2.370430823469643656e+05 1.966390467364045908e+05 1.229742033086819429e+05 8.686201810173591366e+04 5.743013951927588641e+04 2.864344681794643839e+04 1.882191212773451480e+04 9.122253524174102495e+03 6.363344699568740907e+03 2.531203959903053544e+02 2.595946436106720512e+02 3.432841653956090511e+01 1.858311466252076372e+01 -4.005313658001895760e+01
6.692948205306374002e+05 8.609423086712100776e+05 3.440753785239129793e+05 2.805732815717457561e+05 1.613777091234418913e+05 1.446251961565908277e+05 1.072370027449180780e+05 6.824743387722996704e+04 4.774675884591929207e+04 2.673305621502228314e+04 1.463710560813622942e+04 6.541462803574724603e+03 4.497919433449023018e+03 1.057739618017695648e+03 -1.388025753201353609e+02 -1.938049140531475416e+02 3.279617009448353659e+00 2.607343540550514405e+01
4.488326803641068400e+05 3.440753785239129793e+05 5.297233722253243905e+05 2.238534234011517838e+05 1.356573931396697881e+05 1.007011424932492955e+05 8.615910489412344759e+04 6.048208615155323787e+04 2.802088810362464574e+04 1.913604143179984021e+04 1.099602187539465376e+04 5.014957209891029379e+03 2.617053776173285314e+03 2.381164688525249460e+02 1.557639241282046498e+02 4.024355219820711937e+01 1.883081537411871409e+01 -1.078212564824329860e+02
3.813406722731005866e+05 2.805732815717457561e+05 2.238534234011517838e+05 4.070793572249662830e+05 1.226106294576780783e+05 7.998579284542865935e+04 5.827135385546740144e+04 4.547199969963620970e+04 3.254803652771730412e+04 1.807402531348563571e+04 1.000833756450331748e+04 5.658781253314318747e+03 2.666758115724112940e+03 -1.227182826707085326e+02 -2.291701004933120487e+02 -3.624823435501361502e+01 9.773306840168217491e+01 1.428806548129106169e+01
2.370430823469643656e+05 1.613777091234418913e+05 1.356573931396697881e+05 1.226106294576780783e+05 2.196947682755856076e+05 5.475436421678158513e+04 4.696793520159077889e+04 3.664270136904223182e+04 1.880478714898911858e+04 1.210727083567325280e+04 5.877980939850570394e+03 2.710454285592874385e+03 2.244182408005688558e+03 9.250293915937721749e+02 -1.043294874411112261e+02 6.801359843399733052e+01 2.588102529645833272e+01 6.697714264812741192e+01
1.966390467364045908e+05 1.446251961565908277e+05 1.007011424932492955e+05 7.998579284542865935e+04 5.475436421678158513e+04 1.335849267432284832e+05 3.507449289831530768e+04 2.288339569758328798e+04 1.555127494671178647e+04 9.661070147616072063e+03 5.025711794148314766e+03 2.331080975131197192e+03 1.655614116231854496e+03 5.272172415816289686e+02 -2.596969387398489815e+00 -2.026416247449129671e+01 5.432332134851969840e+01 2.709468958023977692e+01
1.229742033086819429e+05 1.072370027449180780e+05 8.615910489412344759e+04 5.827135385546740144e+04 4.696793520159077889e+04 3.507449289831530768e+04 8.266144765407791419e+04 1.643796314785660434e+04 9.321753685187924930e+03 8.101514579874056835e+03 3.063828967370699502e+03 1.634709257602693015e+03 9.831084325223807809e+02 4.692819173227682654e+02 -7.566753004517454428e+01 -5.943511424044339186e+00 -4.682027524550201747e+01 3.250508295422535809e+01
8.686201810173591366e+04 6.824743387722996704e+04 6.048208615155323787e+04 4.547199969963620970e+04 3.664270136904223182e+04 2.288339569758328798e+04 1.643796314785660434e+04 4.890367284496426146e+04 8.828859353339015797e+03 4.229100048544321908e+03 2.630031458310883863e+03 5.870992364173501983e+02 6.396634652990923087e+02 3.642497920578783805e+02 6.145421226688952743e+01 3.618520120413999308e+01 -3.457247045218178272e+01 -2.540206890163322129e+01
5.743013951927588641e+04 4.774675884591929207e+04 2.802088810362464574e+04 3.254803652771730412e+04 1.880478714898911858e+04 1.555127494671178647e+04 9.321753685187924930e+03 8.828859353339015797e+03 2.578769679901670679e+04 3.962437173398249797e+03 1.942259322360974011e+03 1.911740625156204487e+02 2.245863958519649657e+02 8.881264288273145269e+01 1.654443438783125275e+00 1.255419081221380928e+01 -7.423117461763308889e+00 -5.620784331860315675e+00
2.864344681794643839e+04 2.673305621502228314e+04 1.913604143179984021e+04 1.807402531348563571e+04 1.210727083567325280e+04 9.661070147616072063e+03 8.101514579874056835e+03 4.229100048544321908e+03 3.962437173398249797e+03 1.237224785343166695e+04 1.145908230687171454e+03 5.351602881823268945e+02 1.238206387560446871e+02 2.113473626560140985e+02 -2.500315652711512016e+01 2.609631849199436004e+01 1.930080161909091263e+00 6.143915708946353638e-01
1.882191212773451480e+04 1.463710560813622942e+04 1.099602187539465376e+04 1.000833756450331748e+04 5.877980939850570394e+03 5.025711794148314766e+03 3.063828967370699502e+03 2.630031458310883863e+03 1.942259322360974011e+03 1.145908230687171454e+03 7.021496256498386174e+03 6.754021851905348512e+02 -1.544038418490806919e+02 1.219922836217925664e+02 -2.083194125043319911e+00 5.921307476656381574e+00 -5.817877301006941337e+00 -2.534646363007632797e+00
9.122253524174102495e+03 6.541462803574724603e+03 5.014957209891029379e+03 5.658781253314318747e+03 2.710454285592874385e+03 2.331080975131197192e+03 1.634709257602693015e+03 5.870992364173501983e+02 1.911740625156204487e+02 5.351602881823268945e+02 6.754021851905348512e+02 2.943246980353488198e+03 1.557215409388527405e+02 7.613805634081101914e+01 2.637401698032196151e+01 6.295820729535189786e-01 5.972064487810722078e+00 -8.103288868755035068e+00
6.363344699568740907e+03 4.497919433449023018e+03 2.617053776173285314e+03 2.666758115724112940e+03 2.244182408005688558e+03 1.655614116231854496e+03 9.831084325223807809e+02 6.396634652990923087e+02 2.245863958519649657e+02 1.238206387560446871e+02 -1.544038418490806919e+02 1.557215409388527405e+02 1.162179631487625784e+03 -8.643906735629279581e+00 2.052234420934544801e+01 -1.705425436954650209e+01 -3.071247693065757733e+00 4.663262703322499370e+00
2.531203959903053544e+02 1.057739618017695648e+03 2.381164688525249460e+02 -1.227182826707085326e+02 9.250293915937721749e+02 5.272172415816289686e+02 4.692819173227682654e+02 3.642497920578783805e+02 8.881264288273145269e+01 2.113473626560140985e+02 1.219922836217925664e+02 7.613805634081101914e+01 -8.643906735629279581e+00 4.365983021876157864e+02 -3.380168870839908024e+00 6.605375413555630182e+00 4.324155026846531608e-02 -3.065805201347588937e-01
2.595946436106720512e+02 -1.388025753201353609e+02 1.557639241282046498e+02 -2.291701004933120487e+02 -1.043294874411112261e+02 -2.596969387398489815e+00 -7.566753004517454428e+01 6.145421226688952743e+01 1.654443438783125275e+00 -2.500315652711512016e+01 -2.083194125043319911e+00 2.637401698032196151e+01 2.052234420934544801e+01 -3.380168870839908024e+00 1.027210060600832264e+02 -3.081578089551038513e+00 -3.261786672173079271e-01 -8.880292772307283311e-01
3.432841653956090511e+01 -1.938049140531475416e+02 4.024355219820711937e+01 -3.624823435501361502e+01 6.801359843399733052e+01 -2.026416247449129671e+01 -5.943511424044339186e+00 3.618520120413999308e+01 1.255419081221380928e+01 2.609631849199436004e+01 5.921307476656381574e+00 6.295820729535189786e-01 -1.705425436954650209e+01 6.605375413555630182e+00 -3.081578089551038513e+00 3.219161503404992430e+01 6.286271748356071498e-01 -2.514169340618025994e-01
1.858311466252076372e+01 3.279617009448353659e+00 1.883081537411871409e+01 9.773306840168217491e+01 2.588102529645833272e+01 5.432332134851969840e+01 -4.682027524550201747e+01 -3.457247045218178272e+01 -7.423117461763308889e+00 1.930080161909091263e+00 -5.817877301006941337e+00 5.972064487810722078e+00 -3.071247693065757733e+00 4.324155026846531608e-02 -3.261786672173079271e-01 6.286271748356071498e-01 5.963006553373844554e+00 -4.713202991711136491e-02
-4.005313658001895760e+01 2.607343540550514405e+01 -1.078212564824329860e+02 1.428806548129106169e+01 6.697714264812741192e+01 2.709468958023977692e+01 3.250508295422535809e+01 -2.540206890163322129e+01 -5.620784331860315675e+00 6.143915708946353638e-01 -2.534646363007632797e+00 -8.103288868755035068e+00 4.663262703322499370e+00 -3.065805201347588937e-01 -8.880292772307283311e-01 -2.514169340618025994e-01 -4.713202991711136491e-02 3.989973305833600659e+00
