1.276374941691706888e+06 5.627878663673689589e+05 4.872480306602779310e+05 3.242881193977047224e+05 2.435791075119341840e+05 1.709153723392823304e+05 1.242793055386111955e+05 1.197581749601715128e+05 5.777192945926334505e+04 4.486927645937470515e+04 1.148916315970385403e+04 1.323675806935355286e+04 5.133858161132648092e+03 3.153414414324110567e+03 9.939226116071532715e+02 -6.082329180249432454e+01 2.718915322169992237e+02
5.627878663673689589e+05 8.194052851335620508e+05 3.631314291443350376e+05 2.337236304118586413e+05 2.111943307421838399e+05 1.303425447139844619e+05 1.120013717759134597e+05 8.770981663355682394e+04 5.525470391935932275e+04 4.097158568557419494e+04 1.158018073751196607e+04 9.398100950835434560e+03 4.170300220910815369e+03 2.831398028425339817e+03 3.556884781094291981e+01 -1.769325720059279092e+02 2.843504823488368860e+00
4.872480306602779310e+05 3.631314291443350376e+05 5.944979946566454601e+05 2.264588479906946886e+05 1.695435790404567670e+05 1.223673795134828397e+05 7.667130274493583420e+04 6.729410103560690186e+04 4.586265621515064413e+04 2.721196764765801345e+04 1.001055814323235245e+04 8.731191211037068570e+03 1.769128668186800724e+03 7.885402657837406650e+02 8.013649374180047857e+00 -5.191227722284286727e+01 1.759507636472208674e+02
3.242881193977047224e+05 2.337236304118586413e+05 2.264588479906946886e+05 3.877742978977725725e+05 1.112342331160230970e+05 7.631565189643573831e+04 5.601705016719873674e+04 5.134778783903081785e+04 2.633613387017450805e+04 2.006791287223827385e+04 1.066207321354379383e+04 5.049046351973318451e+03 1.881924573202209785e+03 1.641761807710233825e+03 5.515356865678130589e+02 1.189674828667809265e+02 1.611435993454711593e+02
2.435791075119341840e+05 2.111943307421838399e+05 1.695435790404567670e+05 1.112342331160230970e+05 2.312542146326675720e+05 5.965911621267944429e+04 4.695797275431375601e+04 4.102448729720738629e+04 2.522692115794226993e+04 1.588256128491557502e+04 8.977287952748009047e+03 4.186363671271704334e+03 1.116111328600165280e+03 1.324046190540257840e+03 2.924495453884425160e+02 -1.796374322949393161e+02 1.109265276926063706e+02
1.709153723392823304e+05 1.303425447139844619e+05 1.223673795134828397e+05 7.631565189643573831e+04 5.965911621267944429e+04 1.489796047283446533e+05 4.083435322120018827e+04 3.025012577101368151e+04 1.956440595830041639e+04 1.227638806279802884e+04 4.420172074750146749e+03 2.607128318905321521e+03 -9.561959890540919105e+01 1.008902010472773213e+03 3.032107129036266429e+02 -3.565813029421150304e+01 8.337400403780391045e+00
1.242793055386111955e+05 1.120013717759134597e+05 7.667130274493583420e+04 5.601705016719873674e+04 4.695797275431375601e+04 4.083435322120018827e+04 8.125410689727214049e+04 1.878041417085236026e+04 1.226172212993644280e+04 8.137089182977949349e+03 2.370048979052356117e+03 2.289605194613082404e+03 7.509541883185194138e+02 8.281166067534754802e+02 6.362121128155197169e+01 2.032792345781926002e+01 6.808257736855864550e+01
1.197581749601715128e+05 8.770981663355682394e+04 6.729410103560690186e+04 5.134778783903081785e+04 4.102448729720738629e+04 3.025012577101368151e+04 1.878041417085236026e+04 5.218772073213563272e+04 1.226600125480366114e+04 6.883061634360708922e+03 2.550077995447586545e+03 1.857088924401288750e+03 2.677533926277446881e+02 3.084416164449034454e+02 1.645003654091586327e+02 -2.409359198501135424e+01 3.078293155995366703e+01
5.777192945926334505e+04 5.525470391935932275e+04 4.586265621515064413e+04 2.633613387017450805e+04 2.522692115794226993e+04 1.956440595830041639e+04 1.226172212993644280e+04 1.226600125480366114e+04 2.818048882425372358e+04 3.777299095531360763e+03 2.100157331137072561e+03 1.437636194408979236e+03 7.771302272428075639e+02 5.129194947051560121e+02 6.787194239573457821e+01 -1.132070248685991345e+02 3.559700753796594785e+00
4.486927645937470515e+04 4.097158568557419494e+04 2.721196764765801345e+04 2.006791287223827385e+04 1.588256128491557502e+04 1.227638806279802884e+04 8.137089182977949349e+03 6.883061634360708922e+03 3.777299095531360763e+03 1.443882023408583154e+04 1.606677512377172434e+03 9.496576222313938160e+02 2.024170616097531195e+02 1.828884078109487064e+02 -3.317109847307266079e+01 -1.151366366727839363e+01 6.794482179151180468e+00
1.148916315970385403e+04 1.158018073751196607e+04 1.001055814323235245e+04 1.066207321354379383e+04 8.977287952748009047e+03 4.420172074750146749e+03 2.370048979052356117e+03 2.550077995447586545e+03 2.100157331137072561e+03 1.606677512377172434e+03 6.929207716240945956e+03 2.176752415433332715e+02 1.999753107587859517e+02 6.521912964073435148e+01 -3.479507291725457918e+01 1.492139202417102073e+00 1.093479429377293322e+01
1.323675806935355286e+04 9.398100950835434560e+03 8.731191211037068570e+03 5.049046351973318451e+03 4.186363671271704334e+03 2.607128318905321521e+03 2.289605194613082404e+03 1.857088924401288750e+03 1.437636194408979236e+03 9.496576222313938160e+02 2.176752415433332715e+02 3.090738393825924504e+03 2.240198473418821266e+02 3.121804616658389264e+01 -3.518569450175425217e+00 -3.329538602751922838e+01 1.681825992627107524e+01
5.133858161132648092e+03 4.170300220910815369e+03 1.769128668186800724e+03 1.881924573202209785e+03 1.116111328600165280e+03 -9.561959890540919105e+01 7.509541883185194138e+02 2.677533926277446881e+02 7.771302272428075639e+02 2.024170616097531195e+02 1.999753107587859517e+02 2.240198473418821266e+02 1.342761921760841005e+03 2.976428058223937612e+01 1.722332630671877851e+01 -8.619673867917256871e+00 6.885631088845153513e+00
3.153414414324110567e+03 2.831398028425339817e+03 7.885402657837406650e+02 1.641761807710233825e+03 1.324046190540257840e+03 1.008902010472773213e+03 8.281166067534754802e+02 3.084416164449034454e+02 5.129194947051560121e+02 1.828884078109487064e+02 6.521912964073435148e+01 3.121804616658389264e+01 2.976428058223937612e+01 4.755367257139548087e+02 -3.043874145109729756e+00 -2.986218599372029381e+00 1.159642381983933657e+00
9.939226116071532715e+02 3.556884781094291981e+01 8.013649374180047857e+00 5.515356865678130589e+02 2.924495453884425160e+02 3.032107129036266429e+02 6.362121128155197169e+01 1.645003654091586327e+02 6.787194239573457821e+01 -3.317109847307266079e+01 -3.479507291725457918e+01 -3.518569450175425217e+00 1.722332630671877851e+01 -3.043874145109729756e+00 1.554658559302864091e+02 -1.674449718372430063e+00 9.588718817810618633e-01
-6.082329180249432454e+01 -1.769325720059279092e+02 -5.191227722284286727e+01 1.189674828667809265e+02 -1.796374322949393161e+02 -3.565813029421150304e+01 2.032792345781926002e+01 -2.409359198501135424e+01 -1.132070248685991345e+02 -1.151366366727839363e+01 1.492139202417102073e+00 -3.329538602751922838e+01 -8.619673867917256871e+00 -2.986218599372029381e+00 -1.674449718372430063e+00 3.280401684502207615e+01 -6.875699577725833400e-01
2.718915322169992237e+02 2.843504823488368860e+00 1.759507636472208674e+02 1.611435993454711593e+02 1.109265276926063706e+02 8.337400403780391045e+00 6.808257736855864550e+01 3.078293155995366703e+01 3.559700753796594785e+00 6.794482179151180468e+00 1.093479429377293322e+01 1.681825992627107524e+01 6.885631088845153513e+00 1.159642381983933657e+00 9.588718817810618633e-01 -6.875699577725833400e-01 9.859634388972471797e+00
