1.563220628845778410e+05 4.058396613609173801e+04 1.709264678220674614e+04 1.589016616845997851e+04 8.082660259948720523e+03 4.579842223389906394e+03 1.344339666748681566e+03 4.859138043944674905e+02 3.773768582958689422e+02 -1.309632811148114513e+02 -3.663580924406855388e+01 -1.666764988144875659e+01
4.058396613609173801e+04 1.010047756456966599e+05 1.625524473968267739e+04 1.070754025797735085e+04 6.270374796601050548e+03 2.898571818091817931e+03 1.180940638196334930e+03 1.336508515381148676e+00 1.096096615863858688e+02 -4.646902860264375335e+01 -3.717066105526451736e+01 7.448306016895656079e+00
1.709264678220674614e+04 1.625524473968267739e+04 4.157052205506090831e+04 5.591909131627092393e+03 3.627923318505777843e+03 4.574179123158560287e+02 7.653569477021710554e+02 1.168956783578974949e+02 -1.302419913781862881e+01 -2.449193756798999999e+01 6.843798031640072388e+00 3.301792290450979106e+00
1.589016616845997851e+04 1.070754025797735085e+04 5.591909131627092393e+03 2.126660501552793357e+04 3.176003311754493552e+03 1.599128280813192305e+03 2.182224106425664729e+02 -1.372533613597600954e+01 1.941917372562017761e+02 -2.475701011058909273e+01 3.023723255281955069e+00 -2.050274032548354608e+00
8.082660259948720523e+03 6.270374796601050548e+03 3.627923318505777843e+03 3.176003311754493552e+03 9.397418177473182368e+03 4.642914509551563924e+02 1.847743408056702492e+02 -7.617276257109095638e+01 1.015164524990224919e+02 -5.728146079494281651e+01 -1.275424237024857455e+01 -5.203081902641670808e-01
4.579842223389906394e+03 2.898571818091817931e+03 4.574179123158560287e+02 1.599128280813192305e+03 4.642914509551563924e+02 3.718453998312025305e+03 9.097175465206420952e+00 5.845823411724552443e+01 2.109304297450323418e+01 9.924591431304012890e-01 -7.418360003443352779e-01 -1.938561466537168654e+00
1.344339666748681566e+03 1.180940638196334930e+03 7.653569477021710554e+02 2.182224106425664729e+02 1.847743408056702492e+02 9.097175465206420952e+00 1.453553223808286702e+03 1.089070947656481678e+02 -3.340558817361272048e+01 -3.682284040892949406e+01 2.356742902001416784e+00 4.472785831485478480e-01
4.859138043944674905e+02 1.336508515381148676e+00 1.168956783578974949e+02 -1.372533613597600954e+01 -7.617276257109095638e+01 5.845823411724552443e+01 1.089070947656481678e+02 5.530090564263884971e+02 8.201306966301882273e-01 -8.946790693837669561e-01 -1.871171737745606967e+00 -9.606456048994388430e-01
3.773768582958689422e+02 1.096096615863858688e+02 -1.302419913781862881e+01 1.941917372562017761e+02 1.015164524990224919e+02 2.109304297450323418e+01 -3.340558817361272048e+01 8.201306966301882273e-01 1.439335685340813029e+02 2.135533726564313284e+00 -7.666693036582313825e-01 -5.923822299134960945e-01
-1.309632811148114513e+02 -4.646902860264375335e+01 -2.449193756798999999e+01 -2.475701011058909273e+01 -5.728146079494281651e+01 9.924591431304012890e-01 -3.682284040892949406e+01 -8.946790693837669561e-01 2.135533726564313284e+00 4.675380402159628801e+01 -5.212263857122249044e-01 -1.736239194477659786e-01
-3.663580924406855388e+01 -3.717066105526451736e+01 6.843798031640072388e+00 3.023723255281955069e+00 -1.275424237024857455e+01 -7.418360003443352779e-01 2.356742902001416784e+00 -1.871171737745606967e+00 -7.666693036582313825e-01 -5.212263857122249044e-01 5.989876984664183723e+00 -2.365929504140967463e-02
-1.666764988144875659e+01 7.448306016895656079e+00 3.301792290450979106e+00 -2.050274032548354608e+00 -5.203081902641670808e-01 -1.938561466537168654e+00 4.472785831485478480e-01 -9.606456048994388430e-01 -5.923822299134960945e-01 -1.736239194477659786e-01 -2.365929504140967463e-02 2.009671824971265064e+00
