9.739218764923402341e+05 4.177748574197170092e+05 3.344245924081985140e+05 2.581367284783044597e+05 1.446898862012024329e+05 1.285002657750044746e+05 7.760396201331255725e+04 5.065596975138477865e+04 2.587217093645844216e+04 1.744820952808834772e+04 1.028189054975578983e+04 4.331752924194240222e+03 2.806151653017549961e+03 9.245566866141858782e+02 3.660312530462144878e+02 -5.078107020329998278e+01 4.790283790806344477e+00
4.177748574197170092e+05 5.923735381100927480e+05 2.664857252881882014e+05 1.981855171791047906e+05 1.115321739198081050e+05 9.771977717411864433e+04 5.141184887112895376e+04 3.695699085526121780e+04 2.331941591007501847e+04 1.304953922139943643e+04 5.303939977034114236e+03 3.131081259919323657e+03 1.888293928876511927e+03 2.582746506530608599e+02 1.894542667042772166e+02 7.666421515332848458e+01 1.788094876254072929e+01
3.344245924081985140e+05 2.664857252881882014e+05 4.246226567953518243e+05 1.704389711592142412e+05 1.022433710955256101e+05 8.400091751443453541e+04 4.616474929167699156e+04 2.717233147186824135e+04 1.766665499111547251e+04 1.053170360662743587e+04 2.710885613974488479e+03 2.437011226972465465e+03 7.884124435630167227e+02 3.072904618862186794e+02 4.394720512346311381e+01 2.259363615982147522e+01 1.635870074175605282e+01
2.581367284783044597e+05 1.981855171791047906e+05 1.704389711592142412e+05 2.541983726506851963e+05 8.273892220787178667e+04 6.241046736788686394e+04 3.328631473456889944e+04 1.997009678047366833e+04 1.449767453143174134e+04 8.578537335268103561e+03 4.122675424047015440e+03 1.870386628229205598e+03 8.582172896278676717e+02 4.484424451225360144e+02 2.018369118804779987e+02 4.949395902718442386e+01 -9.755374270149454574e+00
1.446898862012024329e+05 1.115321739198081050e+05 1.022433710955256101e+05 8.273892220787178667e+04 1.335658259092317021e+05 4.206059459885039541e+04 1.998992116543617885e+04 1.130345576528099082e+04 8.764210831776061241e+03 6.156422476576786721e+03 2.630800575405750806e+03 1.245103932196799178e+03 6.006870351465267959e+02 2.386671419853713303e+02 3.516384339535599679e+01 -1.764668133874181066e+01 7.260880888867689897e+00
1.285002657750044746e+05 9.771977717411864433e+04 8.400091751443453541e+04 6.241046736788686394e+04 4.206059459885039541e+04 8.615299716157997318e+04 1.845960894036654281e+04 1.161203758269547325e+04 8.176255794872145998e+03 4.888746995353597413e+03 2.084346446692431527e+03 1.369085513658958462e+03 6.292122424458239038e+02 1.331789742155807517e+02 8.352885172964286653e+01 4.754402896168397064e+01 6.058082816906066981e+00
7.760396201331255725e+04 5.141184887112895376e+04 4.616474929167699156e+04 3.328631473456889944e+04 1.998992116543617885e+04 1.845960894036654281e+04 4.356812852167858364e+04 5.970360368128719529e+03 3.535638723231551012e+03 1.837716235379351247e+03 7.011036146649978491e+02 6.011231281544585272e+02 1.198797762061422674e+02 2.013984660602801569e+02 -4.092928756260157996e+01 8.235864147027680104e+00 -1.083718841957157331e+01
5.065596975138477865e+04 3.695699085526121780e+04 2.717233147186824135e+04 1.997009678047366833e+04 1.130345576528099082e+04 1.161203758269547325e+04 5.970360368128719529e+03 2.384568461872715488e+04 3.418595561253318010e+03 8.122275471668203863e+02 4.901116310578948969e+02 6.262075984761912650e+02 -3.788737144674881563e+01 1.021298073272667750e+02 -2.713901720225003089e+01 -2.068241797152376105e+00 -7.840562981392359632e+00
2.587217093645844216e+04 2.331941591007501847e+04 1.766665499111547251e+04 1.449767453143174134e+04 8.764210831776061241e+03 8.176255794872145998e+03 3.535638723231551012e+03 3.418595561253318010e+03 1.226538089248603137e+04 1.330076017709664484e+03 4.571328427534014054e+02 4.378940613043863550e+02 9.035605854456716202e+01 6.233626972451119741e+00 -3.318538245824339583e+01 8.564254716226303188e+00 5.420156293134657410e+00
1.744820952808834772e+04 1.304953922139943643e+04 1.053170360662743587e+04 8.578537335268103561e+03 6.156422476576786721e+03 4.888746995353597413e+03 1.837716235379351247e+03 8.122275471668203863e+02 1.330076017709664484e+03 6.546580933767888382e+03 3.785714581131659315e+02 2.244681778449291585e+02 6.284319977435182381e+01 -2.371564385197481784e+01 3.303991780579814019e+01 -4.538638603952739103e+00 -3.403033490953668583e+00
1.028189054975578983e+04 5.303939977034114236e+03 2.710885613974488479e+03 4.122675424047015440e+03 2.630800575405750806e+03 2.084346446692431527e+03 7.011036146649978491e+02 4.901116310578948969e+02 4.571328427534014054e+02 3.785714581131659315e+02 2.734315217936983117e+03 1.194567257810287231e+02 5.242492591628437282e+01 -3.117686221906290456e+01 1.947436251543404140e+01 -9.835010395730540367e+00 -6.947146480643088262e-01
4.331752924194240222e+03 3.131081259919323657e+03 2.437011226972465465e+03 1.870386628229205598e+03 1.245103932196799178e+03 1.369085513658958462e+03 6.011231281544585272e+02 6.262075984761912650e+02 4.378940613043863550e+02 2.244681778449291585e+02 1.194567257810287231e+02 8.703554890352640996e+02 1.703870755995541231e+01 2.858478158105650735e+01 5.959155648370394687e+00 3.950735926420469557e+00 2.321002763864242757e-01
2.806151653017549961e+03 1.888293928876511927e+03 7.884124435630167227e+02 8.582172896278676717e+02 6.006870351465267959e+02 6.292122424458239038e+02 1.198797762061422674e+02 -3.788737144674881563e+01 9.035605854456716202e+01 6.284319977435182381e+01 5.242492591628437282e+01 1.703870755995541231e+01 4.140926109525955781e+02 7.603460638262776072e+00 1.203888325220647371e+00 -6.450510099009270082e-01 -6.645325726861912585e-01
9.245566866141858782e+02 2.582746506530608599e+02 3.072904618862186794e+02 4.484424451225360144e+02 2.386671419853713303e+02 1.331789742155807517e+02 2.013984660602801569e+02 1.021298073272667750e+02 6.233626972451119741e+00 -2.371564385197481784e+01 -3.117686221906290456e+01 2.858478158105650735e+01 7.603460638262776072e+00 7.877767152077161938e+01 4.105947560894858128e+00 3.460039103846908048e-01 -1.650923624803223855e-01
3.660312530462144878e+02 1.894542667042772166e+02 4.394720512346311381e+01 2.018369118804779987e+02 3.516384339535599679e+01 8.352885172964286653e+01 -4.092928756260157996e+01 -2.713901720225003089e+01 -3.318538245824339583e+01 3.303991780579814019e+01 1.947436251543404140e+01 5.959155648370394687e+00 1.203888325220647371e+00 4.105947560894858128e+00 3.043873945558741312e+01 7.703977445995101592e-01 9.470116703207549502e-01
-5.078107020329998278e+01 7.666421515332848458e+01 2.259363615982147522e+01 4.949395902718442386e+01 -1.764668133874181066e+01 4.754402896168397064e+01 8.235864147027680104e+00 -2.068241797152376105e+00 8.564254716226303188e+00 -4.538638603952739103e+00 -9.835010395730540367e+00 3.950735926420469557e+00 -6.450510099009270082e-01 3.460039103846908048e-01 7.703977445995101592e-01 3.992437023657272821e+00 -7.856945110692943254e-03
4.790283790806344477e+00 1.788094876254072929e+01 1.635870074175605282e+01 -9.755374270149454574e+00 7.260880888867689897e+00 6.058082816906066981e+00 -1.083718841957157331e+01 -7.840562981392359632e+00 5.420156293134657410e+00 -3.403033490953668583e+00 -6.947146480643088262e-01 2.321002763864242757e-01 -6.645325726861912585e-01 -1.650923624803223855e-01 9.470116703207549502e-01 -7.856945110692943254e-03 1.003445951323281626e+00
