9.331337477933511836e+05 3.434024817916789325e+05 2.824317098723307136e+05 2.075318115751067235e+05 1.664048120154546923e+05 8.962901838209046400e+04 7.438145882297889329e+04 4.561692814748280944e+04 2.081431636585200249e+04 9.168535149112596628e+03 6.565487853644262941e+03 2.294031057234699801e+03 2.358178382113034672e+02 3.720930047079480829e+01 2.424184004485642063e+01 1.171629652379921183e+01
3.434024817916789325e+05 5.545067148620970547e+05 2.037308886037062912e+05 1.485561573641536816e+05 1.009320476407778624e+05 7.565747047258209204e+04 4.221671822928375332e+04 3.187882956433875734e+04 1.312149216425060331e+04 9.059504412617910930e+03 2.522192281255070156e+03 1.584971142691118075e+03 5.616297193569478168e+02 1.904199665759069262e+02 -4.667111311586081968e+01 -1.576142415075603687e+01
2.824317098723307136e+05 2.037308886037062912e+05 3.485191352453018771e+05 1.171200167660168663e+05 7.369643327260950173e+04 5.925673153272236959e+04 3.774667939416740410e+04 2.240490410713853998e+04 1.141588355954210056e+04 4.736168749987793490e+03 2.747152098598801899e+02 7.691689627809291778e+02 2.469606590914747244e+02 -1.800296961843273991e+01 3.747887414981594389e+00 4.763489086450417354e+00
2.075318115751067235e+05 1.485561573641536816e+05 1.171200167660168663e+05 2.099958130451691686e+05 6.073573618560044997e+04 4.777934808884954691e+04 3.208253609522276383e+04 1.643918889409364419e+04 8.649730502779761082e+03 4.829379793309686647e+03 1.912508050813704131e+03 7.463496284637831195e+02 8.400281359473213172e+01 8.967557969737775636e+01 -3.271131615839586715e+01 4.219124301588938408e+01
1.664048120154546923e+05 1.009320476407778624e+05 7.369643327260950173e+04 6.073573618560044997e+04 1.271261630395156244e+05 3.303028278805383161e+04 2.343196463334067084e+04 1.126312315050173493e+04 5.902874012614407548e+03 3.192436476865229452e+03 5.054547705548774275e+02 5.808659226189416813e+02 -9.833251015530247230e+01 -5.505232838792426975e+01 -6.806201040583376027e+01 9.635901449747958480e+00
8.962901838209046400e+04 7.565747047258209204e+04 5.925673153272236959e+04 4.777934808884954691e+04 3.303028278805383161e+04 7.739580445884165238e+04 1.728792654301977745e+04 1.137447360428264983e+04 2.524362564783453763e+03 2.775916030757993212e+03 8.938090846755133043e+02 7.575963558090427341e+02 2.767552236135298926e+02 -2.735521772728791490e+01 -2.416453602366913600e+01 -3.506680870488686264e+00
7.438145882297889329e+04 4.221671822928375332e+04 3.774667939416740410e+04 3.208253609522276383e+04 2.343196463334067084e+04 1.728792654301977745e+04 3.983935744864153821e+04 8.511937774435822575e+03 3.915077156553662007e+03 1.441548534975977191e+03 4.031413314583826377e+02 2.626898171835892981e+02 1.611697922423313685e+02 -5.384385496620390654e+01 4.743295167431740150e-02 2.793938904860990391e+00
4.561692814748280944e+04 3.187882956433875734e+04 2.240490410713853998e+04 1.643918889409364419e+04 1.126312315050173493e+04 1.137447360428264983e+04 8.511937774435822575e+03 2.007859209808853848e+04 2.515564364906720584e+03 1.525873242150090846e+03 1.766944541160694655e+02 4.250396614426313704e+02 5.780180797276408100e+01 -3.372415435592221655e+01 1.354897888130644645e+01 3.639056464019672976e+00
2.081431636585200249e+04 1.312149216425060331e+04 1.141588355954210056e+04 8.649730502779761082e+03 5.902874012614407548e+03 2.524362564783453763e+03 3.915077156553662007e+03 2.515564364906720584e+03 9.144452146383278887e+03 5.021908625233833732e+02 1.597661589044262200e+02 7.235340391823937978e+01 -2.762485056063263666e+00 1.089609895962310837e+01 -9.197123106410135307e+00 7.294470436498919907e-01
9.168535149112596628e+03 9.059504412617910930e+03 4.736168749987793490e+03 4.829379793309686647e+03 3.192436476865229452e+03 2.775916030757993212e+03 1.441548534975977191e+03 1.525873242150090846e+03 5.021908625233833732e+02 4.049653170811685413e+03 3.053205247369399800e+01 1.755707382933332497e+02 -3.093013166375962797e+01 -1.132860449256758528e+01 -2.679628897929814402e-01 -1.327682489106555508e+00
6.565487853644262941e+03 2.522192281255070156e+03 2.747152098598801899e+02 1.912508050813704131e+03 5.054547705548774275e+02 8.938090846755133043e+02 4.031413314583826377e+02 1.766944541160694655e+02 1.597661589044262200e+02 3.053205247369399800e+01 1.777940305960767091e+03 1.092244299879061771e+02 -1.048185639904042077e+01 9.477584371427548504e+00 5.024915924131123646e+00 1.759884777789504806e+00
2.294031057234699801e+03 1.584971142691118075e+03 7.691689627809291778e+02 7.463496284637831195e+02 5.808659226189416813e+02 7.575963558090427341e+02 2.626898171835892981e+02 4.250396614426313704e+02 7.235340391823937978e+01 1.755707382933332497e+02 1.092244299879061771e+02 6.977204183202422882e+02 -2.690731659916724183e+01 -2.236229303487347941e+00 -4.219285107797487555e+00 4.564578319060106359e-01
2.358178382113034672e+02 5.616297193569478168e+02 2.469606590914747244e+02 8.400281359473213172e+01 -9.833251015530247230e+01 2.767552236135298926e+02 1.611697922423313685e+02 5.780180797276408100e+01 -2.762485056063263666e+00 -3.093013166375962797e+01 -1.048185639904042077e+01 -2.690731659916724183e+01 2.094958241103978480e+02 -2.329701702691280296e+00 -1.133045074191125323e+00 2.234094922404201267e+00
3.720930047079480829e+01 1.904199665759069262e+02 -1.800296961843273991e+01 8.967557969737775636e+01 -5.505232838792426975e+01 -2.735521772728791490e+01 -5.384385496620390654e+01 -3.372415435592221655e+01 1.089609895962310837e+01 -1.132860449256758528e+01 9.477584371427548504e+00 -2.236229303487347941e+00 -2.329701702691280296e+00 4.704952652661546608e+01 2.202359406674779141e+00 -2.044570530414249188e-01
2.424184004485642063e+01 -4.667111311586081968e+01 3.747887414981594389e+00 -3.271131615839586715e+01 -6.806201040583376027e+01 -2.416453602366913600e+01 4.743295167431740150e-02 1.354897888130644645e+01 -9.197123106410135307e+00 -2.679628897929814402e-01 5.024915924131123646e+00 -4.219285107797487555e+00 -1.133045074191125323e+00 2.202359406674779141e+00 7.926232062637140530e+00 -3.144595793042358201e-02
1.171629652379921183e+01 -1.576142415075603687e+01 4.763489086450417354e+00 4.219124301588938408e+01 9.635901449747958480e+00 -3.506680870488686264e+00 2.793938904860990391e+00 3.639056464019672976e+00 7.294470436498919907e-01 -1.327682489106555508e+00 1.759884777789504806e+00 4.564578319060106359e-01 2.234094922404201267e+00 -2.044570530414249188e-01 -3.144595793042358201e-02 2.004211753404889329e+00
