4.598979465162683045e+05 1.377330418644404272e+05 9.548237598649844585e+04 4.759495534145679994e+04 3.583993574068795715e+04 2.461394024824493317e+04 1.775757265924935200e+04 7.545356942581768635e+03 5.987885328042074434e+03 5.338819331655952283e+02 6.492656168553029374e+02 1.583773693679122232e+02 9.754554499185642547e-01 -3.708094584081047884e+01
1.377330418644404272e+05 2.524257497842937883e+05 7.323409634572327195e+04 4.167768707582049683e+04 2.810451828221988762e+04 1.955230197796068751e+04 1.056934574630030147e+04 6.016908187251292475e+03 3.213216653805207898e+03 1.006866463501319686e+03 4.408369113028675201e+02 -5.609598548857169797e-02 3.156888318475151323e+01 -6.466645927982629871e+01
9.548237598649844585e+04 7.323409634572327195e+04 1.590576853519372526e+05 3.440339923681772052e+04 1.770738456519111423e+04 1.096456367344235878e+04 7.411965641341401351e+03 3.527828526076178150e+03 2.310380936111127539e+03 8.533856880491216543e+02 3.501820383624245778e+02 1.004921582565061016e+02 7.424361392758821410e+01 5.066929329308140773e+00
4.759495534145679994e+04 4.167768707582049683e+04 3.440339923681772052e+04 7.295152566072730406e+04 9.654737943493872081e+03 5.704385564373571469e+03 3.481095426432221302e+03 1.704185323418753569e+03 1.019281119092549602e+03 4.834527063944425436e+02 2.350681821237050144e+02 2.368873179761917314e+01 1.451696010928796632e+01 -2.693388741961476640e+01
3.583993574068795715e+04 2.810451828221988762e+04 1.770738456519111423e+04 9.654737943493872081e+03 3.742405500164994737e+04 6.195660979418958050e+03 3.229196114350483640e+03 1.048369095705950031e+03 1.154791558297165238e+03 -9.909904418298675921e+01 8.679776050180144864e+01 7.920880113727201355e+00 1.703431284787382438e+01 3.842135466225825358e+00
2.461394024824493317e+04 1.955230197796068751e+04 1.096456367344235878e+04 5.704385564373571469e+03 6.195660979418958050e+03 2.249713574288529708e+04 1.702314811206195373e+03 1.122346593988756467e+03 6.369512999161356674e+02 7.339759548864279282e+01 4.128360494647175472e+01 7.953268721424873888e+01 4.390220691757330940e+01 1.308132246401493859e+01
1.775757265924935200e+04 1.056934574630030147e+04 7.411965641341401351e+03 3.481095426432221302e+03 3.229196114350483640e+03 1.702314811206195373e+03 1.015814499956634972e+04 4.660095210751964601e+02 3.920866405659443785e+02 1.211323469480022084e+02 7.380993620744463612e+01 -3.010571402285029841e+00 -6.072054306806411006e+00 5.403180085563220381e+00
7.545356942581768635e+03 6.016908187251292475e+03 3.527828526076178150e+03 1.704185323418753569e+03 1.048369095705950031e+03 1.122346593988756467e+03 4.660095210751964601e+02 4.564979114068304625e+03 1.453397431391756243e+02 -1.433917768851635515e+02 -5.613564673458408372e+00 6.764862479297116593e+00 1.383235250565072738e-01 2.196507973799393110e+00
5.987885328042074434e+03 3.213216653805207898e+03 2.310380936111127539e+03 1.019281119092549602e+03 1.154791558297165238e+03 6.369512999161356674e+02 3.920866405659443785e+02 1.453397431391756243e+02 1.664242726981319265e+03 2.061540367454349010e+01 1.898899696558234318e+00 -1.045281247695532301e+01 -5.323916709922545287e+00 -1.018192741312822225e+00
5.338819331655952283e+02 1.006866463501319686e+03 8.533856880491216543e+02 4.834527063944425436e+02 -9.909904418298675921e+01 7.339759548864279282e+01 1.211323469480022084e+02 -1.433917768851635515e+02 2.061540367454349010e+01 6.275797645891059346e+02 -3.246127389158109366e+01 -6.215471748454347356e+00 -2.327365494131440338e-01 -1.561484775919638190e+00
6.492656168553029374e+02 4.408369113028675201e+02 3.501820383624245778e+02 2.350681821237050144e+02 8.679776050180144864e+01 4.128360494647175472e+01 7.380993620744463612e+01 -5.613564673458408372e+00 1.898899696558234318e+00 -3.246127389158109366e+01 2.017752678158493609e+02 1.132023922382076364e+01 -2.378999598230001400e+00 5.122599885907010986e-01
1.583773693679122232e+02 -5.609598548857169797e-02 1.004921582565061016e+02 2.368873179761917314e+01 7.920880113727201355e+00 7.953268721424873888e+01 -3.010571402285029841e+00 6.764862479297116593e+00 -1.045281247695532301e+01 -6.215471748454347356e+00 1.132023922382076364e+01 4.746826937181871386e+01 1.219355595194989483e+00 -3.544395858660592813e-01
9.754554499185642547e-01 3.156888318475151323e+01 7.424361392758821410e+01 1.451696010928796632e+01 1.703431284787382438e+01 4.390220691757330940e+01 -6.072054306806411006e+00 1.383235250565072738e-01 -5.323916709922545287e+00 -2.327365494131440338e-01 -2.378999598230001400e+00 1.219355595194989483e+00 8.913930871093945996e+00 -7.085838618189900517e-02
-3.708094584081047884e+01 -6.466645927982629871e+01 5.066929329308140773e+00 -2.693388741961476640e+01 3.842135466225825358e+00 1.308132246401493859e+01 5.403180085563220381e+00 2.196507973799393110e+00 -1.018192741312822225e+00 -1.561484775919638190e+00 5.122599885907010986e-01 -3.544395858660592813e-01 -7.085838618189900517e-02 3.997996860189470425e+00
