1.424599984910621773e+06 6.236479356724532554e+05 5.420459586974121630e+05 3.787017415164244594e+05 3.489355436673048534e+05 2.330548980516880401e+05 1.859508709393275494e+05 1.253565820336059696e+05 7.847381644997946569e+04 4.468387469598112511e+04 3.181556603094529055e+04 1.597368563416049074e+04 1.017505609186719630e+04 1.859454402985992147e+03 1.253903875277519091e+03 1.198933017530777988e+03 8.867555567562128260e+01 -1.863226612850996489e+01 -3.861738552307626549e+01
6.236479356724532554e+05 8.946304064883220708e+05 3.641856494722188218e+05 2.859944796622589347e+05 2.421756420240218577e+05 1.502584015413203160e+05 1.195425717746064038e+05 8.651877087784740434e+04 5.855044641035380482e+04 4.362137102765955206e+04 1.937111441352864131e+04 1.136357255096242079e+04 7.304190557546407945e+03 1.076551450382405164e+03 1.689133864013038874e+03 1.113081292808818034e+03 -4.333695562735395868e+01 -6.121076228369803829e+01 -3.828054717186225275e+01
5.420459586974121630e+05 3.641856494722188218e+05 6.256463343747721519e+05 2.481636532877610007e+05 1.896604037041284610e+05 1.473399842724314367e+05 1.187813013846071699e+05 8.330517553139537631e+04 4.756859360260747781e+04 3.386429671040990797e+04 1.881694033723117900e+04 1.204343338159498853e+04 5.676594471663584045e+03 1.015156148716875123e+03 8.553960427856553679e+02 5.229105727434128994e+02 1.528843594880636090e+02 -1.157555645093420438e+01 4.521323911408055807e+01
3.787017415164244594e+05 2.859944796622589347e+05 2.481636532877610007e+05 4.260762226409686264e+05 1.532874066500179179e+05 9.768300225583271822e+04 8.427249479512593825e+04 4.913853501963807503e+04 3.249487293017713819e+04 2.472568697313173107e+04 1.428309262214865339e+04 5.153327945925428139e+03 1.663040995974190764e+03 1.437192062224667325e+03 9.137666886607863717e+02 5.517343335742428962e+02 1.849486111749637018e+02 1.116910747184584807e+01 9.144043699589937901e+00
3.489355436673048534e+05 2.421756420240218577e+05 1.896604037041284610e+05 1.532874066500179179e+05 3.005070104400032433e+05 8.221979565614782041e+04 6.862988946059027512e+04 5.732945948651205254e+04 3.379101290575445455e+04 2.449316111900797841e+04 1.092751607814984891e+04 6.861927062605310311e+03 2.881135983211803250e+03 1.460805172827192337e+03 7.891862416975615133e+02 5.509722049301288962e+02 9.371821966130595172e+01 4.816449696385270762e+00 -3.158617355134207472e+01
2.330548980516880401e+05 1.502584015413203160e+05 1.473399842724314367e+05 9.768300225583271822e+04 8.221979565614782041e+04 1.545662015974922688e+05 4.275034415663332038e+04 3.113771899658834809e+04 1.769533679049825514e+04 1.662817047816437480e+04 7.473949698225269458e+03 4.553563065783155253e+03 3.285174511384007928e+03 5.695080236246419645e+02 2.898257978425207853e+02 3.147069570532966054e+02 3.864895571342850644e+01 -6.738166222968874131e+00 9.797947185408780513e+00
1.859508709393275494e+05 1.195425717746064038e+05 1.187813013846071699e+05 8.427249479512593825e+04 6.862988946059027512e+04 4.275034415663332038e+04 1.112537393514184078e+05 2.681339097222014243e+04 1.414389856930121459e+04 1.130166862566662530e+04 5.782301334497883545e+03 3.256420081593749273e+03 1.181528659126249295e+03 4.760351539312302407e+02 2.695450592445960751e+02 1.619662436117607740e+02 1.789313589831239426e+01 -7.976211661977527179e+00 -1.258367954603516559e+01
1.253565820336059696e+05 8.651877087784740434e+04 8.330517553139537631e+04 4.913853501963807503e+04 5.732945948651205254e+04 3.113771899658834809e+04 2.681339097222014243e+04 6.102176662835029128e+04 1.030293964138392766e+04 7.311267578712592695e+03 4.631131789615646994e+03 2.761506197260841873e+03 1.713730662171875110e+03 2.835770867978073397e+02 6.009168025619825357e+02 2.056273721370463932e+02 9.072560651334638848e+00 -1.351781599346754348e+01 -3.223375627387675468e+00
7.847381644997946569e+04 5.855044641035380482e+04 4.756859360260747781e+04 3.249487293017713819e+04 3.379101290575445455e+04 1.769533679049825514e+04 1.414389856930121459e+04 1.030293964138392766e+04 3.588347167874746083e+04 6.076871849952421144e+03 3.522459172098593626e+03 1.295586458898284718e+03 2.464811520544557482e+02 2.410363211244555544e+02 1.411941471697480495e+02 4.900963204844406818e+01 -2.295609799303309018e+01 1.813953530041071005e+01 -5.163218781566965010e-01
4.468387469598112511e+04 4.362137102765955206e+04 3.386429671040990797e+04 2.472568697313173107e+04 2.449316111900797841e+04 1.662817047816437480e+04 1.130166862566662530e+04 7.311267578712592695e+03 6.076871849952421144e+03 1.780643899429565499e+04 3.098801276467500884e+03 1.375314465365846445e+03 9.924341188036351014e+02 1.473643811293593160e+02 2.644688890063331854e+01 1.277674900905868611e+02 -1.130510835849194429e+00 6.277827998324530867e+00 -4.422527491158240842e+00
3.181556603094529055e+04 1.937111441352864131e+04 1.881694033723117900e+04 1.428309262214865339e+04 1.092751607814984891e+04 7.473949698225269458e+03 5.782301334497883545e+03 4.631131789615646994e+03 3.522459172098593626e+03 3.098801276467500884e+03 8.320495766654968975e+03 7.808087827384761113e+02 3.875258640497949045e+02 9.719436765768135444e+01 1.094207040659937746e+02 2.364533901856687592e+01 -1.103971454926137952e+01 -1.531017884783451688e+00 -2.780433537290366797e+00
1.597368563416049074e+04 1.136357255096242079e+04 1.204343338159498853e+04 5.153327945925428139e+03 6.861927062605310311e+03 4.553563065783155253e+03 3.256420081593749273e+03 2.761506197260841873e+03 1.295586458898284718e+03 1.375314465365846445e+03 7.808087827384761113e+02 4.819740033148116709e+03 3.106788625718124308e+02 1.545915517277220488e+02 7.695757640136160660e+01 -2.505894039091950276e+01 1.372278156691644746e+01 -7.804329641295891129e+00 3.146687490041064628e+00
1.017505609186719630e+04 7.304190557546407945e+03 5.676594471663584045e+03 1.663040995974190764e+03 2.881135983211803250e+03 3.285174511384007928e+03 1.181528659126249295e+03 1.713730662171875110e+03 2.464811520544557482e+02 9.924341188036351014e+02 3.875258640497949045e+02 3.106788625718124308e+02 1.903841391727236896e+03 -1.409494781499837224e+01 3.101212132752140604e+01 7.116091541109808816e+01 5.133928922862617483e+00 1.533436673278504581e-01 5.799131385135819494e-01
1.859454402985992147e+03 1.076551450382405164e+03 1.015156148716875123e+03 1.437192062224667325e+03 1.460805172827192337e+03 5.695080236246419645e+02 4.760351539312302407e+02 2.835770867978073397e+02 2.410363211244555544e+02 1.473643811293593160e+02 9.719436765768135444e+01 1.545915517277220488e+02 -1.409494781499837224e+01 8.033561249504135731e+02 1.335419275695315910e+01 3.580084774946481474e+00 -9.023950067811853160e+00 3.069719430968165685e+00 -4.775222549748294187e-01
1.253903875277519091e+03 1.689133864013038874e+03 8.553960427856553679e+02 9.137666886607863717e+02 7.891862416975615133e+02 2.898257978425207853e+02 2.695450592445960751e+02 6.009168025619825357e+02 1.411941471697480495e+02 2.644688890063331854e+01 1.094207040659937746e+02 7.695757640136160660e+01 3.101212132752140604e+01 1.335419275695315910e+01 2.560160918643530863e+02 1.094731307154477751e+00 -3.124319887551337827e-01 1.139500776426603107e-01 -4.459459031739532731e-01
1.198933017530777988e+03 1.113081292808818034e+03 5.229105727434128994e+02 5.517343335742428962e+02 5.509722049301288962e+02 3.147069570532966054e+02 1.619662436117607740e+02 2.056273721370463932e+02 4.900963204844406818e+01 1.277674900905868611e+02 2.364533901856687592e+01 -2.505894039091950276e+01 7.116091541109808816e+01 3.580084774946481474e+00 1.094731307154477751e+00 8.670740733830940883e+01 -2.335821643796616165e+00 -3.182006783363109381e-01 8.465118581277313314e-01
8.867555567562128260e+01 -4.333695562735395868e+01 1.528843594880636090e+02 1.849486111749637018e+02 9.371821966130595172e+01 3.864895571342850644e+01 1.789313589831239426e+01 9.072560651334638848e+00 -2.295609799303309018e+01 -1.130510835849194429e+00 -1.103971454926137952e+01 1.372278156691644746e+01 5.133928922862617483e+00 -9.023950067811853160e+00 -3.124319887551337827e-01 -2.335821643796616165e+00 2.025184694253180950e+01 -8.247862323093801962e-02 -4.123643351424818165e-02
-1.863226612850996489e+01 -6.121076228369803829e+01 -1.157555645093420438e+01 1.116910747184584807e+01 4.816449696385270762e+00 -6.738166222968874131e+00 -7.976211661977527179e+00 -1.351781599346754348e+01 1.813953530041071005e+01 6.277827998324530867e+00 -1.531017884783451688e+00 -7.804329641295891129e+00 1.533436673278504581e-01 3.069719430968165685e+00 1.139500776426603107e-01 -3.182006783363109381e-01 -8.247862323093801962e-02 2.002721440079471726e+00 -3.926630724864494347e-03
-3.861738552307626549e+01 -3.828054717186225275e+01 4.521323911408055807e+01 9.144043699589937901e+00 -3.158617355134207472e+01 9.797947185408780513e+00 -1.258367954603516559e+01 -3.223375627387675468e+00 -5.163218781566965010e-01 -4.422527491158240842e+00 -2.780433537290366797e+00 3.146687490041064628e+00 5.799131385135819494e-01 -4.775222549748294187e-01 -4.459459031739532731e-01 8.465118581277313314e-01 -4.123643351424818165e-02 -3.926630724864494347e-03 1.003184132860656330e+00
