3.445650060435312334e+05 1.160202382810674171e+05 7.439549248177859408e+04 5.044763334459758335e+04 2.934309303761682531e+04 1.811174883743752071e+04 6.831722839940033737e+03 3.195359342027940784e+03 1.174804739791830571e+03 7.151079889974206480e+02 4.064210417978946452e+02 9.290597142679455089e+01 -1.363340577813321453e+01
1.160202382810674171e+05 1.954500642340463819e+05 4.775383199819243600e+04 3.459634877726343984e+04 1.918798624554498747e+04 1.163333569245209037e+04 4.618611790025570372e+03 2.140661309383297976e+03 1.119044788123219405e+03 5.557969850402636212e+02 1.582451317318249551e+02 -6.502777110405929761e+01 1.733963916266308303e+01
7.439549248177859408e+04 4.775383199819243600e+04 1.033302105096957821e+05 2.125066886920016259e+04 1.291437869019436221e+04 7.824212687506088514e+03 4.068369345571413305e+03 1.461909025190007924e+03 6.666594665389101237e+02 1.890845212143351830e+02 8.097923076907009943e+01 -5.671900619510510211e+01 1.628288308887543279e+00
5.044763334459758335e+04 3.459634877726343984e+04 2.125066886920016259e+04 5.725227437411490973e+04 8.249671059414395131e+03 6.049056105940005182e+03 2.140004388706400732e+03 1.361416240926175760e+03 9.057625975072490974e+02 1.599306407146751674e+01 1.272841688096523569e+02 2.913837074887669232e+01 -1.299310196574648968e+00
2.934309303761682531e+04 1.918798624554498747e+04 1.291437869019436221e+04 8.249671059414395131e+03 3.135625218430943278e+04 2.803471423754113403e+03 1.834489961118366637e+03 4.663424944075371172e+02 6.485464367757759874e+02 2.063677060169941342e+02 2.519931447981935690e+01 2.192242867497392833e+00 -5.008553534694158316e+00
1.811174883743752071e+04 1.163333569245209037e+04 7.824212687506088514e+03 6.049056105940005182e+03 2.803471423754113403e+03 1.417785989205981787e+04 1.137048403344988628e+03 1.374964004953839378e+02 3.877190641033033103e+02 7.477382608108287343e+01 4.668605286991069647e+01 -1.439710424708947123e+01 7.977164752357223776e+00
6.831722839940033737e+03 4.618611790025570372e+03 4.068369345571413305e+03 2.140004388706400732e+03 1.834489961118366637e+03 1.137048403344988628e+03 6.094238235571100631e+03 1.975247735959146667e+01 4.339898951608547151e+01 5.976492321992959944e+01 4.159174839301289239e+01 -9.941992086108660587e+00 1.657842535777748649e+00
3.195359342027940784e+03 2.140661309383297976e+03 1.461909025190007924e+03 1.361416240926175760e+03 4.663424944075371172e+02 1.374964004953839378e+02 1.975247735959146667e+01 2.352307928338967940e+03 5.003600443859321700e+01 6.429806770107018288e+00 1.681466612027398710e+01 2.877710737905985194e+00 -2.412553225946839852e+00
1.174804739791830571e+03 1.119044788123219405e+03 6.666594665389101237e+02 9.057625975072490974e+02 6.485464367757759874e+02 3.877190641033033103e+02 4.339898951608547151e+01 5.003600443859321700e+01 1.009579232802287834e+03 -7.552069757666085570e-01 -1.559224476988494246e+01 1.705901395577044566e+00 4.224053718693896453e-01
7.151079889974206480e+02 5.557969850402636212e+02 1.890845212143351830e+02 1.599306407146751674e+01 2.063677060169941342e+02 7.477382608108287343e+01 5.976492321992959944e+01 6.429806770107018288e+00 -7.552069757666085570e-01 2.487768604461195991e+02 -3.908589636513663534e-01 -1.104743685030473932e+00 -5.107974753370339016e-01
4.064210417978946452e+02 1.582451317318249551e+02 8.097923076907009943e+01 1.272841688096523569e+02 2.519931447981935690e+01 4.668605286991069647e+01 4.159174839301289239e+01 1.681466612027398710e+01 -1.559224476988494246e+01 -3.908589636513663534e-01 6.413041853714078400e+01 -6.308736905503591064e-02 -1.300803961326196523e-01
9.290597142679455089e+01 -6.502777110405929761e+01 -5.671900619510510211e+01 2.913837074887669232e+01 2.192242867497392833e+00 -1.439710424708947123e+01 -9.941992086108660587e+00 2.877710737905985194e+00 1.705901395577044566e+00 -1.104743685030473932e+00 -6.308736905503591064e-02 1.563553377159013280e+01 -3.151421638814165538e-02
-1.363340577813321453e+01 1.733963916266308303e+01 1.628288308887543279e+00 -1.299310196574648968e+00 -5.008553534694158316e+00 7.977164752357223776e+00 1.657842535777748649e+00 -2.412553225946839852e+00 4.224053718693896453e-01 -5.107974753370339016e-01 -1.300803961326196523e-01 -3.151421638814165538e-02 1.006196743588568809e+00
