2.128774851352004290e+09 1.491114240681370735e+09 9.897509751959859133e+08 6.591773732852520943e+08 4.129731577689463496e+08 2.541191454771034420e+08 1.451920986595643461e+08 7.823932519521115720e+07 3.980626844404208660e+07 1.884298532973677665e+07 7.525356836426024325e+06 2.944972348590217531e+06 8.002435980038563721e+05 1.833933222162120510e+05 3.844191531719911291e+04 5.795963563206129948e+03
1.491114240681370735e+09 1.045013725505655885e+09 6.934108715912832022e+08 4.618119026288528442e+08 2.893253421145913005e+08 1.780129706011352539e+08 1.017044416955908388e+08 5.480087330972582847e+07 2.789339338673339412e+07 1.319135897907690145e+07 5.270512324342552572e+06 2.063213305537661538e+06 5.608027909522476839e+05 1.290037593047789123e+05 2.638017626894235218e+04 3.891663240343197685e+03
9.897509751959859133e+08 6.934108715912832022e+08 4.604561246727807522e+08 3.065410369785774350e+08 1.920397526867564917e+08 1.181601945829657614e+08 6.748714805801872909e+07 3.638274798956962675e+07 1.851248822522635758e+07 8.755845503345403820e+06 3.504719810603370424e+06 1.369727238522712607e+06 3.726200339865499409e+05 8.553867704427898570e+04 1.744998134222246517e+04 2.550501826403361520e+03
6.591773732852520943e+08 4.618119026288528442e+08 3.065410369785774350e+08 2.042300127407873869e+08 1.279045019337490052e+08 7.870368268405769765e+07 4.495845851504475623e+07 2.422581275210227445e+07 1.232846381774383038e+07 5.836565971186998300e+06 2.332586617629816756e+06 9.126983220753200585e+05 2.482091869836213009e+05 5.675482056147326512e+04 1.174459756959080914e+04 1.720868390071311069e+03
4.129731577689463496e+08 2.893253421145913005e+08 1.920397526867564917e+08 1.279045019337490052e+08 8.019873403465989232e+07 4.930591323657938093e+07 2.817425167936221510e+07 1.518536367291498743e+07 7.723860147194527090e+06 3.656994269401785918e+06 1.462484239165778272e+06 5.710973660371924052e+05 1.563194817029492988e+05 3.594821796439705940e+04 7.370146696652863284e+03 1.048218563229577967e+03
2.541191454771034420e+08 1.780129706011352539e+08 1.181601945829657614e+08 7.870368268405769765e+07 4.930591323657938093e+07 3.038939300367746875e+07 1.733720011984642223e+07 9.337350836157208309e+06 4.754165036576212384e+06 2.248835515510532074e+06 8.988336338590689702e+05 3.527729894275337574e+05 9.575017137585743330e+04 2.196550519004167654e+04 4.613840734414235158e+03 7.094029838395382512e+02
1.451920986595643461e+08 1.017044416955908388e+08 6.748714805801872909e+07 4.495845851504475623e+07 2.817425167936221510e+07 1.733720011984642223e+07 9.923316380800442770e+06 5.336364180538962595e+06 2.714535782328613568e+06 1.285534880741924280e+06 5.133403912826310843e+05 2.011451840930225153e+05 5.444767153423349373e+04 1.260134204016634976e+04 2.633786711036940687e+03 4.117590607541720260e+02
7.823932519521115720e+07 5.480087330972582847e+07 3.638274798956962675e+07 2.422581275210227445e+07 1.518536367291498743e+07 9.337350836157208309e+06 5.336364180538962595e+06 2.886247791234303266e+06 1.463182373873821460e+06 6.938232830473993672e+05 2.768010389303499833e+05 1.084578166808169190e+05 2.939773728118638610e+04 6.769159360367953013e+03 1.395214210561217214e+03 2.212314152855230134e+02
3.980626844404208660e+07 2.789339338673339412e+07 1.851248822522635758e+07 1.232846381774383038e+07 7.723860147194527090e+06 4.754165036576212384e+06 2.714535782328613568e+06 1.463182373873821460e+06 7.525344460134911351e+05 3.512033199009251548e+05 1.406904090390324709e+05 5.505489369780239213e+04 1.498246635815639092e+04 3.479031614446517779e+03 7.429734686343130079e+02 1.097284902997524227e+02
1.884298532973677665e+07 1.319135897907690145e+07 8.755845503345403820e+06 5.836565971186998300e+06 3.656994269401785918e+06 2.248835515510532074e+06 1.285534880741924280e+06 6.938232830473993672e+05 3.512033199009251548e+05 1.701267424042550847e+05 6.632096640369079250e+04 2.606056444266622566e+04 7.088784121145368772e+03 1.636632128624168672e+03 3.678238743993346702e+02 4.662945489197981175e+01
7.525356836426024325e+06 5.270512324342552572e+06 3.504719810603370424e+06 2.332586617629816756e+06 1.462484239165778272e+06 8.988336338590689702e+05 5.133403912826310843e+05 2.768010389303499833e+05 1.406904090390324709e+05 6.632096640369079250e+04 2.814878013163411379e+04 1.032442533669753175e+04 2.853146247195308661e+03 6.423031750815687246e+02 1.139576885741418124e+02 1.843738943637122318e+01
2.944972348590217531e+06 2.063213305537661538e+06 1.369727238522712607e+06 9.126983220753200585e+05 5.710973660371924052e+05 3.527729894275337574e+05 2.011451840930225153e+05 1.084578166808169190e+05 5.505489369780239213e+04 2.606056444266622566e+04 1.032442533669753175e+04 4.624556575017592877e+03 1.096903063289526472e+03 2.367639413881942403e+02 5.699866067774168954e+01 6.989915337290114827e+00
8.002435980038563721e+05 5.608027909522476839e+05 3.726200339865499409e+05 2.482091869836213009e+05 1.563194817029492988e+05 9.575017137585743330e+04 5.444767153423349373e+04 2.939773728118638610e+04 1.498246635815639092e+04 7.088784121145368772e+03 2.853146247195308661e+03 1.096903063289526472e+03 4.286128955040583151e+02 6.667543812315832952e+01 1.004918060697950466e+01 1.723124804309765556e+00
1.833933222162120510e+05 1.290037593047789123e+05 8.553867704427898570e+04 5.675482056147326512e+04 3.594821796439705940e+04 2.196550519004167654e+04 1.260134204016634976e+04 6.769159360367953013e+03 3.479031614446517779e+03 1.636632128624168672e+03 6.423031750815687246e+02 2.367639413881942403e+02 6.667543812315832952e+01 4.204431222283335501e+01 5.573387246084651636e+00 -6.685457857888224553e-02
3.844191531719911291e+04 2.638017626894235218e+04 1.744998134222246517e+04 1.174459756959080914e+04 7.370146696652863284e+03 4.613840734414235158e+03 2.633786711036940687e+03 1.395214210561217214e+03 7.429734686343130079e+02 3.678238743993346702e+02 1.139576885741418124e+02 5.699866067774168954e+01 1.004918060697950466e+01 5.573387246084651636e+00 6.949700328465621801e+00 -1.375965564035443525e-02
5.795963563206129948e+03 3.891663240343197685e+03 2.550501826403361520e+03 1.720868390071311069e+03 1.048218563229577967e+03 7.094029838395382512e+02 4.117590607541720260e+02 2.212314152855230134e+02 1.097284902997524227e+02 4.662945489197981175e+01 1.843738943637122318e+01 6.989915337290114827e+00 1.723124804309765556e+00 -6.685457857888224553e-02 -1.375965564035443525e-02 1.004299601003373565e+00
