2.380753705849950784e+05 6.280631884576517768e+04 4.387308404112678545e+04 3.029817980827381689e+04 1.436036074645896588e+04 7.206815479730486004e+03 4.042760970455257393e+03 1.279771288923592692e+03 8.745366128008076885e+02 2.536720062670079017e+02 -2.532114619038975079e+01 -2.089797437043787909e+01
6.280631884576517768e+04 1.379077788743984711e+05 2.631158526771519973e+04 1.787550768957741820e+04 7.386562966223732474e+03 5.355428138429162573e+03 2.323093100716896515e+03 2.387324375160821432e+02 4.921238595404323064e+02 1.422189361363388969e+02 -9.123587447438141851e+01 5.903111855992741397e+01
4.387308404112678545e+04 2.631158526771519973e+04 6.397418177858948911e+04 1.142980135132984833e+04 9.255851249065575757e+03 4.091430313219054369e+03 2.297157389209239682e+03 1.033850298104243279e+02 1.399089609390402416e+02 2.481124033339510504e+02 -2.528868433566489671e+01 1.751450939692431774e+01
3.029817980827381689e+04 1.787550768957741820e+04 1.142980135132984833e+04 3.296438876697742671e+04 3.343534765445431276e+03 2.884383804812895960e+03 7.125638452427208449e+02 2.624878012847872242e+02 4.512560172075340574e+02 5.662623394524929665e+01 1.227153747125467831e+01 -6.097477434895878901e+00
1.436036074645896588e+04 7.386562966223732474e+03 9.255851249065575757e+03 3.343534765445431276e+03 1.691845626700633147e+04 1.149660957817221743e+03 4.988138785043872758e+02 1.164540134029886076e+01 2.293458978676536049e+02 3.274572245688413830e+01 -3.865208757638611559e+01 1.525484255179435777e+01
7.206815479730486004e+03 5.355428138429162573e+03 4.091430313219054369e+03 2.884383804812895960e+03 1.149660957817221743e+03 7.710776819789901310e+03 1.387000851489544004e+02 -9.399745492209066811e+01 7.785695975348090769e+01 -1.481682167434088981e+01 1.369922799528817769e+01 1.772177444238350663e+00
4.042760970455257393e+03 2.323093100716896515e+03 2.297157389209239682e+03 7.125638452427208449e+02 4.988138785043872758e+02 1.387000851489544004e+02 3.099624488441630092e+03 2.094792588509045572e+01 3.075531645131802350e+01 2.353250353962565100e+01 6.922230619479298852e+00 -9.714156933193949683e+00
1.279771288923592692e+03 2.387324375160821432e+02 1.033850298104243279e+02 2.624878012847872242e+02 1.164540134029886076e+01 -9.399745492209066811e+01 2.094792588509045572e+01 1.081324402240133850e+03 4.519984737975168976e+00 -1.864256934507305008e+00 3.077096763279785652e+00 5.258224428911583148e-01
8.745366128008076885e+02 4.921238595404323064e+02 1.399089609390402416e+02 4.512560172075340574e+02 2.293458978676536049e+02 7.785695975348090769e+01 3.075531645131802350e+01 4.519984737975168976e+00 3.274487770862603497e+02 9.511486215317043857e+00 1.639712904777821612e+00 -3.730332992192517239e+00
2.536720062670079017e+02 1.422189361363388969e+02 2.481124033339510504e+02 5.662623394524929665e+01 3.274572245688413830e+01 -1.481682167434088981e+01 2.353250353962565100e+01 -1.864256934507305008e+00 9.511486215317043857e+00 7.640500340835319548e+01 -2.723970153974599739e-01 -1.361439259941280844e-01
-2.532114619038975079e+01 -9.123587447438141851e+01 -2.528868433566489671e+01 1.227153747125467831e+01 -3.865208757638611559e+01 1.369922799528817769e+01 6.922230619479298852e+00 3.077096763279785652e+00 1.639712904777821612e+00 -2.723970153974599739e-01 1.375172988233030757e+01 -1.932199438316800078e-01
-2.089797437043787909e+01 5.903111855992741397e+01 1.751450939692431774e+01 -6.097477434895878901e+00 1.525484255179435777e+01 1.772177444238350663e+00 -9.714156933193949683e+00 5.258224428911583148e-01 -3.730332992192517239e+00 -1.361439259941280844e-01 -1.932199438316800078e-01 6.966926279638204988e+00
