5.664143199999999488e+05 2.698189199999999837e+05 1.391958759999999893e+05 5.920380800000000454e+04 2.160243999999999869e+04 5.021642399999999725e+03 6.128875600000000077e+02 2.302346000000000004e+01 2.285215599999999903e+00 0.000000000000000000e+00
2.698189199999999837e+05 1.788507399999999907e+05 7.575374400000000605e+04 3.207407600000000457e+04 1.190596119999999792e+04 2.792531199999999899e+03 3.700637600000000589e+02 1.367675260000000037e+01 1.739252799999999821e+00 0.000000000000000000e+00
1.391958759999999893e+05 7.575374400000000605e+04 5.289792799999999988e+04 1.703153440000000046e+04 6.016952000000001135e+03 1.487697360000000117e+03 2.008474280000000078e+02 2.958351000000000841e+00 4.654951999999999979e-01 0.000000000000000000e+00
5.920380800000000454e+04 3.207407600000000457e+04 1.703153440000000046e+04 1.197265999999999985e+04 2.759880799999999454e+03 6.696540799999999081e+02 8.629502799999998786e+01 3.581974440000000204e+00 3.939166399999999846e-01 0.000000000000000000e+00
2.160243999999999869e+04 1.190596119999999792e+04 6.016952000000001135e+03 2.759880799999999454e+03 2.300356800000000021e+03 2.712075959999999668e+02 3.796811999999999898e+01 7.136033880000001162e-01 -1.991415599999999952e-01 0.000000000000000000e+00
5.021642399999999725e+03 2.792531199999999899e+03 1.487697360000000117e+03 6.696540799999999081e+02 2.712075959999999668e+02 3.043269999999999982e+02 8.059852400000000472e+00 6.761767199999999534e-01 1.033134399999999925e-01 0.000000000000000000e+00
6.128875600000000077e+02 3.700637600000000589e+02 2.008474280000000078e+02 8.629502799999998786e+01 3.796811999999999898e+01 8.059852400000000472e+00 2.617954800000000048e+01 4.210511999999999588e-03 -1.005844000000000009e-02 0.000000000000000000e+00
2.302346000000000004e+01 1.367675260000000037e+01 2.958351000000000841e+00 3.581974440000000204e+00 7.136033880000001162e-01 6.761767199999999534e-01 4.210511999999999588e-03 9.483004800000000012e-01 -4.678344000000000079e-04 0.000000000000000000e+00
2.285215599999999903e+00 1.739252799999999821e+00 4.654951999999999979e-01 3.939166399999999846e-01 -1.991415599999999952e-01 1.033134399999999925e-01 -1.005844000000000009e-02 -4.678344000000000079e-04 3.984390399999999943e-02 0.000000000000000000e+00
0.000000000000000000e+00 0.000000000000000000e+00 0.000000000000000000e+00 0.000000000000000000e+00 0.000000000000000000e+00 0.000000000000000000e+00 0.000000000000000000e+00 0.000000000000000000e+00 0.000000000000000000e+00 0.000000000000000000e+00
