4.128681599999999889e+04 8.943111199999999371e+03 1.640460439999999835e+03 1.484492480000000114e+02 5.964032840000000668e+00 -4.868596000000000035e-01 0.000000000000000000e+00 0.000000000000000000e+00 0.000000000000000000e+00 0.000000000000000000e+00
8.943111199999999371e+03 4.983876400000000103e+03 5.215466400000000249e+02 5.927189599999999814e+01 3.611214159999999396e+00 -1.927477999999999969e-01 0.000000000000000000e+00 0.000000000000000000e+00 0.000000000000000000e+00 0.000000000000000000e+00
1.640460439999999835e+03 5.215466400000000249e+02 4.634227599999999825e+02 1.360314519999999838e+01 1.100346523999999881e+00 -1.692001199999999816e-02 0.000000000000000000e+00 0.000000000000000000e+00 0.000000000000000000e+00 0.000000000000000000e+00
1.484492480000000114e+02 5.927189599999999814e+01 1.360314519999999838e+01 3.019723199999999963e+01 6.760205600000002146e-02 -1.037033199999999947e-02 0.000000000000000000e+00 0.000000000000000000e+00 0.000000000000000000e+00 0.000000000000000000e+00
5.964032840000000668e+00 3.611214159999999396e+00 1.100346523999999881e+00 6.760205600000002146e-02 1.025649160000000171e+00 -7.017516000000000118e-04 0.000000000000000000e+00 0.000000000000000000e+00 0.000000000000000000e+00 0.000000000000000000e+00
-4.868596000000000035e-01 -1.927477999999999969e-01 -1.692001199999999816e-02 -1.037033199999999947e-02 -7.017516000000000118e-04 3.984390399999999943e-02 0.000000000000000000e+00 0.000000000000000000e+00 0.000000000000000000e+00 0.000000000000000000e+00
0.000000000000000000e+00 0.000000000000000000e+00 0.000000000000000000e+00 0.000000000000000000e+00 0.000000000000000000e+00 0.000000000000000000e+00 0.000000000000000000e+00 0.000000000000000000e+00 0.000000000000000000e+00 0.000000000000000000e+00
0.000000000000000000e+00 0.000000000000000000e+00 0.000000000000000000e+00 0.000000000000000000e+00 0.000000000000000000e+00 0.000000000000000000e+00 0.000000000000000000e+00 0.000000000000000000e+00 0.000000000000000000e+00 0.000000000000000000e+00
0.000000000000000000e+00 0.000000000000000000e+00 0.000000000000000000e+00 0.000000000000000000e+00 0.000000000000000000e+00 0.000000000000000000e+00 0.000000000000000000e+00 0.000000000000000000e+00 0.000000000000000000e+00 0.000000000000000000e+00
0.000000000000000000e+00 0.000000000000000000e+00 0.000000000000000000e+00 0.000000000000000000e+00 0.000000000000000000e+00 0.000000000000000000e+00 0.000000000000000000e+00 0.000000000000000000e+00 0.000000000000000000e+00 0.000000000000000000e+00
