6.508882800000000279e+05 3.290965599999999977e+05 1.849357640000000247e+05 9.356510799999999290e+04 4.063340000000000146e+04 1.351882160000000113e+04 2.812042800000000170e+03 2.860196439999999143e+02 1.406645959999999995e+01 0.000000000000000000e+00
3.290965599999999977e+05 2.242204599999999919e+05 1.049678959999999934e+05 5.297002800000000570e+04 2.285110399999999936e+04 7.502113999999998668e+03 1.641338599999999815e+03 1.785679600000000278e+02 4.340022400000000502e+00 0.000000000000000000e+00
1.849357640000000247e+05 1.049678959999999934e+05 7.777487199999998847e+04 3.071409200000000055e+04 1.299068359999999848e+04 4.360094799999999850e+03 9.351297999999999320e+02 1.014301760000000172e+02 5.064854000000000411e+00 0.000000000000000000e+00
9.356510799999999290e+04 5.297002800000000570e+04 3.071409200000000055e+04 2.260113200000000143e+04 6.883947600000000421e+03 2.294957200000000284e+03 4.668194399999999860e+02 4.805447599999999397e+01 1.291534927999999915e+00 0.000000000000000000e+00
4.063340000000000146e+04 2.285110399999999936e+04 1.299068359999999848e+04 6.883947600000000421e+03 5.519001199999999699e+03 1.054591920000000073e+03 2.231819399999999973e+02 2.402532760000000067e+01 1.147754012000000046e+00 0.000000000000000000e+00
1.351882160000000113e+04 7.502113999999998668e+03 4.360094799999999850e+03 2.294957200000000284e+03 1.054591920000000073e+03 1.016777480000000082e+03 8.153559199999999407e+01 7.345312799999999420e+00 -1.957887600000000061e-01 0.000000000000000000e+00
2.812042800000000170e+03 1.641338599999999815e+03 9.351297999999999320e+02 4.668194399999999860e+02 2.231819399999999973e+02 8.153559199999999407e+01 1.243317639999999784e+02 2.240927160000000029e+00 6.479504399999999609e-02 0.000000000000000000e+00
2.860196439999999143e+02 1.785679600000000278e+02 1.014301760000000172e+02 4.805447599999999397e+01 2.402532760000000067e+01 7.345312799999999420e+00 2.240927160000000029e+00 8.970959999999998047e+00 9.068191559999999596e-02 0.000000000000000000e+00
1.406645959999999995e+01 4.340022400000000502e+00 5.064854000000000411e+00 1.291534927999999915e+00 1.147754012000000046e+00 -1.957887600000000061e-01 6.479504399999999609e-02 9.068191559999999596e-02 3.181274719999999667e-01 0.000000000000000000e+00
0.000000000000000000e+00 0.000000000000000000e+00 0.000000000000000000e+00 0.000000000000000000e+00 0.000000000000000000e+00 0.000000000000000000e+00 0.000000000000000000e+00 0.000000000000000000e+00 0.000000000000000000e+00 0.000000000000000000e+00
