1.849577139805227052e+06 1.061529542902448680e+06 7.851114030734660337e+05 5.491254260220057331e+05 3.580743690322884358e+05 2.215140531802261539e+05 1.449309994043720071e+05 9.426149063458159799e+04 5.095657972042040637e+04 1.430197637080088498e+04 8.725500640889538772e+03 1.369131437528571041e+03 1.979109013787488891e+02 7.434593686984192118e+01 0.000000000000000000e+00 0.000000000000000000e+00 0.000000000000000000e+00 0.000000000000000000e+00 0.000000000000000000e+00 0.000000000000000000e+00
1.061529542902448680e+06 9.201493444038922898e+05 5.480448033234187169e+05 3.837660544911983307e+05 2.539163761784818489e+05 1.532001769676547265e+05 1.016971526305276348e+05 6.193708854174812586e+04 3.130344185498117440e+04 1.112694816940236888e+04 5.722872063779359451e+03 1.052004008188675925e+03 2.879270975437073616e+02 1.143946285584527516e+02 0.000000000000000000e+00 0.000000000000000000e+00 0.000000000000000000e+00 0.000000000000000000e+00 0.000000000000000000e+00 0.000000000000000000e+00
7.851114030734660337e+05 5.480448033234187169e+05 5.452485066817594925e+05 2.955626295935295057e+05 1.957412970129171154e+05 1.112336380873322778e+05 7.883693626863305690e+04 4.789505168190480617e+04 2.459227857604048040e+04 8.992367253211041316e+03 4.026591448868467523e+03 5.927104356895259798e+02 2.142302862860974813e+02 4.620763713671484396e+01 0.000000000000000000e+00 0.000000000000000000e+00 0.000000000000000000e+00 0.000000000000000000e+00 0.000000000000000000e+00 0.000000000000000000e+00
5.491254260220057331e+05 3.837660544911983307e+05 2.955626295935295057e+05 2.802406092456143233e+05 1.366987950178476458e+05 7.982436978084694420e+04 5.282424457934903330e+04 3.543882653251603915e+04 1.794250906856904840e+04 6.042190141563584802e+03 3.284280648565667434e+03 5.972020628863115235e+02 1.297816912491784080e+02 6.754749295994329827e+01 0.000000000000000000e+00 0.000000000000000000e+00 0.000000000000000000e+00 0.000000000000000000e+00 0.000000000000000000e+00 0.000000000000000000e+00
3.580743690322884358e+05 2.539163761784818489e+05 1.957412970129171154e+05 1.366987950178476458e+05 1.384417144388018933e+05 5.577436461484844767e+04 3.587778747830539942e+04 2.289331129432998932e+04 1.200171808206853893e+04 3.599841444970533757e+03 1.952744885670703979e+03 4.846546862699156009e+02 6.672413934701832261e+01 5.038562423405661406e+01 0.000000000000000000e+00 0.000000000000000000e+00 0.000000000000000000e+00 0.000000000000000000e+00 0.000000000000000000e+00 0.000000000000000000e+00
2.215140531802261539e+05 1.532001769676547265e+05 1.112336380873322778e+05 7.982436978084694420e+04 5.577436461484844767e+04 6.003960779102487140e+04 2.233432935228138012e+04 1.379047783430873096e+04 7.265461895046410064e+03 2.331154965093904138e+03 1.112626634260436504e+03 1.931653148691641775e+02 2.158770985653842445e+01 2.813637620379357074e+01 0.000000000000000000e+00 0.000000000000000000e+00 0.000000000000000000e+00 0.000000000000000000e+00 0.000000000000000000e+00 0.000000000000000000e+00
1.449309994043720071e+05 1.016971526305276348e+05 7.883693626863305690e+04 5.282424457934903330e+04 3.587778747830539942e+04 2.233432935228138012e+04 2.785607546411103613e+04 9.420962099719181424e+03 4.611438772670243452e+03 1.285319015619393213e+03 7.972177367667364933e+02 9.890903877301623481e+01 2.700689735573075367e+01 1.846760246804981520e+01 0.000000000000000000e+00 0.000000000000000000e+00 0.000000000000000000e+00 0.000000000000000000e+00 0.000000000000000000e+00 0.000000000000000000e+00
9.426149063458159799e+04 6.193708854174812586e+04 4.789505168190480617e+04 3.543882653251603915e+04 2.289331129432998932e+04 1.379047783430873096e+04 9.420962099719181424e+03 1.417054647580723395e+04 3.134735805035852536e+03 1.064928597489855292e+03 6.723026662568680649e+02 1.441122049820296809e+02 7.079879050564772847e+00 2.113173458377204739e+01 0.000000000000000000e+00 0.000000000000000000e+00 0.000000000000000000e+00 0.000000000000000000e+00 0.000000000000000000e+00 0.000000000000000000e+00
5.095657972042040637e+04 3.130344185498117440e+04 2.459227857604048040e+04 1.794250906856904840e+04 1.200171808206853893e+04 7.265461895046410064e+03 4.611438772670243452e+03 3.134735805035852536e+03 4.402868632125637305e+03 5.303302276589208759e+02 3.150083430295798053e+02 9.169693272960070374e+01 -5.144328251982796196e+00 -3.533966574234607277e-02 0.000000000000000000e+00 0.000000000000000000e+00 0.000000000000000000e+00 0.000000000000000000e+00 0.000000000000000000e+00 0.000000000000000000e+00
1.430197637080088498e+04 1.112694816940236888e+04 8.992367253211041316e+03 6.042190141563584802e+03 3.599841444970533757e+03 2.331154965093904138e+03 1.285319015619393213e+03 1.064928597489855292e+03 5.303302276589208759e+02 1.352624529397115793e+03 7.614491693360466229e+01 1.571219847725139829e+01 -2.316136424920921255e-01 5.658343686269945216e+00 0.000000000000000000e+00 0.000000000000000000e+00 0.000000000000000000e+00 0.000000000000000000e+00 0.000000000000000000e+00 0.000000000000000000e+00
8.725500640889538772e+03 5.722872063779359451e+03 4.026591448868467523e+03 3.284280648565667434e+03 1.952744885670703979e+03 1.112626634260436504e+03 7.972177367667364933e+02 6.723026662568680649e+02 3.150083430295798053e+02 7.614491693360466229e+01 4.283773197262333383e+02 1.972772229054660542e+01 5.796785221427276369e+00 1.136103331617461132e+00 0.000000000000000000e+00 0.000000000000000000e+00 0.000000000000000000e+00 0.000000000000000000e+00 0.000000000000000000e+00 0.000000000000000000e+00
1.369131437528571041e+03 1.052004008188675925e+03 5.927104356895259798e+02 5.972020628863115235e+02 4.846546862699156009e+02 1.931653148691641775e+02 9.890903877301623481e+01 1.441122049820296809e+02 9.169693272960070374e+01 1.571219847725139829e+01 1.972772229054660542e+01 6.929104978590473252e+01 6.749405493000304457e-01 6.042551293740805463e-01 0.000000000000000000e+00 0.000000000000000000e+00 0.000000000000000000e+00 0.000000000000000000e+00 0.000000000000000000e+00 0.000000000000000000e+00
1.979109013787488891e+02 2.879270975437073616e+02 2.142302862860974813e+02 1.297816912491784080e+02 6.672413934701832261e+01 2.158770985653842445e+01 2.700689735573075367e+01 7.079879050564772847e+00 -5.144328251982796196e+00 -2.316136424920921255e-01 5.796785221427276369e+00 6.749405493000304457e-01 9.848340325361300884e+00 9.455160823739302556e-01 0.000000000000000000e+00 0.000000000000000000e+00 0.000000000000000000e+00 0.000000000000000000e+00 0.000000000000000000e+00 0.000000000000000000e+00
7.434593686984192118e+01 1.143946285584527516e+02 4.620763713671484396e+01 6.754749295994329827e+01 5.038562423405661406e+01 2.813637620379357074e+01 1.846760246804981520e+01 2.113173458377204739e+01 -3.533966574234607277e-02 5.658343686269945216e+00 1.136103331617461132e+00 6.042551293740805463e-01 9.455160823739302556e-01 2.995183745442396184e+00 0.000000000000000000e+00 0.000000000000000000e+00 0.000000000000000000e+00 0.000000000000000000e+00 0.000000000000000000e+00 0.000000000000000000e+00
0.000000000000000000e+00 0.000000000000000000e+00 0.000000000000000000e+00 0.000000000000000000e+00 0.000000000000000000e+00 0.000000000000000000e+00 0.000000000000000000e+00 0.000000000000000000e+00 0.000000000000000000e+00 0.000000000000000000e+00 0.000000000000000000e+00 0.000000000000000000e+00 0.000000000000000000e+00 0.000000000000000000e+00 0.000000000000000000e+00 0.000000000000000000e+00 0.000000000000000000e+00 0.000000000000000000e+00 0.000000000000000000e+00 0.000000000000000000e+00
0.000000000000000000e+00 0.000000000000000000e+00 0.000000000000000000e+00 0.000000000000000000e+00 0.000000000000000000e+00 0.000000000000000000e+00 0.000000000000000000e+00 0.000000000000000000e+00 0.000000000000000000e+00 0.000000000000000000e+00 0.000000000000000000e+00 0.000000000000000000e+00 0.000000000000000000e+00 0.000000000000000000e+00 0.000000000000000000e+00 0.000000000000000000e+00 0.000000000000000000e+00 0.000000000000000000e+00 0.000000000000000000e+00 0.000000000000000000e+00
0.000000000000000000e+00 0.000000000000000000e+00 0.000000000000000000e+00 0.000000000000000000e+00 0.000000000000000000e+00 0.000000000000000000e+00 0.000000000000000000e+00 0.000000000000000000e+00 0.000000000000000000e+00 0.000000000000000000e+00 0.000000000000000000e+00 0.000000000000000000e+00 0.000000000000000000e+00 0.000000000000000000e+00 0.000000000000000000e+00 0.000000000000000000e+00 0.000000000000000000e+00 0.000000000000000000e+00 0.000000000000000000e+00 0.000000000000000000e+00
0.000000000000000000e+00 0.000000000000000000e+00 0.000000000000000000e+00 0.000000000000000000e+00 0.000000000000000000e+00 0.000000000000000000e+00 0.000000000000000000e+00 0.000000000000000000e+00 0.000000000000000000e+00 0.000000000000000000e+00 0.000000000000000000e+00 0.000000000000000000e+00 0.000000000000000000e+00 0.000000000000000000e+00 0.000000000000000000e+00 0.000000000000000000e+00 0.000000000000000000e+00 0.000000000000000000e+00 0.000000000000000000e+00 0.000000000000000000e+00
0.000000000000000000e+00 0.000000000000000000e+00 0.000000000000000000e+00 0.000000000000000000e+00 0.000000000000000000e+00 0.000000000000000000e+00 0.000000000000000000e+00 0.000000000000000000e+00 0.000000000000000000e+00 0.000000000000000000e+00 0.000000000000000000e+00 0.000000000000000000e+00 0.000000000000000000e+00 0.000000000000000000e+00 0.000000000000000000e+00 0.000000000000000000e+00 0.000000000000000000e+00 0.000000000000000000e+00 0.000000000000000000e+00 0.000000000000000000e+00
0.000000000000000000e+00 0.000000000000000000e+00 0.000000000000000000e+00 0.000000000000000000e+00 0.000000000000000000e+00 0.000000000000000000e+00 0.000000000000000000e+00 0.000000000000000000e+00 0.000000000000000000e+00 0.000000000000000000e+00 0.000000000000000000e+00 0.000000000000000000e+00 0.000000000000000000e+00 0.000000000000000000e+00 0.000000000000000000e+00 0.000000000000000000e+00 0.000000000000000000e+00 0.000000000000000000e+00 0.000000000000000000e+00 0.000000000000000000e+00
