2.004796804482941283e+06 1.193530119339144323e+06 8.773901413124011597e+05 5.817599045056840405e+05 3.821746596726688440e+05 2.445020177542237216e+05 1.589641747255738010e+05 9.379279958368647203e+04 3.777038862627209892e+04 1.734265431180914675e+04 7.237796720547723453e+03 1.411655442715145682e+03 3.765028847480952834e+01 5.506408650561227347e+01
1.193530119339144323e+06 1.074551362294625957e+06 6.136995116359879030e+05 4.186179115710976184e+05 2.656827534081744961e+05 1.741572127028693794e+05 1.173922590706410265e+05 6.967650578977797704e+04 2.641982771492033498e+04 1.274121135643644629e+04 4.794853042771184846e+03 7.277580375567349620e+02 2.287538434873027171e+01 5.743440311044722790e+01
8.773901413124011597e+05 6.136995116359879030e+05 5.697764783132059965e+05 2.936091387769199209e+05 1.977865204025824787e+05 1.268305789501986437e+05 8.183256582496862393e+04 4.682768554667096032e+04 1.935900621546983530e+04 1.037384431897512331e+04 3.913982486112812239e+03 5.883369106284197869e+02 7.109553129327863985e+00 4.793224220920421885e+01
5.817599045056840405e+05 4.186179115710976184e+05 2.936091387769199209e+05 2.813044948325082660e+05 1.337894700715396903e+05 8.620975274727678334e+04 5.661065319255774375e+04 3.354779018325672223e+04 1.332118669824691460e+04 6.109616122801318852e+03 2.420998055290486718e+03 4.341198179449361305e+02 1.279932683564375928e+01 3.808530133606056722e+01
3.821746596726688440e+05 2.656827534081744961e+05 1.977865204025824787e+05 1.337894700715396903e+05 1.349830751075308654e+05 5.947982024893073685e+04 3.776656351222305238e+04 2.004324743471500187e+04 8.419270457304717638e+03 4.145140873208566518e+03 2.129829691602489675e+03 2.020799396765714278e+02 3.716343942153267932e+01 1.483916477529695577e+01
2.445020177542237216e+05 1.741572127028693794e+05 1.268305789501986437e+05 8.620975274727678334e+04 5.947982024893073685e+04 6.283441940134562901e+04 2.454465382255635996e+04 1.487484023919545871e+04 5.754970996479576570e+03 3.038658239224218050e+03 1.003817944722767720e+03 1.341294084059232148e+02 4.442844807517781192e+01 1.312072666048920055e+01
1.589641747255738010e+05 1.173922590706410265e+05 8.183256582496862393e+04 5.661065319255774375e+04 3.776656351222305238e+04 2.454465382255635996e+04 2.977613175206442611e+04 9.221015187531356787e+03 3.343932027481514524e+03 1.875364695812665559e+03 7.997008180879067822e+02 8.446428559723403851e+01 7.808568817299768483e+00 4.216359653742839164e+00
9.379279958368647203e+04 6.967650578977797704e+04 4.682768554667096032e+04 3.354779018325672223e+04 2.004324743471500187e+04 1.487484023919545871e+04 9.221015187531356787e+03 1.249630995608744706e+04 2.187773092249255114e+03 1.018748688038239493e+03 3.711790230818417058e+02 9.878762188996128657e+01 1.929918050292907594e+01 -9.585581992210761015e-01
3.777038862627209892e+04 2.641982771492033498e+04 1.935900621546983530e+04 1.332118669824691460e+04 8.419270457304717638e+03 5.754970996479576570e+03 3.343932027481514524e+03 2.187773092249255114e+03 4.048382863718284625e+03 4.876428342891333045e+02 1.250595732133439384e+02 5.334964306641695941e+01 -8.717983805849330858e-01 1.541171235439257270e+00
1.734265431180914675e+04 1.274121135643644629e+04 1.037384431897512331e+04 6.109616122801318852e+03 4.145140873208566518e+03 3.038658239224218050e+03 1.875364695812665559e+03 1.018748688038239493e+03 4.876428342891333045e+02 1.214119525492522598e+03 6.622991972614131839e+01 9.352163598981240611e+00 1.287619171819729846e+00 -9.341974938674251216e-01
7.237796720547723453e+03 4.794853042771184846e+03 3.913982486112812239e+03 2.420998055290486718e+03 2.129829691602489675e+03 1.003817944722767720e+03 7.997008180879067822e+02 3.711790230818417058e+02 1.250595732133439384e+02 6.622991972614131839e+01 3.162995504575003451e+02 1.744771898472026184e+00 1.687635298743546119e+00 4.218584565191059177e-01
1.411655442715145682e+03 7.277580375567349620e+02 5.883369106284197869e+02 4.341198179449361305e+02 2.020799396765714278e+02 1.341294084059232148e+02 8.446428559723403851e+01 9.878762188996128657e+01 5.334964306641695941e+01 9.352163598981240611e+00 1.744771898472026184e+00 4.891421815250902938e+01 -3.688639428230417461e-01 9.122407280167258437e-01
3.765028847480952834e+01 2.287538434873027171e+01 7.109553129327863985e+00 1.279932683564375928e+01 3.716343942153267932e+01 4.442844807517781192e+01 7.808568817299768483e+00 1.929918050292907594e+01 -8.717983805849330858e-01 1.287619171819729846e+00 1.687635298743546119e+00 -3.688639428230417461e-01 3.986348935577657571e+00 -7.846206769114506124e-03
5.506408650561227347e+01 5.743440311044722790e+01 4.793224220920421885e+01 3.808530133606056722e+01 1.483916477529695577e+01 1.312072666048920055e+01 4.216359653742839164e+00 -9.585581992210761015e-01 1.541171235439257270e+00 -9.341974938674251216e-01 4.218584565191059177e-01 9.122407280167258437e-01 -7.846206769114506124e-03 1.002233252221080395e+00
