1.544040345252515981e+06 8.755566820528932149e+05 5.624316815794230206e+05 3.581254837785852142e+05 2.199897343675777374e+05 1.111144376386735385e+05 5.733370677509488451e+04 2.058699238605402934e+04 6.551923999202585037e+03 1.952767125538652863e+03 4.322155208449146357e+02 -2.233334178733072406e+01
8.755566820528932149e+05 7.558079590218818048e+05 3.695899118800803553e+05 2.526002893375738058e+05 1.535287537679293309e+05 7.397926526987938269e+04 4.090032266754515149e+04 1.603671048563656041e+04 4.343002993964690177e+03 1.518322276917266436e+03 3.931461099069057923e+02 1.751245701921683917e+01
5.624316815794230206e+05 3.695899118800803553e+05 3.353727962792430772e+05 1.574228358907983347e+05 9.479609142616661848e+04 4.806640550764391810e+04 2.575745546858212401e+04 8.885957275557124376e+03 3.016241470691953964e+03 8.950826548121976884e+02 3.141029114165403939e+02 -1.858925414826368527e+00
3.581254837785852142e+05 2.526002893375738058e+05 1.574228358907983347e+05 1.462731007490671182e+05 6.392899349048547447e+04 2.991671163130095010e+04 1.502208182506516459e+04 6.528452209194875650e+03 1.775319444613353198e+03 4.537850076079895985e+02 1.545022327831995597e+02 1.750147695164163508e+01
2.199897343675777374e+05 1.535287537679293309e+05 9.479609142616661848e+04 6.392899349048547447e+04 6.299961346387623053e+04 1.804894121576209363e+04 1.007432061704136504e+04 3.820730480149424238e+03 1.166557556887295732e+03 3.175583658852861504e+02 1.071688761708544035e+02 6.522952058842953704e+00
1.111144376386735385e+05 7.397926526987938269e+04 4.806640550764391810e+04 2.991671163130095010e+04 1.804894121576209363e+04 2.047071411576277751e+04 5.361596433698845431e+03 1.826310967898034278e+03 5.800711891792878987e+02 2.215108239946258948e+02 2.722947597694718525e+01 -1.117987278301954213e+00
5.733370677509488451e+04 4.090032266754515149e+04 2.575745546858212401e+04 1.502208182506516459e+04 1.007432061704136504e+04 5.361596433698845431e+03 7.119724807510558094e+03 1.050310225601351249e+03 3.433110837113418370e+02 1.608099014426905171e+02 2.113427991630941705e+01 1.453044341066553446e+00
2.058699238605402934e+04 1.603671048563656041e+04 8.885957275557124376e+03 6.528452209194875650e+03 3.820730480149424238e+03 1.826310967898034278e+03 1.050310225601351249e+03 1.926686706121972293e+03 1.916476235542317283e+02 6.565026527724434624e-01 9.214391965397885187e+00 -1.994282667167778023e+00
6.551923999202585037e+03 4.343002993964690177e+03 3.016241470691953964e+03 1.775319444613353198e+03 1.166557556887295732e+03 5.800711891792878987e+02 3.433110837113418370e+02 1.916476235542317283e+02 4.408391572587199221e+02 7.115775158650786025e+00 -3.672922873114057851e-01 2.193600811270171924e+00
1.952767125538652863e+03 1.518322276917266436e+03 8.950826548121976884e+02 4.537850076079895985e+02 3.175583658852861504e+02 2.215108239946258948e+02 1.608099014426905171e+02 6.565026527724434624e-01 7.115775158650786025e+00 9.526454968433199610e+01 2.360037201864929379e+00 -1.845340262749429472e-01
4.322155208449146357e+02 3.931461099069057923e+02 3.141029114165403939e+02 1.545022327831995597e+02 1.071688761708544035e+02 2.722947597694718525e+01 2.113427991630941705e+01 9.214391965397885187e+00 -3.672922873114057851e-01 2.360037201864929379e+00 1.089637496796514782e+01 -1.766393852703138090e-02
-2.233334178733072406e+01 1.751245701921683917e+01 -1.858925414826368527e+00 1.750147695164163508e+01 6.522952058842953704e+00 -1.117987278301954213e+00 1.453044341066553446e+00 -1.994282667167778023e+00 2.193600811270171924e+00 -1.845340262749429472e-01 -1.766393852703138090e-02 1.002767287897204040e+00
