1.947036519645204302e+06 1.173769541718289256e+06 8.369049408994795522e+05 5.572385978126847185e+05 3.531117046488862252e+05 2.205339471086555859e+05 1.461674404262616008e+05 7.266033639031484199e+04 2.725399050911673839e+04 1.339044907744491684e+04 4.559774190326447751e+03 8.531081386730797931e+02 3.625622729426461177e+01 5.369118185975400337e+01
1.173769541718289256e+06 1.008324376387663418e+06 5.766679704142428236e+05 3.823450573347578757e+05 2.513713437571207178e+05 1.604370569442075212e+05 9.830325706451291626e+04 5.253205943334622862e+04 1.987868980168280905e+04 8.631526150617557505e+03 3.086629335006313340e+03 3.504229448559225375e+02 4.562424291734119208e+01 6.745370316322417636e+01
8.369049408994795522e+05 5.766679704142428236e+05 5.490993786824794952e+05 2.738419009779281914e+05 1.843027976731361705e+05 1.145932713110837067e+05 7.114977441252252902e+04 3.880604425555954367e+04 1.511886975561820691e+04 7.153922626098140427e+03 2.533760592539381378e+03 3.566704547567984491e+02 1.883235240706531499e+01 5.086405961838804757e+01
5.572385978126847185e+05 3.823450573347578757e+05 2.738419009779281914e+05 2.610185421455941687e+05 1.186960722942937573e+05 7.958009824618387211e+04 4.706428006805199402e+04 2.505820624698753090e+04 9.464574443340183279e+03 4.430470883861355105e+03 1.599931772011675321e+03 3.701416108088672559e+02 6.794870318081043248e-01 3.935464748733229357e+01
3.531117046488862252e+05 2.513713437571207178e+05 1.843027976731361705e+05 1.186960722942937573e+05 1.242614451829729369e+05 5.268507940323225921e+04 3.055167091958840683e+04 1.606477247598647955e+04 6.227862725498271175e+03 2.916162394430092718e+03 1.084393711495692514e+03 7.708777618174786994e+01 7.211328690853113699e+01 6.207837572721912611e-01
2.205339471086555859e+05 1.604370569442075212e+05 1.145932713110837067e+05 7.958009824618387211e+04 5.268507940323225921e+04 5.423320468921171414e+04 2.006472455985812849e+04 1.043774938607108743e+04 4.420534010089257208e+03 1.993180357813472256e+03 6.149115941474327656e+02 1.158919590823148269e+02 2.450545913412903332e+01 1.519324198636039647e+01
1.461674404262616008e+05 9.830325706451291626e+04 7.114977441252252902e+04 4.706428006805199402e+04 3.055167091958840683e+04 2.006472455985812849e+04 2.509092714687780608e+04 7.149423442739451275e+03 2.330120070033543016e+03 1.132186187358445522e+03 4.865277048496485577e+02 5.998653721664806682e+01 8.469292242064302201e+00 2.117094765154590164e+00
7.266033639031484199e+04 5.253205943334622862e+04 3.880604425555954367e+04 2.505820624698753090e+04 1.606477247598647955e+04 1.043774938607108743e+04 7.149423442739451275e+03 9.149630471807169670e+03 1.329646136940311180e+03 6.183151004958731392e+02 1.774863533107285321e+02 7.239609715790884081e+01 1.162215838952720404e+01 3.659524424467795356e+00
2.725399050911673839e+04 1.987868980168280905e+04 1.511886975561820691e+04 9.464574443340183279e+03 6.227862725498271175e+03 4.420534010089257208e+03 2.330120070033543016e+03 1.329646136940311180e+03 2.759237915343617260e+03 2.242751444373484730e+02 5.930015630167086016e+01 2.687452143899503199e+01 2.489778978642916307e+00 -1.315435371567670042e-01
1.339044907744491684e+04 8.631526150617557505e+03 7.153922626098140427e+03 4.430470883861355105e+03 2.916162394430092718e+03 1.993180357813472256e+03 1.132186187358445522e+03 6.183151004958731392e+02 2.242751444373484730e+02 8.561976987974766189e+02 3.166625670214062893e+01 -1.601910892462133695e+00 -2.386862356827881726e+00 -1.350315986292113024e+00
4.559774190326447751e+03 3.086629335006313340e+03 2.533760592539381378e+03 1.599931772011675321e+03 1.084393711495692514e+03 6.149115941474327656e+02 4.865277048496485577e+02 1.774863533107285321e+02 5.930015630167086016e+01 3.166625670214062893e+01 1.884448254834142631e+02 1.413114857005814295e+00 6.279723891213648823e-01 6.592999134547461448e-01
8.531081386730797931e+02 3.504229448559225375e+02 3.566704547567984491e+02 3.701416108088672559e+02 7.708777618174786994e+01 1.158919590823148269e+02 5.998653721664806682e+01 7.239609715790884081e+01 2.687452143899503199e+01 -1.601910892462133695e+00 1.413114857005814295e+00 2.590108620288034302e+01 -1.962106394140419874e-01 9.554427844743682563e-01
3.625622729426461177e+01 4.562424291734119208e+01 1.883235240706531499e+01 6.794870318081043248e-01 7.211328690853113699e+01 2.450545913412903332e+01 8.469292242064302201e+00 1.162215838952720404e+01 2.489778978642916307e+00 -2.386862356827881726e+00 6.279723891213648823e-01 -1.962106394140419874e-01 3.986500852586821519e+00 -7.846596491223855815e-03
5.369118185975400337e+01 6.745370316322417636e+01 5.086405961838804757e+01 3.935464748733229357e+01 6.207837572721912611e-01 1.519324198636039647e+01 2.117094765154590164e+00 3.659524424467795356e+00 -1.315435371567670042e-01 -1.350315986292113024e+00 6.592999134547461448e-01 9.554427844743682563e-01 -7.846596491223855815e-03 1.002294620048501894e+00
