1.197705260748333996e+06 6.502682850398262963e+05 3.942255569491457427e+05 2.266469545580815175e+05 1.207618035459640669e+05 6.062406064898017939e+04 2.222128436416374461e+04 6.648088183110790851e+03 1.903401191315046617e+03 2.841000179419528422e+02
6.502682850398262963e+05 5.633061968770519597e+05 2.708261806735166465e+05 1.510284422094667098e+05 8.069105766120996850e+04 4.053997355095589592e+04 1.463674752098680983e+04 4.659295141297529881e+03 1.307287561239710158e+03 2.284785398585158873e+02
3.942255569491457427e+05 2.708261806735166465e+05 2.185806185531606025e+05 8.858662325863658043e+04 4.680883637203204853e+04 2.410728978419735722e+04 9.141480716975822361e+03 3.073072680247709741e+03 8.388941494515589739e+02 2.301264305293403822e+02
2.266469545580815175e+05 1.510284422094667098e+05 8.858662325863658043e+04 8.222544537490319635e+04 2.712021796538334092e+04 1.359365210685447710e+04 5.103284765594056807e+03 1.858040186482500985e+03 4.104906883841933904e+02 9.258511657920389837e+01
1.207618035459640669e+05 8.069105766120996850e+04 4.680883637203204853e+04 2.712021796538334092e+04 2.893574288312254066e+04 7.375797905607762914e+03 2.600095003731097677e+03 9.574829579568450981e+02 2.167817410879328861e+02 3.929785563649333113e+01
6.062406064898017939e+04 4.053997355095589592e+04 2.410728978419735722e+04 1.359365210685447710e+04 7.375797905607762914e+03 9.195512577464725837e+03 1.334640463731509726e+03 6.233369489305617890e+02 1.048486048829300614e+02 1.275007017155726707e+01
2.222128436416374461e+04 1.463674752098680983e+04 9.141480716975822361e+03 5.103284765594056807e+03 2.600095003731097677e+03 1.334640463731509726e+03 2.534850170365647955e+03 2.377023468041929846e+02 1.043841121021971929e+02 1.022885879809077858e+00
6.648088183110790851e+03 4.659295141297529881e+03 3.073072680247709741e+03 1.858040186482500985e+03 9.574829579568450981e+02 6.233369489305617890e+02 2.377023468041929846e+02 5.927550878527794112e+02 2.493273255204233596e+00 2.979945213359607603e+00
1.903401191315046617e+03 1.307287561239710158e+03 8.388941494515589739e+02 4.104906883841933904e+02 2.167817410879328861e+02 1.048486048829300614e+02 1.043841121021971929e+02 2.493273255204233596e+00 1.117661240631325370e+02 -7.524481050826881123e-01
2.841000179419528422e+02 2.284785398585158873e+02 2.301264305293403822e+02 9.258511657920389837e+01 3.929785563649333113e+01 1.275007017155726707e+01 1.022885879809077858e+00 2.979945213359607603e+00 -7.524481050826881123e-01 1.839656555896714352e+01
