1.318265820121882949e+06 7.255521155021404848e+05 4.682729498125612736e+05 2.796661603471308481e+05 1.624957600499456457e+05 8.216582847033422149e+04 3.442346228760172380e+04 1.178153527291979844e+04 3.140736991663249228e+03 9.478630366764734845e+02 1.635660402648613001e+02
7.255521155021404848e+05 6.365324956324322848e+05 3.146002147969988873e+05 1.972134878772839438e+05 1.095915881449697481e+05 5.678443351550288207e+04 2.572670147556428128e+04 8.313583848101552576e+03 2.458547447352388190e+03 7.655813818116289440e+02 1.969953240068768707e+02
4.682729498125612736e+05 3.146002147969988873e+05 2.699259603938250802e+05 1.245320093596384540e+05 6.810187840885639889e+04 3.529292562451881531e+04 1.417928883544416385e+04 4.731868153078237810e+03 1.424759249543274791e+03 4.454649606887101640e+02 1.297936205820253690e+02
2.796661603471308481e+05 1.972134878772839438e+05 1.245320093596384540e+05 1.104123771584758069e+05 4.092436092079684022e+04 2.000742141765696942e+04 9.212168642123808240e+03 3.232175857169512710e+03 1.136246628957424036e+03 2.563754887580780633e+02 9.427414876627807416e+01
1.624957600499456457e+05 1.095915881449697481e+05 6.810187840885639889e+04 4.092436092079684022e+04 4.395338265401613899e+04 1.245129545306573345e+04 5.203174191275310477e+03 1.746640369790165096e+03 5.341430524545938852e+02 1.139525047774753830e+02 4.012337575300227144e+01
8.216582847033422149e+04 5.678443351550288207e+04 3.529292562451881531e+04 2.000742141765696942e+04 1.245129545306573345e+04 1.471013778286761953e+04 2.766112936148548670e+03 8.069498508354326987e+02 3.454143634560347209e+02 9.059573148081362604e+01 8.127419855162607121e+00
3.442346228760172380e+04 2.572670147556428128e+04 1.417928883544416385e+04 9.212168642123808240e+03 5.203174191275310477e+03 2.766112936148548670e+03 4.200766265448044578e+03 4.271081682438411917e+02 1.571327315688935755e+02 3.396849736329395597e+01 5.745076037549003978e-01
1.178153527291979844e+04 8.313583848101552576e+03 4.731868153078237810e+03 3.232175857169512710e+03 1.746640369790165096e+03 8.069498508354326987e+02 4.271081682438411917e+02 1.076944895278398235e+03 2.719205272651377925e+01 7.105855139954138089e+00 3.933318270073999923e+00
3.140736991663249228e+03 2.458547447352388190e+03 1.424759249543274791e+03 1.136246628957424036e+03 5.341430524545938852e+02 3.454143634560347209e+02 1.571327315688935755e+02 2.719205272651377925e+01 2.312069576939425986e+02 -3.607829320506601434e-01 2.745087526472456130e-02
9.478630366764734845e+02 7.655813818116289440e+02 4.454649606887101640e+02 2.563754887580780633e+02 1.139525047774753830e+02 9.059573148081362604e+01 3.396849736329395597e+01 7.105855139954138089e+00 -3.607829320506601434e-01 5.643899954427256205e+01 -4.313708970170918033e-01
1.635660402648613001e+02 1.969953240068768707e+02 1.297936205820253690e+02 9.427414876627807416e+01 4.012337575300227144e+01 8.127419855162607121e+00 5.745076037549003978e-01 3.933318270073999923e+00 2.745087526472456130e-02 -4.313708970170918033e-01 4.970569199719668596e+00
