1.627419036171149928e+06 9.692923585311744828e+05 6.567579711168615613e+05 4.114952319576112786e+05 2.457970175052994455e+05 1.523904026715760701e+05 7.869146922691437067e+04 3.385805072744146310e+04 1.065647095407974302e+04 4.401959612593842394e+03 1.074593923889800408e+03 1.323936106249573470e+02
9.692923585311744828e+05 8.184938379984850762e+05 4.511339585862335516e+05 2.859605989866725868e+05 1.731020900195668219e+05 1.077005208772984624e+05 5.418649836665624753e+04 2.579848943593181320e+04 6.385316722898571243e+03 3.154183998988881740e+03 6.443504735352119042e+02 8.400752141726276534e+01
6.567579711168615613e+05 4.511339585862335516e+05 4.004174783031393890e+05 1.997076587175946624e+05 1.207317886190627032e+05 7.030431115077080904e+04 3.828799454658744799e+04 1.669577919814860070e+04 5.463618291902907004e+03 2.041717671117929285e+03 6.727974234167110126e+02 1.022584319147033227e+02
4.114952319576112786e+05 2.859605989866725868e+05 1.997076587175946624e+05 1.869379821308788960e+05 7.595022678374749376e+04 4.701276897683522111e+04 2.316213090482830012e+04 1.022734906805599894e+04 3.845577429620696421e+03 1.266567698499893140e+03 2.468461134876097844e+02 5.914487153465083225e+01
2.457970175052994455e+05 1.731020900195668219e+05 1.207317886190627032e+05 7.595022678374749376e+04 7.789935461337456945e+04 2.713659215459561528e+04 1.386334102580728722e+04 6.447959620252356217e+03 2.118919336246389776e+03 8.483418491810043633e+02 1.925423998835764792e+02 4.902138089238179219e+01
1.523904026715760701e+05 1.077005208772984624e+05 7.030431115077080904e+04 4.701276897683522111e+04 2.713659215459561528e+04 3.178654297433320971e+04 9.380087606895120189e+03 3.942620195235217579e+03 1.222491396708873026e+03 4.393708663799790202e+02 9.755452836042026377e+01 1.128819206421543697e+01
7.869146922691437067e+04 5.418649836665624753e+04 3.828799454658744799e+04 2.316213090482830012e+04 1.386334102580728722e+04 9.380087606895120189e+03 1.063383966819927446e+04 2.240854163395398245e+03 4.030592407351340967e+02 3.231673898307588502e+02 1.260563799924144206e+02 4.213709353134999169e+00
3.385805072744146310e+04 2.579848943593181320e+04 1.669577919814860070e+04 1.022734906805599894e+04 6.447959620252356217e+03 3.942620195235217579e+03 2.240854163395398245e+03 3.593899962086351024e+03 4.201552536946449550e+02 1.026505872756277427e+02 1.419602406547112139e+01 3.717632821565371337e+00
1.065647095407974302e+04 6.385316722898571243e+03 5.463618291902907004e+03 3.845577429620696421e+03 2.118919336246389776e+03 1.222491396708873026e+03 4.030592407351340967e+02 4.201552536946449550e+02 9.392258148521450494e+02 -1.621954572784282433e+01 6.382328499048319337e+00 1.417641629742558251e+00
4.401959612593842394e+03 3.154183998988881740e+03 2.041717671117929285e+03 1.266567698499893140e+03 8.483418491810043633e+02 4.393708663799790202e+02 3.231673898307588502e+02 1.026505872756277427e+02 -1.621954572784282433e+01 1.982737504834922788e+02 2.603911596539532969e+00 -3.137242887396984869e-02
1.074593923889800408e+03 6.443504735352119042e+02 6.727974234167110126e+02 2.468461134876097844e+02 1.925423998835764792e+02 9.755452836042026377e+01 1.260563799924144206e+02 1.419602406547112139e+01 6.382328499048319337e+00 2.603911596539532969e+00 4.018612061075133823e+01 1.778424561793192638e+00
1.323936106249573470e+02 8.400752141726276534e+01 1.022584319147033227e+02 5.914487153465083225e+01 4.902138089238179219e+01 1.128819206421543697e+01 4.213709353134999169e+00 3.717632821565371337e+00 1.417641629742558251e+00 -3.137242887396984869e-02 1.778424561793192638e+00 2.994106180659540151e+00
