1.699006877234026790e+06 1.005189998387750355e+06 6.779671363367344020e+05 4.234423289658467402e+05 2.523835498858325300e+05 1.562377181661379582e+05 8.059422795310961374e+04 3.465184526593843475e+04 1.090079491416453311e+04 4.501339782481517432e+03 1.098602828714124144e+03 1.353244002365831022e+02
1.005189998387750355e+06 8.431530368721999694e+05 4.626008579616643838e+05 2.923030083040525205e+05 1.765567687224828405e+05 1.096841058561374521e+05 5.512708099784121441e+04 2.622746507984913114e+04 6.488209013977641007e+03 3.203910620340247078e+03 6.543590436229067109e+02 8.529525670388817105e+01
6.779671363367344020e+05 4.626008579616643838e+05 4.087180907650064910e+05 2.032037542066560127e+05 1.225783059965594148e+05 7.127180751362933370e+04 3.877452172392138164e+04 1.689579581485554809e+04 5.526277112097557620e+03 2.064424362424538231e+03 6.801241508986718145e+02 1.033512558265761925e+02
4.234423289658467402e+05 2.923030083040525205e+05 2.032037542066560127e+05 1.896097780801093613e+05 7.686829141044081189e+04 4.750921113479987253e+04 2.338236923895300060e+04 1.031718484004825950e+04 3.877394954008037985e+03 1.276608901274712707e+03 2.487461360608742211e+02 5.958814893747177877e+01
2.523835498858325300e+05 1.765567687224828405e+05 1.225783059965594148e+05 7.686829141044081189e+04 7.866960797001676110e+04 2.736353924517219275e+04 1.396474091150906497e+04 6.490459059345477726e+03 2.131806971961381350e+03 8.532087983846679435e+02 1.936026972675654179e+02 4.928143167530565449e+01
1.562377181661379582e+05 1.096841058561374521e+05 7.127180751362933370e+04 4.750921113479987253e+04 2.736353924517219275e+04 3.200398766463033462e+04 9.434430851252534922e+03 3.962615035278508458e+03 1.228069938806686878e+03 4.412244043025705764e+02 9.794365161608487824e+01 1.133094158280376895e+01
8.059422795310961374e+04 5.512708099784121441e+04 3.877452172392138164e+04 2.338236923895300060e+04 1.396474091150906497e+04 9.434430851252534922e+03 1.068432114962041123e+04 2.249875821708003969e+03 4.044773306470490297e+02 3.241931348475737877e+02 1.264275447013413043e+02 4.225267421055509232e+00
3.465184526593843475e+04 2.622746507984913114e+04 1.689579581485554809e+04 1.031718484004825950e+04 6.490459059345477726e+03 3.962615035278508458e+03 2.249875821708003969e+03 3.605778702544198040e+03 4.213308231659469811e+02 1.029024823464904443e+02 1.422760270126231141e+01 3.725154144610764106e+00
1.090079491416453311e+04 6.488209013977641007e+03 5.526277112097557620e+03 3.877394954008037985e+03 2.131806971961381350e+03 1.228069938806686878e+03 4.044773306470490297e+02 4.213308231659469811e+02 9.413774751802461651e+02 -1.625112564006628091e+01 6.393291468490048146e+00 1.419791464368018730e+00
4.501339782481517432e+03 3.203910620340247078e+03 2.064424362424538231e+03 1.276608901274712707e+03 8.532087983846679435e+02 4.412244043025705764e+02 3.241931348475737877e+02 1.029024823464904443e+02 -1.625112564006628091e+01 1.985916402410070987e+02 2.607489487031763087e+00 -3.140922538779755691e-02
1.098602828714124144e+03 6.543590436229067109e+02 6.801241508986718145e+02 2.487461360608742211e+02 1.936026972675654179e+02 9.794365161608487824e+01 1.264275447013413043e+02 1.422760270126231141e+01 6.393291468490048146e+00 2.607489487031763087e+00 4.023212786682771736e+01 1.780102948645224670e+00
1.353244002365831022e+02 8.529525670388817105e+01 1.033512558265761925e+02 5.958814893747177877e+01 4.928143167530565449e+01 1.133094158280376895e+01 4.225267421055509232e+00 3.725154144610764106e+00 1.419791464368018730e+00 -3.140922538779755691e-02 1.780102948645224670e+00 2.996329856990232798e+00
