1.849598716501068557e+06 1.078483463307503611e+06 7.558048573597659124e+05 4.922049400332827936e+05 2.973026373850047239e+05 1.851794991799289710e+05 1.160946778771882091e+05 4.922839598105679761e+04 2.087220247663919508e+04 7.029591676110245317e+03 2.424393914849061730e+03 3.170248878509114547e+02 5.256121612569265267e+01
1.078483463307503611e+06 9.266252135923169553e+05 5.213391002440442680e+05 3.456513380322019802e+05 2.107770985782760836e+05 1.316736426537574152e+05 7.902834097749557986e+04 3.556831936418409168e+04 1.452905853074737388e+04 4.652676959931462989e+03 1.714945189232408438e+03 1.885319562439418632e+02 6.574956922004732007e+01
7.558048573597659124e+05 5.213391002440442680e+05 4.791446894684368744e+05 2.436270322797207627e+05 1.489830417918640887e+05 9.210008522475717473e+04 5.747114735701340396e+04 2.608894125349765454e+04 1.085025035109750752e+04 2.982121991432998129e+03 1.194064502887708613e+03 2.759841249980867133e+02 4.330654133436748765e+01
4.922049400332827936e+05 3.456513380322019802e+05 2.436270322797207627e+05 2.301006006492293964e+05 1.009591601284103235e+05 5.987503430688230583e+04 3.764606137858267903e+04 1.606382717099873844e+04 7.505682932473514484e+03 2.215423658644716397e+03 8.135586511593563728e+02 1.553657671143474488e+02 3.341113187599216872e+01
2.973026373850047239e+05 2.107770985782760836e+05 1.489830417918640887e+05 1.009591601284103235e+05 9.872409047992737032e+04 3.781739966308121802e+04 2.069456615925501683e+04 1.011024695742173753e+04 3.858742014217752967e+03 1.659363569213183609e+03 4.583434422159546671e+02 8.499254275411350079e+01 3.893004829670560696e+01
1.851794991799289710e+05 1.316736426537574152e+05 9.210008522475717473e+04 5.987503430688230583e+04 3.781739966308121802e+04 4.387688796766777523e+04 1.493834186266901634e+04 6.983690254222346084e+03 2.839667216459812153e+03 1.008699138055088383e+03 2.600358353564087110e+02 8.667909670928672483e+01 6.290148417134172831e+00
1.160946778771882091e+05 7.902834097749557986e+04 5.747114735701340396e+04 3.764606137858267903e+04 2.069456615925501683e+04 1.493834186266901634e+04 1.810840019093110459e+04 3.950778053344259206e+03 1.598910958808861324e+03 4.082878714564701568e+02 1.710877820505043871e+02 7.476692100047652900e+01 -5.401349886631754416e-01
4.922839598105679761e+04 3.556831936418409168e+04 2.608894125349765454e+04 1.606382717099873844e+04 1.011024695742173753e+04 6.983690254222346084e+03 3.950778053344259206e+03 5.554629982688335076e+03 9.670973093251715227e+02 2.986848547421681701e+02 8.787300677776721614e+01 1.859904806795955778e+01 5.395199523701055266e-01
2.087220247663919508e+04 1.452905853074737388e+04 1.085025035109750752e+04 7.505682932473514484e+03 3.858742014217752967e+03 2.839667216459812153e+03 1.598910958808861324e+03 9.670973093251715227e+02 1.656604111851674816e+03 7.330810908710733997e+01 3.466069091985302464e+01 5.813235195416497803e+00 8.735074104679518836e-01
7.029591676110245317e+03 4.652676959931462989e+03 2.982121991432998129e+03 2.215423658644716397e+03 1.659363569213183609e+03 1.008699138055088383e+03 4.082878714564701568e+02 2.986848547421681701e+02 7.330810908710733997e+01 4.014773067049188739e+02 1.971405993449042882e+00 5.172434320571539068e+00 -4.325518136854711315e-01
2.424393914849061730e+03 1.714945189232408438e+03 1.194064502887708613e+03 8.135586511593563728e+02 4.583434422159546671e+02 2.600358353564087110e+02 1.710877820505043871e+02 8.787300677776721614e+01 3.466069091985302464e+01 1.971405993449042882e+00 7.795283426174631813e+01 -1.665035571026328931e+00 1.709761677463741192e+00
3.170248878509114547e+02 1.885319562439418632e+02 2.759841249980867133e+02 1.553657671143474488e+02 8.499254275411350079e+01 8.667909670928672483e+01 7.476692100047652900e+01 1.859904806795955778e+01 5.813235195416497803e+00 5.172434320571539068e+00 -1.665035571026328931e+00 1.082932535725070089e+01 -4.321852014164424133e-02
5.256121612569265267e+01 6.574956922004732007e+01 4.330654133436748765e+01 3.341113187599216872e+01 3.893004829670560696e+01 6.290148417134172831e+00 -5.401349886631754416e-01 5.395199523701055266e-01 8.735074104679518836e-01 -4.325518136854711315e-01 1.709761677463741192e+00 -4.321852014164424133e-02 2.003196732973950400e+00
