1.755145145062905271e+06 1.030279979871322401e+06 7.256195858318189858e+05 4.742878503069431754e+05 2.872687155456400942e+05 1.792963055135251489e+05 1.125781531780210498e+05 4.779167971936190588e+04 2.028047919546742196e+04 6.834522845730205518e+03 2.358198812044861825e+03 3.084890146713375429e+02 5.116058838621002280e+01
1.030279979871322401e+06 8.911527107202608604e+05 5.038785428670663387e+05 3.353053806013274589e+05 2.050308638217429689e+05 1.283463535755363555e+05 7.714911042772747169e+04 3.476211589263028873e+04 1.421194949467774495e+04 4.553939422719668073e+03 1.679321019757090198e+03 1.846875280042032159e+02 6.442720424632015863e+01
7.256195858318189858e+05 5.038785428670663387e+05 4.654036588401334593e+05 2.375118609993093996e+05 1.456431971384835197e+05 9.021988390056256321e+04 5.638394681392617349e+04 2.562458618035213658e+04 1.066629248509260651e+04 2.933373079913092624e+03 1.175083735126597958e+03 2.717028810398172709e+02 4.264689550055227585e+01
4.742878503069431754e+05 3.353053806013274589e+05 2.375118609993093996e+05 2.251512142187104328e+05 9.905942651874059811e+04 5.886873729803485912e+04 3.706993842701304675e+04 1.583602366718924532e+04 7.405606933184302761e+03 2.187234760896339139e+03 8.035753539547117725e+02 1.535190199179714341e+02 3.302340294346792859e+01
2.872687155456400942e+05 2.050308638217429689e+05 1.456431971384835197e+05 9.905942651874059811e+04 9.713299075906786311e+04 3.728414152825489873e+04 2.043394331363504534e+04 9.994300940942648595e+03 3.817769692977387422e+03 1.642758414681278282e+03 4.539649281367512685e+02 8.421340298175701378e+01 3.858416596137313093e+01
1.792963055135251489e+05 1.283463535755363555e+05 9.021988390056256321e+04 5.886873729803485912e+04 3.728414152825489873e+04 4.334681242795239086e+04 1.478043163131184701e+04 6.917744095648850816e+03 2.815271571416934421e+03 1.000651069810521676e+03 2.580794038012954843e+02 8.606045473171197102e+01 6.247034899529161578e+00
1.125781531780210498e+05 7.714911042772747169e+04 5.638394681392617349e+04 3.706993842701304675e+04 2.043394331363504534e+04 1.478043163131184701e+04 1.794436853412683558e+04 3.919453617288362693e+03 1.587597841613579021e+03 4.056494268940341499e+02 1.700601330417650843e+02 7.434677410089364002e+01 -5.372528444667263869e-01
4.779167971936190588e+04 3.476211589263028873e+04 2.562458618035213658e+04 1.583602366718924532e+04 9.994300940942648595e+03 6.917744095648850816e+03 3.919453617288362693e+03 5.516871029139569146e+03 9.613492595386510402e+02 2.970929798828827870e+02 8.744476315577796299e+01 1.851561536605612091e+01 5.372528444666976322e-01
2.028047919546742196e+04 1.421194949467774495e+04 1.066629248509260651e+04 7.405606933184302761e+03 3.817769692977387422e+03 2.815271571416934421e+03 1.587597841613579021e+03 9.613492595386510402e+02 1.648174080215623462e+03 7.298011266807236552e+01 3.452143642219433417e+01 5.792134680856539930e+00 8.705849012526398756e-01
6.834522845730205518e+03 4.553939422719668073e+03 2.933373079913092624e+03 2.187234760896339139e+03 1.642758414681278282e+03 1.000651069810521676e+03 4.056494268940341499e+02 2.970929798828827870e+02 7.298011266807236552e+01 3.999278801781553057e+02 1.964698358232297215e+00 5.156842996158919945e+00 -4.313708970170795909e-01
2.358198812044861825e+03 1.679321019757090198e+03 1.175083735126597958e+03 8.035753539547117725e+02 4.539649281367512685e+02 2.580794038012954843e+02 1.700601330417650843e+02 8.744476315577796299e+01 3.452143642219433417e+01 1.964698358232297215e+00 7.772323175845680510e+01 -1.660777953515802929e+00 1.705875820022136002e+00
3.084890146713375429e+02 1.846875280042032159e+02 2.717028810398172709e+02 1.535190199179714341e+02 8.421340298175701378e+01 8.606045473171197102e+01 7.434677410089364002e+01 1.851561536605612091e+01 5.792134680856539930e+00 5.156842996158919945e+00 -1.660777953515802929e+00 1.080584097027814572e+01 -4.313708970170919421e-02
5.116058838621002280e+01 6.442720424632015863e+01 4.264689550055227585e+01 3.302340294346792859e+01 3.858416596137313093e+01 6.247034899529161578e+00 -5.372528444667263869e-01 5.372528444666976322e-01 8.705849012526398756e-01 -4.313708970170795909e-01 1.705875820022136002e+00 -4.313708970170919421e-02 1.999992340715606831e+00
