1.024281287620216026e+06 5.736355688404787797e+05 3.016407592451535165e+05 1.748053837805695075e+05 8.989362011143448763e+04 3.646458092834270064e+04 1.277041713925749536e+04 4.627024050281462223e+03 1.016353172638467981e+03 9.809205623693830489e+01
5.736355688404787797e+05 5.016721359664509073e+05 2.082827975241845124e+05 1.170589519568221294e+05 6.133453224013380532e+04 2.577594982697573141e+04 7.998069144290747317e+03 2.798685431110540776e+03 6.151723754803861084e+02 1.353244553563992838e+02
3.016407592451535165e+05 2.082827975241845124e+05 1.542879402621949266e+05 6.408972127734981041e+04 3.147371852196684995e+04 1.311263982189556918e+04 4.354068234444028349e+03 1.738857535289310135e+03 4.417867584427116299e+02 6.195115055208163568e+01
1.748053837805695075e+05 1.170589519568221294e+05 6.408972127734981041e+04 5.896841822151633096e+04 1.836709529739184291e+04 8.104621807758262548e+03 2.263186662210858231e+03 1.172201263836511089e+03 2.256168938617103663e+02 -3.398107441229436887e+01
8.989362011143448763e+04 6.133453224013380532e+04 3.147371852196684995e+04 1.836709529739184291e+04 2.004691953629054478e+04 4.241629951041823006e+03 1.395348117174889467e+03 6.582938023022962852e+02 8.500743421831374746e+01 9.892725498312900712e+00
3.646458092834270064e+04 2.577594982697573141e+04 1.311263982189556918e+04 8.104621807758262548e+03 4.241629951041823006e+03 5.245081067757170786e+03 5.067402573811655770e+02 2.462608594785009473e+02 3.392399687486330606e+01 4.300847864786206287e+00
1.277041713925749536e+04 7.998069144290747317e+03 4.354068234444028349e+03 2.263186662210858231e+03 1.395348117174889467e+03 5.067402573811655770e+02 1.325335122239218663e+03 1.353573452070965004e+02 3.237911649085767607e+01 5.264186092082265844e+00
4.627024050281462223e+03 2.798685431110540776e+03 1.738857535289310135e+03 1.172201263836511089e+03 6.582938023022962852e+02 2.462608594785009473e+02 1.353573452070965004e+02 3.209086027334316213e+02 8.160382300287188917e-01 -1.218799071545505264e+00
1.016353172638467981e+03 6.151723754803861084e+02 4.417867584427116299e+02 2.256168938617103663e+02 8.500743421831374746e+01 3.392399687486330606e+01 3.237911649085767607e+01 8.160382300287188917e-01 5.023085444028761515e+01 6.051394147987182448e-01
9.809205623693830489e+01 1.353244553563992838e+02 6.195115055208163568e+01 -3.398107441229436887e+01 9.892725498312900712e+00 4.300847864786206287e+00 5.264186092082265844e+00 -1.218799071545505264e+00 6.051394147987182448e-01 3.991227146156178573e+00
