1.376441931150265504e+06 7.524960357088602614e+05 4.834342174846518319e+05 2.878100907416986884e+05 1.668646033242597186e+05 8.424768093366638641e+04 3.525880299752260908e+04 1.205863056889326617e+04 3.213003422753495670e+03 9.693421361517516743e+02 1.672304197875358511e+02
7.524960357088602614e+05 6.557478639146133792e+05 3.226101532363052829e+05 2.015966967832909140e+05 1.117841190562717384e+05 5.783313236489021801e+04 2.617446559678238555e+04 8.452108917212226515e+03 2.498267359671079248e+03 7.776847240941641530e+02 2.000593063743001210e+02
4.834342174846518319e+05 3.226101532363052829e+05 2.755284085426008096e+05 1.267157228122583765e+05 6.914562249609423452e+04 3.577979025650599942e+04 1.435988220694635493e+04 4.788639576872355974e+03 1.441134505206495078e+03 4.504312007473217250e+02 1.312075723617869301e+02
2.878100907416986884e+05 2.015966967832909140e+05 1.267157228122583765e+05 1.119940760091831471e+05 4.142049523727501946e+04 2.021943568306772795e+04 9.300067251157135615e+03 3.260635694796000735e+03 1.145680234074949340e+03 2.584158806957120760e+02 9.500051372204593747e+01
1.668646033242597186e+05 1.117841190562717384e+05 6.914562249609423452e+04 4.142049523727501946e+04 4.438965557344531408e+04 1.255591998339041857e+04 5.241416420694181397e+03 1.758194351748295958e+03 5.374084451378051881e+02 1.146100399768350542e+02 4.034473705155743062e+01
8.424768093366638641e+04 5.783313236489021801e+04 3.577979025650599942e+04 2.021943568306772795e+04 1.255591998339041857e+04 1.481137136249686591e+04 2.782240940063275048e+03 8.110627616509605105e+02 3.470018782563350328e+02 9.098107284588287769e+01 8.159934065000234327e+00
3.525880299752260908e+04 2.617446559678238555e+04 1.435988220694635493e+04 9.300067251157135615e+03 5.241416420694181397e+03 2.782240940063275048e+03 4.220847346527388254e+03 4.288368451035121893e+02 1.576900865431190653e+02 3.407736078544898817e+01 5.762036880199125077e-01
1.205863056889326617e+04 8.452108917212226515e+03 4.788639576872355974e+03 3.260635694796000735e+03 1.758194351748295958e+03 8.110627616509605105e+02 4.288368451035121893e+02 1.080514960650035846e+03 2.726859817012350362e+01 7.123428237173636823e+00 3.942052730477352718e+00
3.213003422753495670e+03 2.498267359671079248e+03 1.441134505206495078e+03 1.145680234074949340e+03 5.374084451378051881e+02 3.470018782563350328e+02 1.576900865431190653e+02 2.726859817012350362e+01 2.317422577623808024e+02 -3.614949241507151023e-01 2.749812313655344148e-02
9.693421361517516743e+02 7.776847240941641530e+02 4.504312007473217250e+02 2.584158806957120760e+02 1.146100399768350542e+02 9.098107284588287769e+01 3.407736078544898817e+01 7.123428237173636823e+00 -3.614949241507151023e-01 5.653109683614336234e+01 -4.319660178232072600e-01
1.672304197875358511e+02 2.000593063743001210e+02 1.312075723617869301e+02 9.500051372204593747e+01 4.034473705155743062e+01 8.159934065000234327e+00 5.762036880199125077e-01 3.942052730477352718e+00 2.749812313655344148e-02 -4.319660178232072600e-01 4.976173358358519039e+00
