1.558573821213671472e+06 8.837911851774704410e+05 5.675096914907030296e+05 3.611692268721524160e+05 2.217351851231696492e+05 1.119354052501073747e+05 5.772930686950824747e+04 2.072037672007339643e+04 6.592070748580612417e+03 1.964143534596891413e+03 4.346318244249181362e+02 -2.245436621187838355e+01
8.837911851774704410e+05 7.629103827730539488e+05 3.729239539719021413e+05 2.547452077708034194e+05 1.547456992545570538e+05 7.452528795541751606e+04 4.118221694193295116e+04 1.614048935524731132e+04 4.369581087527496493e+03 1.527155977080701632e+03 3.953409604245244395e+02 1.760722187794291926e+01
5.675096914907030296e+05 3.729239539719021413e+05 3.382720466400209698e+05 1.587003988367433485e+05 9.551188176500140980e+04 4.840312509395484813e+04 2.592531565042966031e+04 8.940128002290448421e+03 3.033569075457677627e+03 8.999547650791107571e+02 3.157387602568712737e+02 -1.868288011262211112e+00
3.611692268721524160e+05 2.547452077708034194e+05 1.587003988367433485e+05 1.473827859688319149e+05 6.437790574776771246e+04 3.011047585198327943e+04 1.511204457035516498e+04 6.564803827520034247e+03 1.784581139668028754e+03 4.560155898981642508e+02 1.552253704246271298e+02 1.758039261403388309e+01
2.217351851231696492e+05 1.547456992545570538e+05 9.551188176500140980e+04 6.437790574776771246e+04 6.340646577244028595e+04 1.815566572574674865e+04 1.012897629466720173e+04 3.839853104498875382e+03 1.171986595013873966e+03 3.189405870769712124e+02 1.076101669940447891e+02 6.548694636923501733e+00
1.119354052501073747e+05 7.452528795541751606e+04 4.840312509395484813e+04 3.011047585198327943e+04 1.815566572574674865e+04 2.058060922969581952e+04 5.387765611129308127e+03 1.834457778781870047e+03 5.824552368998129168e+02 2.223545236563476806e+02 2.732679496441291178e+01 -1.121791644268128163e+00
5.772930686950824747e+04 4.118221694193295116e+04 2.592531565042966031e+04 1.511204457035516498e+04 1.012897629466720173e+04 5.387765611129308127e+03 7.151005610152153167e+03 1.054483833655551962e+03 3.445548935837191493e+02 1.613441194990753047e+02 2.119952883699623314e+01 1.457281814685229326e+00
2.072037672007339643e+04 1.614048935524731132e+04 8.940128002290448421e+03 6.564803827520034247e+03 3.839853104498875382e+03 1.834457778781870047e+03 1.054483833655551962e+03 1.933534181660788136e+03 1.922615578805276471e+02 6.584082467435737884e-01 9.238976385963002969e+00 -1.999262470906622680e+00
6.592070748580612417e+03 4.369581087527496493e+03 3.033569075457677627e+03 1.784581139668028754e+03 1.171986595013873966e+03 5.824552368998129168e+02 3.445548935837191493e+02 1.922615578805276471e+02 4.420968776202248591e+02 7.133936823386557435e+00 -3.681435948723085771e-01 2.198310136835126993e+00
1.964143534596891413e+03 1.527155977080701632e+03 8.999547650791107571e+02 4.560155898981642508e+02 3.189405870769712124e+02 2.223545236563476806e+02 1.613441194990753047e+02 6.584082467435737884e-01 7.133936823386557435e+00 9.547905650672315403e+01 2.364797985951000214e+00 -1.848747415557675522e-01
4.346318244249181362e+02 3.953409604245244395e+02 3.157387602568712737e+02 1.552253704246271298e+02 1.076101669940447891e+02 2.732679496441291178e+01 2.119952883699623314e+01 9.238976385963002969e+00 -3.681435948723085771e-01 2.364797985951000214e+00 1.091580165562442417e+01 -1.769241284909915668e-02
-2.245436621187838355e+01 1.760722187794291926e+01 -1.868288011262211112e+00 1.758039261403388309e+01 6.548694636923501733e+00 -1.121791644268128163e+00 1.457281814685229326e+00 -1.999262470906622680e+00 2.198310136835126993e+00 -1.848747415557675522e-01 -1.769241284909915668e-02 1.004212453357424373e+00
