1.920324471306552878e+06 1.150939809942570981e+06 8.499529626188667025e+05 5.653581721271078568e+05 3.722095980943705654e+05 2.384845847251251398e+05 1.552133487233908381e+05 9.164546863714758365e+04 3.692413898537910427e+04 1.695992720616160659e+04 7.079755239907977739e+03 1.381059416898907557e+03 3.683907460519514387e+01 5.388410736785309751e+01
1.150939809942570981e+06 1.043185116723704385e+06 5.985120431983601302e+05 4.095554119354592985e+05 2.604977749319235445e+05 1.710150391887488368e+05 1.153942698442484252e+05 6.853980026118142996e+04 2.600182787290260967e+04 1.254394411786116689e+04 4.721740740882508362e+03 7.167796079212405402e+02 2.253324703871951940e+01 5.658213625100255229e+01
8.499529626188667025e+05 5.985120431983601302e+05 5.582189112326917239e+05 2.885674517484067474e+05 1.948140421643495210e+05 1.251122189023566898e+05 8.080790818049410882e+04 4.627453650989185553e+04 1.913990905365736398e+04 1.025996855097803746e+04 3.871940073758717517e+03 5.821134569796977303e+02 7.035267174987637873e+00 4.743707323424636257e+01
5.653581721271078568e+05 4.095554119354592985e+05 2.885674517484067474e+05 2.773525692073631799e+05 1.321975015720606316e+05 8.531195563743109233e+04 5.607943229383759899e+04 3.325684518671272963e+04 1.321227097016330299e+04 6.061749334599538088e+03 2.402602563562364594e+03 4.308924674767514489e+02 1.270583369395761331e+01 3.781161990035163001e+01
3.722095980943705654e+05 2.604977749319235445e+05 1.948140421643495210e+05 1.321975015720606316e+05 1.336676841770597384e+05 5.898871526993605221e+04 3.749373484323146113e+04 1.991273942731449642e+04 8.368638539221346946e+03 4.121631274389937062e+03 2.118254632909540305e+03 2.010149164563497663e+02 3.697240742797294644e+01 1.476464933881185360e+01
2.384845847251251398e+05 1.710150391887488368e+05 1.251122189023566898e+05 8.531195563743109233e+04 5.898871526993605221e+04 6.240926687628857326e+04 2.440396144316421851e+04 1.480019430072786781e+04 5.728958452212534212e+03 3.025964882181458051e+03 9.998628375351354407e+02 1.336230176814731010e+02 4.426649714117562695e+01 1.307445973322885813e+01
1.552133487233908381e+05 1.153942698442484252e+05 8.080790818049410882e+04 5.607943229383759899e+04 3.749373484323146113e+04 2.440396144316421851e+04 2.963627669930629781e+04 9.184294239068840398e+03 3.332283316929734156e+03 1.869475193492625749e+03 7.973792992520313874e+02 8.423301074980325609e+01 7.788205467962908024e+00 4.205866245916524804e+00
9.164546863714758365e+04 6.853980026118142996e+04 4.627453650989185553e+04 3.325684518671272963e+04 1.991273942731449642e+04 1.480019430072786781e+04 9.184294239068840398e+03 1.245548171154333249e+04 2.181717134968134815e+03 1.016278460943389177e+03 3.703672090716423213e+02 9.858785773645035988e+01 1.926267132861801912e+01 -9.568590806560940409e-01
3.692413898537910427e+04 2.600182787290260967e+04 1.913990905365736398e+04 1.321227097016330299e+04 8.368638539221346946e+03 5.728958452212534212e+03 3.332283316929734156e+03 2.181717134968134815e+03 4.039198256747140931e+03 4.867040184435809351e+02 1.248485414807700948e+02 5.326842345119938216e+01 -8.705849012523733110e-01 1.539209791629421842e+00
1.695992720616160659e+04 1.254394411786116689e+04 1.025996855097803746e+04 6.061749334599538088e+03 4.121631274389937062e+03 3.025964882181458051e+03 1.869475193492625749e+03 1.016278460943389177e+03 4.867040184435809351e+02 1.212199279261346419e+03 6.614092317354661077e+01 9.341140697224702194e+00 1.286269583832833296e+00 -9.333297590006532918e-01
7.079755239907977739e+03 4.721740740882508362e+03 3.871940073758717517e+03 2.402602563562364594e+03 2.118254632909540305e+03 9.998628375351354407e+02 7.973792992520313874e+02 3.703672090716423213e+02 1.248485414807700948e+02 6.614092317354661077e+01 3.159497704129377098e+02 1.743130579309897232e+00 1.686268051975848392e+00 4.215670129939620980e-01
1.381059416898907557e+03 7.167796079212405402e+02 5.821134569796977303e+02 4.308924674767514489e+02 2.010149164563497663e+02 1.336230176814731010e+02 8.423301074980325609e+01 9.858785773645035988e+01 5.326842345119938216e+01 9.341140697224702194e+00 1.743130579309897232e+00 4.887628340884110401e+01 -3.686260392691509957e-01 9.117612141497615230e-01
3.683907460519514387e+01 2.253324703871951940e+01 7.035267174987637873e+00 1.270583369395761331e+01 3.697240742797294644e+01 4.426649714117562695e+01 7.788205467962908024e+00 1.926267132861801912e+01 -8.705849012523733110e-01 1.286269583832833296e+00 1.686268051975848392e+00 -3.686260392691509957e-01 3.984298466994228516e+00 -7.843107218492571461e-03
5.388410736785309751e+01 5.658213625100255229e+01 4.743707323424636257e+01 3.781161990035163001e+01 1.476464933881185360e+01 1.307445973322885813e+01 4.205866245916524804e+00 -9.568590806560940409e-01 1.539209791629421842e+00 -9.333297590006532918e-01 4.215670129939620980e-01 9.117612141497615230e-01 -7.843107218492571461e-03 1.001956947162427891e+00
