1.478982036006260198e+06 8.442639432293500286e+05 5.448368664030364016e+05 3.480174848594936775e+05 2.142450677501885220e+05 1.083771692663604917e+05 5.597981110672838258e+04 2.011537198463544701e+04 6.405016647454684971e+03 1.909667196433747222e+03 4.227768122823952694e+02 -2.184893593392228084e+01
8.442639432293500286e+05 7.336605315083394526e+05 3.604180550167030306e+05 2.471094771848904202e+05 1.505178000390531961e+05 7.263852966249737074e+04 4.020109310243142681e+04 1.577393959122404885e+04 4.273967945894565673e+03 1.494723687485738765e+03 3.871279291975864112e+02 1.724699277347203008e+01
5.448368664030364016e+05 3.604180550167030306e+05 3.285617456429568119e+05 1.547127212288823212e+05 9.336654832052686834e+04 4.741343410910385137e+04 2.543412612544257354e+04 8.780754608019105945e+03 2.982016030882926316e+03 8.852436686442422342e+02 3.107243002286651858e+02 -1.839208642742864441e+00
3.480174848594936775e+05 2.471094771848904202e+05 1.547127212288823212e+05 1.442088418472580088e+05 6.316374437903908256e+04 2.960347878569849490e+04 1.488034889572279280e+04 6.471530118220991426e+03 1.760716786470621628e+03 4.502139621095072926e+02 1.533229422375023887e+02 1.737052171215593432e+01
2.142450677501885220e+05 1.505178000390531961e+05 9.336654832052686834e+04 6.316374437903908256e+04 6.238073169143452833e+04 1.789877066953713802e+04 1.000095189586442757e+04 3.795646248290985568e+03 1.159475951761814031e+03 3.157438888484558674e+02 1.065819447688972019e+02 6.488210446497799211e+00
1.083771692663604917e+05 7.263852966249737074e+04 4.741343410910385137e+04 2.960347878569849490e+04 1.789877066953713802e+04 2.033121625606851740e+04 5.330630565906722040e+03 1.817075394166084152e+03 5.774252396399056124e+02 2.205795474129004106e+02 2.712146476154804731e+01 -1.113721225026558681e+00
5.597981110672838258e+04 4.020109310243142681e+04 2.543412612544257354e+04 1.488034889572279280e+04 1.000095189586442757e+04 5.330630565906722040e+03 7.086010117915146111e+03 1.046092072257753671e+03 3.421026114330288692e+02 1.603013468851663674e+02 2.107246831928678787e+01 1.449014058616330258e+00
2.011537198463544701e+04 1.577393959122404885e+04 8.780754608019105945e+03 6.471530118220991426e+03 3.795646248290985568e+03 1.817075394166084152e+03 1.046092072257753671e+03 1.920335783027855996e+03 1.911110328162090184e+02 6.548994527453251280e-01 9.194082436878312947e+00 -1.990188456692564278e+00
6.405016647454684971e+03 4.273967945894565673e+03 2.982016030882926316e+03 1.760716786470621628e+03 1.159475951761814031e+03 5.774252396399056124e+02 3.421026114330288692e+02 1.911110328162090184e+02 4.398238058218361743e+02 7.101933586345309024e+00 -3.666652624645032610e-01 2.190187690764060502e+00
1.909667196433747222e+03 1.494723687485738765e+03 8.852436686442422342e+02 4.502139621095072926e+02 3.157438888484558674e+02 2.205795474129004106e+02 1.603013468851663674e+02 6.548994527453251280e-01 7.101933586345309024e+00 9.511336123865945069e+01 2.356853719157019356e+00 -1.843130196345755256e-01
4.227768122823952694e+02 3.871279291975864112e+02 3.107243002286651858e+02 1.533229422375023887e+02 1.065819447688972019e+02 2.712146476154804731e+01 2.107246831928678787e+01 9.194082436878312947e+00 -3.666652624645032610e-01 2.356853719157019356e+00 1.088427204246307056e+01 -1.764699124160830010e-02
-2.184893593392228084e+01 1.724699277347203008e+01 -1.839208642742864441e+00 1.737052171215593432e+01 6.488210446497799211e+00 -1.113721225026558681e+00 1.449014058616330258e+00 -1.990188456692564278e+00 2.190187690764060502e+00 -1.843130196345755256e-01 -1.764699124160830010e-02 1.001956947162426559e+00
