3.127228400000000256e+05 1.257831319999999978e+05 4.725197200000000157e+04 1.444739119999999821e+04 2.768684000000000196e+03 2.290138080000000400e+02 2.212232799999999777e+00 0.000000000000000000e+00 0.000000000000000000e+00 0.000000000000000000e+00
1.257831319999999978e+05 7.360600000000000000e+04 2.237679999999999927e+04 6.767448399999999310e+03 1.348617960000000039e+03 1.132180480000000102e+02 2.044826280000000551e+00 0.000000000000000000e+00 0.000000000000000000e+00 0.000000000000000000e+00
4.725197200000000157e+04 2.237679999999999927e+04 1.357286439999999857e+04 2.704645999999999731e+03 5.570493599999999788e+02 5.995953600000000705e+01 4.666649200000000386e-01 0.000000000000000000e+00 0.000000000000000000e+00 0.000000000000000000e+00
1.444739119999999821e+04 6.767448399999999310e+03 2.704645999999999731e+03 2.060360000000000127e+03 1.815375639999999748e+02 2.004608280000000065e+01 -3.953201599999999760e-01 0.000000000000000000e+00 0.000000000000000000e+00 0.000000000000000000e+00
2.768684000000000196e+03 1.348617960000000039e+03 5.570493599999999788e+02 1.815375639999999748e+02 2.146937440000000095e+02 5.335730039999999619e+00 -2.668215800000000026e-01 0.000000000000000000e+00 0.000000000000000000e+00 0.000000000000000000e+00
2.290138080000000400e+02 1.132180480000000102e+02 5.995953600000000705e+01 2.004608280000000065e+01 5.335730039999999619e+00 1.537506840000000174e+01 3.610122799999999910e-02 0.000000000000000000e+00 0.000000000000000000e+00 0.000000000000000000e+00
2.212232799999999777e+00 2.044826280000000551e+00 4.666649200000000386e-01 -3.953201599999999760e-01 -2.668215800000000026e-01 3.610122799999999910e-02 3.179715439999999949e-01 0.000000000000000000e+00 0.000000000000000000e+00 0.000000000000000000e+00
0.000000000000000000e+00 0.000000000000000000e+00 0.000000000000000000e+00 0.000000000000000000e+00 0.000000000000000000e+00 0.000000000000000000e+00 0.000000000000000000e+00 0.000000000000000000e+00 0.000000000000000000e+00 0.000000000000000000e+00
0.000000000000000000e+00 0.000000000000000000e+00 0.000000000000000000e+00 0.000000000000000000e+00 0.000000000000000000e+00 0.000000000000000000e+00 0.000000000000000000e+00 0.000000000000000000e+00 0.000000000000000000e+00 0.000000000000000000e+00
0.000000000000000000e+00 0.000000000000000000e+00 0.000000000000000000e+00 0.000000000000000000e+00 0.000000000000000000e+00 0.000000000000000000e+00 0.000000000000000000e+00 0.000000000000000000e+00 0.000000000000000000e+00 0.000000000000000000e+00
