1.627398765133872163e+06 8.999116684410322923e+05 6.101858132673026994e+05 3.979409803956244723e+05 2.423394466961245635e+05 1.380834957432007941e+05 7.855860430083275423e+04 3.733287848035973002e+04 1.441428170093274821e+04 3.448586647979212103e+03 1.204806196815869953e+03 1.180013709860753579e+02 0.000000000000000000e+00 0.000000000000000000e+00 0.000000000000000000e+00 0.000000000000000000e+00 0.000000000000000000e+00 0.000000000000000000e+00 0.000000000000000000e+00 0.000000000000000000e+00
8.999116684410322923e+05 7.653846098166020820e+05 4.198234376734265243e+05 2.724017202498617116e+05 1.689009605684936687e+05 9.172906360792648047e+04 5.119735304331706720e+04 2.367231082847421567e+04 9.257721763964318598e+03 1.966263546640058848e+03 6.643359450238783666e+02 6.042759090187274040e+01 0.000000000000000000e+00 0.000000000000000000e+00 0.000000000000000000e+00 0.000000000000000000e+00 0.000000000000000000e+00 0.000000000000000000e+00 0.000000000000000000e+00 0.000000000000000000e+00
6.101858132673026994e+05 4.198234376734265243e+05 3.758953034671792993e+05 1.904312157596470497e+05 1.146999153688682418e+05 6.498218653760522284e+04 3.472716833051591675e+04 1.720216026799773317e+04 6.227129401440088259e+03 1.559105166452257208e+03 4.612159459423606336e+02 8.362139652755169550e+01 0.000000000000000000e+00 0.000000000000000000e+00 0.000000000000000000e+00 0.000000000000000000e+00 0.000000000000000000e+00 0.000000000000000000e+00 0.000000000000000000e+00 0.000000000000000000e+00
3.979409803956244723e+05 2.724017202498617116e+05 1.904312157596470497e+05 1.742904223036527401e+05 7.724433280647525680e+04 4.409521551754955726e+04 2.367355504131967609e+04 1.219261874890285253e+04 4.192787124108978787e+03 8.157613454015014440e+02 3.579758149253965485e+02 3.403447727257843525e+01 0.000000000000000000e+00 0.000000000000000000e+00 0.000000000000000000e+00 0.000000000000000000e+00 0.000000000000000000e+00 0.000000000000000000e+00 0.000000000000000000e+00 0.000000000000000000e+00
2.423394466961245635e+05 1.689009605684936687e+05 1.146999153688682418e+05 7.724433280647525680e+04 7.500413424302125350e+04 2.688371983029882904e+04 1.472380909941516984e+04 7.647041074060099163e+03 2.723922844839432855e+03 4.772617313809356574e+02 2.811438888551811033e+02 2.515473757283088929e+01 0.000000000000000000e+00 0.000000000000000000e+00 0.000000000000000000e+00 0.000000000000000000e+00 0.000000000000000000e+00 0.000000000000000000e+00 0.000000000000000000e+00 0.000000000000000000e+00
1.380834957432007941e+05 9.172906360792648047e+04 6.498218653760522284e+04 4.409521551754955726e+04 2.688371983029882904e+04 2.876209310214404832e+04 8.097151457439733349e+03 4.125053318227745876e+03 1.815391480879202163e+03 4.633430622275872679e+02 9.652871703242510648e+01 1.139472900431235614e+00 0.000000000000000000e+00 0.000000000000000000e+00 0.000000000000000000e+00 0.000000000000000000e+00 0.000000000000000000e+00 0.000000000000000000e+00 0.000000000000000000e+00 0.000000000000000000e+00
7.855860430083275423e+04 5.119735304331706720e+04 3.472716833051591675e+04 2.367355504131967609e+04 1.472380909941516984e+04 8.097151457439733349e+03 1.076627175738738697e+04 2.215054114701472827e+03 8.688843497255307966e+02 1.702083971901138852e+02 3.000904628844864774e+01 3.155388636805737335e+00 0.000000000000000000e+00 0.000000000000000000e+00 0.000000000000000000e+00 0.000000000000000000e+00 0.000000000000000000e+00 0.000000000000000000e+00 0.000000000000000000e+00 0.000000000000000000e+00
3.733287848035973002e+04 2.367231082847421567e+04 1.720216026799773317e+04 1.219261874890285253e+04 7.647041074060099163e+03 4.125053318227745876e+03 2.215054114701472827e+03 3.536803819830951397e+03 5.454496892109344799e+02 1.042620956484313979e+02 3.761947012725983797e+01 5.766068553651401807e+00 0.000000000000000000e+00 0.000000000000000000e+00 0.000000000000000000e+00 0.000000000000000000e+00 0.000000000000000000e+00 0.000000000000000000e+00 0.000000000000000000e+00 0.000000000000000000e+00
1.441428170093274821e+04 9.257721763964318598e+03 6.227129401440088259e+03 4.192787124108978787e+03 2.723922844839432855e+03 1.815391480879202163e+03 8.688843497255307966e+02 5.454496892109344799e+02 9.394452035932528133e+02 5.631252161622055041e+01 2.779736720932182337e+01 -4.416223095927223952e+00 0.000000000000000000e+00 0.000000000000000000e+00 0.000000000000000000e+00 0.000000000000000000e+00 0.000000000000000000e+00 0.000000000000000000e+00 0.000000000000000000e+00 0.000000000000000000e+00
3.448586647979212103e+03 1.966263546640058848e+03 1.559105166452257208e+03 8.157613454015014440e+02 4.772617313809356574e+02 4.633430622275872679e+02 1.702083971901138852e+02 1.042620956484313979e+02 5.631252161622055041e+01 2.429973733499770390e+02 1.763027227606321468e+00 -1.046277697763392966e+00 0.000000000000000000e+00 0.000000000000000000e+00 0.000000000000000000e+00 0.000000000000000000e+00 0.000000000000000000e+00 0.000000000000000000e+00 0.000000000000000000e+00 0.000000000000000000e+00
1.204806196815869953e+03 6.643359450238783666e+02 4.612159459423606336e+02 3.579758149253965485e+02 2.811438888551811033e+02 9.652871703242510648e+01 3.000904628844864774e+01 3.761947012725983797e+01 2.779736720932182337e+01 1.763027227606321468e+00 3.039258148854197827e+01 7.104443650534622012e-01 0.000000000000000000e+00 0.000000000000000000e+00 0.000000000000000000e+00 0.000000000000000000e+00 0.000000000000000000e+00 0.000000000000000000e+00 0.000000000000000000e+00 0.000000000000000000e+00
1.180013709860753579e+02 6.042759090187274040e+01 8.362139652755169550e+01 3.403447727257843525e+01 2.515473757283088929e+01 1.139472900431235614e+00 3.155388636805737335e+00 5.766068553651401807e+00 -4.416223095927223952e+00 -1.046277697763392966e+00 7.104443650534622012e-01 4.974352336548631293e+00 0.000000000000000000e+00 0.000000000000000000e+00 0.000000000000000000e+00 0.000000000000000000e+00 0.000000000000000000e+00 0.000000000000000000e+00 0.000000000000000000e+00 0.000000000000000000e+00
0.000000000000000000e+00 0.000000000000000000e+00 0.000000000000000000e+00 0.000000000000000000e+00 0.000000000000000000e+00 0.000000000000000000e+00 0.000000000000000000e+00 0.000000000000000000e+00 0.000000000000000000e+00 0.000000000000000000e+00 0.000000000000000000e+00 0.000000000000000000e+00 0.000000000000000000e+00 0.000000000000000000e+00 0.000000000000000000e+00 0.000000000000000000e+00 0.000000000000000000e+00 0.000000000000000000e+00 0.000000000000000000e+00 0.000000000000000000e+00
0.000000000000000000e+00 0.000000000000000000e+00 0.000000000000000000e+00 0.000000000000000000e+00 0.000000000000000000e+00 0.000000000000000000e+00 0.000000000000000000e+00 0.000000000000000000e+00 0.000000000000000000e+00 0.000000000000000000e+00 0.000000000000000000e+00 0.000000000000000000e+00 0.000000000000000000e+00 0.000000000000000000e+00 0.000000000000000000e+00 0.000000000000000000e+00 0.000000000000000000e+00 0.000000000000000000e+00 0.000000000000000000e+00 0.000000000000000000e+00
0.000000000000000000e+00 0.000000000000000000e+00 0.000000000000000000e+00 0.000000000000000000e+00 0.000000000000000000e+00 0.000000000000000000e+00 0.000000000000000000e+00 0.000000000000000000e+00 0.000000000000000000e+00 0.000000000000000000e+00 0.000000000000000000e+00 0.000000000000000000e+00 0.000000000000000000e+00 0.000000000000000000e+00 0.000000000000000000e+00 0.000000000000000000e+00 0.000000000000000000e+00 0.000000000000000000e+00 0.000000000000000000e+00 0.000000000000000000e+00
0.000000000000000000e+00 0.000000000000000000e+00 0.000000000000000000e+00 0.000000000000000000e+00 0.000000000000000000e+00 0.000000000000000000e+00 0.000000000000000000e+00 0.000000000000000000e+00 0.000000000000000000e+00 0.000000000000000000e+00 0.000000000000000000e+00 0.000000000000000000e+00 0.000000000000000000e+00 0.000000000000000000e+00 0.000000000000000000e+00 0.000000000000000000e+00 0.000000000000000000e+00 0.000000000000000000e+00 0.000000000000000000e+00 0.000000000000000000e+00
0.000000000000000000e+00 0.000000000000000000e+00 0.000000000000000000e+00 0.000000000000000000e+00 0.000000000000000000e+00 0.000000000000000000e+00 0.000000000000000000e+00 0.000000000000000000e+00 0.000000000000000000e+00 0.000000000000000000e+00 0.000000000000000000e+00 0.000000000000000000e+00 0.000000000000000000e+00 0.000000000000000000e+00 0.000000000000000000e+00 0.000000000000000000e+00 0.000000000000000000e+00 0.000000000000000000e+00 0.000000000000000000e+00 0.000000000000000000e+00
0.000000000000000000e+00 0.000000000000000000e+00 0.000000000000000000e+00 0.000000000000000000e+00 0.000000000000000000e+00 0.000000000000000000e+00 0.000000000000000000e+00 0.000000000000000000e+00 0.000000000000000000e+00 0.000000000000000000e+00 0.000000000000000000e+00 0.000000000000000000e+00 0.000000000000000000e+00 0.000000000000000000e+00 0.000000000000000000e+00 0.000000000000000000e+00 0.000000000000000000e+00 0.000000000000000000e+00 0.000000000000000000e+00 0.000000000000000000e+00
0.000000000000000000e+00 0.000000000000000000e+00 0.000000000000000000e+00 0.000000000000000000e+00 0.000000000000000000e+00 0.000000000000000000e+00 0.000000000000000000e+00 0.000000000000000000e+00 0.000000000000000000e+00 0.000000000000000000e+00 0.000000000000000000e+00 0.000000000000000000e+00 0.000000000000000000e+00 0.000000000000000000e+00 0.000000000000000000e+00 0.000000000000000000e+00 0.000000000000000000e+00 0.000000000000000000e+00 0.000000000000000000e+00 0.000000000000000000e+00
0.000000000000000000e+00 0.000000000000000000e+00 0.000000000000000000e+00 0.000000000000000000e+00 0.000000000000000000e+00 0.000000000000000000e+00 0.000000000000000000e+00 0.000000000000000000e+00 0.000000000000000000e+00 0.000000000000000000e+00 0.000000000000000000e+00 0.000000000000000000e+00 0.000000000000000000e+00 0.000000000000000000e+00 0.000000000000000000e+00 0.000000000000000000e+00 0.000000000000000000e+00 0.000000000000000000e+00 0.000000000000000000e+00 0.000000000000000000e+00
