1.950765847077821149e+06 1.122761022246238776e+06 7.558721034818765474e+05 5.100036428856470156e+05 3.136067319617664907e+05 2.050733564918193733e+05 1.170555647093354055e+05 5.784986621439496957e+04 2.602199313149062436e+04 7.267278176559199892e+03 3.548909152408343289e+03 6.123035846517042273e+02 1.716876376372134416e+01 0.000000000000000000e+00 0.000000000000000000e+00 0.000000000000000000e+00 0.000000000000000000e+00 0.000000000000000000e+00 0.000000000000000000e+00 0.000000000000000000e+00
1.122761022246238776e+06 9.563597252764690202e+05 5.100966417593673686e+05 3.501477786406931700e+05 2.168769827592027723e+05 1.367995797349669738e+05 8.047824248937830271e+04 3.945248432636252983e+04 1.747091942231910070e+04 4.981561279413578632e+03 2.201598633430783593e+03 3.054994951380988937e+02 -1.441036775151605731e+01 0.000000000000000000e+00 0.000000000000000000e+00 0.000000000000000000e+00 0.000000000000000000e+00 0.000000000000000000e+00 0.000000000000000000e+00 0.000000000000000000e+00
7.558721034818765474e+05 5.100966417593673686e+05 4.657560749734837445e+05 2.391591420469569857e+05 1.444238432760282594e+05 9.448360004449199187e+04 5.369943330539907038e+04 2.867444290560536683e+04 1.176863358585284186e+04 3.922866423083775317e+03 1.740095573770341616e+03 4.390568858017870184e+02 -4.008052774457303791e+00 0.000000000000000000e+00 0.000000000000000000e+00 0.000000000000000000e+00 0.000000000000000000e+00 0.000000000000000000e+00 0.000000000000000000e+00 0.000000000000000000e+00
5.100036428856470156e+05 3.501477786406931700e+05 2.391591420469569857e+05 2.276229245595491084e+05 1.001739674782534566e+05 6.467314311107490357e+04 3.748326043212344666e+04 1.772081160442263717e+04 7.574548850283341380e+03 1.694496126106362453e+03 1.036205395987592283e+03 2.225187822160552287e+02 -1.794684158580145450e+01 0.000000000000000000e+00 0.000000000000000000e+00 0.000000000000000000e+00 0.000000000000000000e+00 0.000000000000000000e+00 0.000000000000000000e+00 0.000000000000000000e+00
3.136067319617664907e+05 2.168769827592027723e+05 1.444238432760282594e+05 1.001739674782534566e+05 1.014241472293446714e+05 4.132444975162800984e+04 2.373524877115928757e+04 1.118439381496219903e+04 5.517150601977959013e+03 1.714018450337810918e+03 7.717499053695989915e+02 1.367039548382859664e+02 -6.087585255711261745e+00 0.000000000000000000e+00 0.000000000000000000e+00 0.000000000000000000e+00 0.000000000000000000e+00 0.000000000000000000e+00 0.000000000000000000e+00 0.000000000000000000e+00
2.050733564918193733e+05 1.367995797349669738e+05 9.448360004449199187e+04 6.467314311107490357e+04 4.132444975162800984e+04 4.627181648822520947e+04 1.516905290691356095e+04 7.738317832181041013e+03 3.580825229749073515e+03 1.171407228015520332e+03 4.925835611612954494e+02 8.432483658160967366e+01 -6.316625643555043190e+00 0.000000000000000000e+00 0.000000000000000000e+00 0.000000000000000000e+00 0.000000000000000000e+00 0.000000000000000000e+00 0.000000000000000000e+00 0.000000000000000000e+00
1.170555647093354055e+05 8.047824248937830271e+04 5.369943330539907038e+04 3.748326043212344666e+04 2.373524877115928757e+04 1.516905290691356095e+04 1.934908631660168612e+04 4.373626160428951152e+03 2.004335538368771950e+03 6.987318022422331296e+02 2.318769224508728257e+02 2.116960507341061515e+01 1.637487013876821829e+00 0.000000000000000000e+00 0.000000000000000000e+00 0.000000000000000000e+00 0.000000000000000000e+00 0.000000000000000000e+00 0.000000000000000000e+00 0.000000000000000000e+00
5.784986621439496957e+04 3.945248432636252983e+04 2.867444290560536683e+04 1.772081160442263717e+04 1.118439381496219903e+04 7.738317832181041013e+03 4.373626160428951152e+03 6.089668480941074449e+03 1.113021618003789172e+03 2.939408949233180692e+02 1.440429860307370689e+02 6.003798187260215080e+00 -2.139221570164168806e+00 0.000000000000000000e+00 0.000000000000000000e+00 0.000000000000000000e+00 0.000000000000000000e+00 0.000000000000000000e+00 0.000000000000000000e+00 0.000000000000000000e+00
2.602199313149062436e+04 1.747091942231910070e+04 1.176863358585284186e+04 7.574548850283341380e+03 5.517150601977959013e+03 3.580825229749073515e+03 2.004335538368771950e+03 1.113021618003789172e+03 2.310226636210000379e+03 1.225635631226380013e+02 1.146545345362582253e+02 8.514319129939289965e+00 1.851516118494440422e+00 0.000000000000000000e+00 0.000000000000000000e+00 0.000000000000000000e+00 0.000000000000000000e+00 0.000000000000000000e+00 0.000000000000000000e+00 0.000000000000000000e+00
7.267278176559199892e+03 4.981561279413578632e+03 3.922866423083775317e+03 1.694496126106362453e+03 1.714018450337810918e+03 1.171407228015520332e+03 6.987318022422331296e+02 2.939408949233180692e+02 1.225635631226380013e+02 4.824867383550450768e+02 2.216187029255199548e+01 6.784052628519441797e+00 2.119797540142442482e+00 0.000000000000000000e+00 0.000000000000000000e+00 0.000000000000000000e+00 0.000000000000000000e+00 0.000000000000000000e+00 0.000000000000000000e+00 0.000000000000000000e+00
3.548909152408343289e+03 2.201598633430783593e+03 1.740095573770341616e+03 1.036205395987592283e+03 7.717499053695989915e+02 4.925835611612954494e+02 2.318769224508728257e+02 1.440429860307370689e+02 1.146545345362582253e+02 2.216187029255199548e+01 1.216802696455400792e+02 7.881543774495788135e+00 -1.981956486662616590e-01 0.000000000000000000e+00 0.000000000000000000e+00 0.000000000000000000e+00 0.000000000000000000e+00 0.000000000000000000e+00 0.000000000000000000e+00 0.000000000000000000e+00
6.123035846517042273e+02 3.054994951380988937e+02 4.390568858017870184e+02 2.225187822160552287e+02 1.367039548382859664e+02 8.432483658160967366e+01 2.116960507341061515e+01 6.003798187260215080e+00 8.514319129939289965e+00 6.784052628519441797e+00 7.881543774495788135e+00 1.557203293488652918e+01 -3.139198591825129864e-02 0.000000000000000000e+00 0.000000000000000000e+00 0.000000000000000000e+00 0.000000000000000000e+00 0.000000000000000000e+00 0.000000000000000000e+00 0.000000000000000000e+00
1.716876376372134416e+01 -1.441036775151605731e+01 -4.008052774457303791e+00 -1.794684158580145450e+01 -6.087585255711261745e+00 -6.316625643555043190e+00 1.637487013876821829e+00 -2.139221570164168806e+00 1.851516118494440422e+00 2.119797540142442482e+00 -1.981956486662616590e-01 -3.139198591825129864e-02 1.002478026827906543e+00 0.000000000000000000e+00 0.000000000000000000e+00 0.000000000000000000e+00 0.000000000000000000e+00 0.000000000000000000e+00 0.000000000000000000e+00 0.000000000000000000e+00
0.000000000000000000e+00 0.000000000000000000e+00 0.000000000000000000e+00 0.000000000000000000e+00 0.000000000000000000e+00 0.000000000000000000e+00 0.000000000000000000e+00 0.000000000000000000e+00 0.000000000000000000e+00 0.000000000000000000e+00 0.000000000000000000e+00 0.000000000000000000e+00 0.000000000000000000e+00 0.000000000000000000e+00 0.000000000000000000e+00 0.000000000000000000e+00 0.000000000000000000e+00 0.000000000000000000e+00 0.000000000000000000e+00 0.000000000000000000e+00
0.000000000000000000e+00 0.000000000000000000e+00 0.000000000000000000e+00 0.000000000000000000e+00 0.000000000000000000e+00 0.000000000000000000e+00 0.000000000000000000e+00 0.000000000000000000e+00 0.000000000000000000e+00 0.000000000000000000e+00 0.000000000000000000e+00 0.000000000000000000e+00 0.000000000000000000e+00 0.000000000000000000e+00 0.000000000000000000e+00 0.000000000000000000e+00 0.000000000000000000e+00 0.000000000000000000e+00 0.000000000000000000e+00 0.000000000000000000e+00
0.000000000000000000e+00 0.000000000000000000e+00 0.000000000000000000e+00 0.000000000000000000e+00 0.000000000000000000e+00 0.000000000000000000e+00 0.000000000000000000e+00 0.000000000000000000e+00 0.000000000000000000e+00 0.000000000000000000e+00 0.000000000000000000e+00 0.000000000000000000e+00 0.000000000000000000e+00 0.000000000000000000e+00 0.000000000000000000e+00 0.000000000000000000e+00 0.000000000000000000e+00 0.000000000000000000e+00 0.000000000000000000e+00 0.000000000000000000e+00
0.000000000000000000e+00 0.000000000000000000e+00 0.000000000000000000e+00 0.000000000000000000e+00 0.000000000000000000e+00 0.000000000000000000e+00 0.000000000000000000e+00 0.000000000000000000e+00 0.000000000000000000e+00 0.000000000000000000e+00 0.000000000000000000e+00 0.000000000000000000e+00 0.000000000000000000e+00 0.000000000000000000e+00 0.000000000000000000e+00 0.000000000000000000e+00 0.000000000000000000e+00 0.000000000000000000e+00 0.000000000000000000e+00 0.000000000000000000e+00
0.000000000000000000e+00 0.000000000000000000e+00 0.000000000000000000e+00 0.000000000000000000e+00 0.000000000000000000e+00 0.000000000000000000e+00 0.000000000000000000e+00 0.000000000000000000e+00 0.000000000000000000e+00 0.000000000000000000e+00 0.000000000000000000e+00 0.000000000000000000e+00 0.000000000000000000e+00 0.000000000000000000e+00 0.000000000000000000e+00 0.000000000000000000e+00 0.000000000000000000e+00 0.000000000000000000e+00 0.000000000000000000e+00 0.000000000000000000e+00
0.000000000000000000e+00 0.000000000000000000e+00 0.000000000000000000e+00 0.000000000000000000e+00 0.000000000000000000e+00 0.000000000000000000e+00 0.000000000000000000e+00 0.000000000000000000e+00 0.000000000000000000e+00 0.000000000000000000e+00 0.000000000000000000e+00 0.000000000000000000e+00 0.000000000000000000e+00 0.000000000000000000e+00 0.000000000000000000e+00 0.000000000000000000e+00 0.000000000000000000e+00 0.000000000000000000e+00 0.000000000000000000e+00 0.000000000000000000e+00
0.000000000000000000e+00 0.000000000000000000e+00 0.000000000000000000e+00 0.000000000000000000e+00 0.000000000000000000e+00 0.000000000000000000e+00 0.000000000000000000e+00 0.000000000000000000e+00 0.000000000000000000e+00 0.000000000000000000e+00 0.000000000000000000e+00 0.000000000000000000e+00 0.000000000000000000e+00 0.000000000000000000e+00 0.000000000000000000e+00 0.000000000000000000e+00 0.000000000000000000e+00 0.000000000000000000e+00 0.000000000000000000e+00 0.000000000000000000e+00
