1.851242067976476857e+06 1.043509331267401692e+06 6.612140134703312069e+05 4.533002399357041577e+05 2.694473912977795117e+05 1.718766719984124356e+05 8.854196694981280598e+04 4.203172245922600996e+04 1.698400998173190965e+04 3.931882975239580446e+03 1.738747012119971714e+03 3.579844872907653439e+02 0.000000000000000000e+00 0.000000000000000000e+00 0.000000000000000000e+00 0.000000000000000000e+00 0.000000000000000000e+00 0.000000000000000000e+00 0.000000000000000000e+00 0.000000000000000000e+00
1.043509331267401692e+06 8.689952682698538993e+05 4.536073418563205632e+05 3.050827936211610213e+05 1.803609582717392477e+05 1.145446025873987965e+05 5.727330061866385222e+04 3.155464264534466565e+04 1.104031084857528549e+04 2.562033409089262477e+03 1.176538632032398709e+03 1.958103840272514446e+02 0.000000000000000000e+00 0.000000000000000000e+00 0.000000000000000000e+00 0.000000000000000000e+00 0.000000000000000000e+00 0.000000000000000000e+00 0.000000000000000000e+00 0.000000000000000000e+00
6.612140134703312069e+05 4.536073418563205632e+05 3.841658694462414132e+05 1.928481149223069951e+05 1.178199729121078126e+05 7.427376568594608398e+04 3.912083211681414105e+04 1.866559832615530831e+04 7.379444185196947728e+03 1.624549031184491696e+03 7.045977145405531701e+02 1.971129952300163382e+02 0.000000000000000000e+00 0.000000000000000000e+00 0.000000000000000000e+00 0.000000000000000000e+00 0.000000000000000000e+00 0.000000000000000000e+00 0.000000000000000000e+00 0.000000000000000000e+00
4.533002399357041577e+05 3.050827936211610213e+05 1.928481149223069951e+05 1.916171062930301414e+05 8.134199179084943898e+04 5.072650237833239953e+04 2.514033161410840694e+04 1.198080958222186928e+04 4.479745095298446358e+03 9.652883968209657723e+02 5.620406103214777431e+02 6.587817107122189952e+01 0.000000000000000000e+00 0.000000000000000000e+00 0.000000000000000000e+00 0.000000000000000000e+00 0.000000000000000000e+00 0.000000000000000000e+00 0.000000000000000000e+00 0.000000000000000000e+00
2.694473912977795117e+05 1.803609582717392477e+05 1.178199729121078126e+05 8.134199179084943898e+04 7.754157811168073385e+04 3.227115893799900005e+04 1.548064617687721511e+04 7.714401527623082984e+03 3.255106503437230003e+03 8.986729019589450900e+02 2.974262716991611910e+02 8.600433753244369939e+01 0.000000000000000000e+00 0.000000000000000000e+00 0.000000000000000000e+00 0.000000000000000000e+00 0.000000000000000000e+00 0.000000000000000000e+00 0.000000000000000000e+00 0.000000000000000000e+00
1.718766719984124356e+05 1.145446025873987965e+05 7.427376568594608398e+04 5.072650237833239953e+04 3.227115893799900005e+04 3.487218841568019707e+04 9.865423379880656285e+03 4.918978837589220348e+03 2.411906776787607214e+03 4.645598929019815273e+02 1.961606524665486688e+02 6.584222138170385108e+01 0.000000000000000000e+00 0.000000000000000000e+00 0.000000000000000000e+00 0.000000000000000000e+00 0.000000000000000000e+00 0.000000000000000000e+00 0.000000000000000000e+00 0.000000000000000000e+00
8.854196694981280598e+04 5.727330061866385222e+04 3.912083211681414105e+04 2.514033161410840694e+04 1.548064617687721511e+04 9.865423379880656285e+03 1.303346180659883066e+04 2.544456364813392156e+03 1.103171162775457105e+03 2.028156268275866410e+02 6.446264368831693048e+01 5.776080316184014407e+00 0.000000000000000000e+00 0.000000000000000000e+00 0.000000000000000000e+00 0.000000000000000000e+00 0.000000000000000000e+00 0.000000000000000000e+00 0.000000000000000000e+00 0.000000000000000000e+00
4.203172245922600996e+04 3.155464264534466565e+04 1.866559832615530831e+04 1.198080958222186928e+04 7.714401527623082984e+03 4.918978837589220348e+03 2.544456364813392156e+03 4.114016749466617512e+03 5.592241767556865852e+02 1.423780183494335176e+02 5.163300705576753558e+01 8.168797604787641831e+00 0.000000000000000000e+00 0.000000000000000000e+00 0.000000000000000000e+00 0.000000000000000000e+00 0.000000000000000000e+00 0.000000000000000000e+00 0.000000000000000000e+00 0.000000000000000000e+00
1.698400998173190965e+04 1.104031084857528549e+04 7.379444185196947728e+03 4.479745095298446358e+03 3.255106503437230003e+03 2.411906776787607214e+03 1.103171162775457105e+03 5.592241767556865852e+02 1.199191741500414992e+03 1.112502780574887851e+02 2.804610358902623801e+01 8.891453421777761434e+00 0.000000000000000000e+00 0.000000000000000000e+00 0.000000000000000000e+00 0.000000000000000000e+00 0.000000000000000000e+00 0.000000000000000000e+00 0.000000000000000000e+00 0.000000000000000000e+00
3.931882975239580446e+03 2.562033409089262477e+03 1.624549031184491696e+03 9.652883968209657723e+02 8.986729019589450900e+02 4.645598929019815273e+02 2.028156268275866410e+02 1.423780183494335176e+02 1.112502780574887851e+02 2.507949339437374761e+02 6.158998427705650869e+00 2.210324198178568622e+00 0.000000000000000000e+00 0.000000000000000000e+00 0.000000000000000000e+00 0.000000000000000000e+00 0.000000000000000000e+00 0.000000000000000000e+00 0.000000000000000000e+00 0.000000000000000000e+00
1.738747012119971714e+03 1.176538632032398709e+03 7.045977145405531701e+02 5.620406103214777431e+02 2.974262716991611910e+02 1.961606524665486688e+02 6.446264368831693048e+01 5.163300705576753558e+01 2.804610358902623801e+01 6.158998427705650869e+00 5.257265575786240674e+01 2.437498202697864436e+00 0.000000000000000000e+00 0.000000000000000000e+00 0.000000000000000000e+00 0.000000000000000000e+00 0.000000000000000000e+00 0.000000000000000000e+00 0.000000000000000000e+00 0.000000000000000000e+00
3.579844872907653439e+02 1.958103840272514446e+02 1.971129952300163382e+02 6.587817107122189952e+01 8.600433753244369939e+01 6.584222138170385108e+01 5.776080316184014407e+00 8.168797604787641831e+00 8.891453421777761434e+00 2.210324198178568622e+00 2.437498202697864436e+00 5.957259092004836276e+00 0.000000000000000000e+00 0.000000000000000000e+00 0.000000000000000000e+00 0.000000000000000000e+00 0.000000000000000000e+00 0.000000000000000000e+00 0.000000000000000000e+00 0.000000000000000000e+00
0.000000000000000000e+00 0.000000000000000000e+00 0.000000000000000000e+00 0.000000000000000000e+00 0.000000000000000000e+00 0.000000000000000000e+00 0.000000000000000000e+00 0.000000000000000000e+00 0.000000000000000000e+00 0.000000000000000000e+00 0.000000000000000000e+00 0.000000000000000000e+00 0.000000000000000000e+00 0.000000000000000000e+00 0.000000000000000000e+00 0.000000000000000000e+00 0.000000000000000000e+00 0.000000000000000000e+00 0.000000000000000000e+00 0.000000000000000000e+00
0.000000000000000000e+00 0.000000000000000000e+00 0.000000000000000000e+00 0.000000000000000000e+00 0.000000000000000000e+00 0.000000000000000000e+00 0.000000000000000000e+00 0.000000000000000000e+00 0.000000000000000000e+00 0.000000000000000000e+00 0.000000000000000000e+00 0.000000000000000000e+00 0.000000000000000000e+00 0.000000000000000000e+00 0.000000000000000000e+00 0.000000000000000000e+00 0.000000000000000000e+00 0.000000000000000000e+00 0.000000000000000000e+00 0.000000000000000000e+00
0.000000000000000000e+00 0.000000000000000000e+00 0.000000000000000000e+00 0.000000000000000000e+00 0.000000000000000000e+00 0.000000000000000000e+00 0.000000000000000000e+00 0.000000000000000000e+00 0.000000000000000000e+00 0.000000000000000000e+00 0.000000000000000000e+00 0.000000000000000000e+00 0.000000000000000000e+00 0.000000000000000000e+00 0.000000000000000000e+00 0.000000000000000000e+00 0.000000000000000000e+00 0.000000000000000000e+00 0.000000000000000000e+00 0.000000000000000000e+00
0.000000000000000000e+00 0.000000000000000000e+00 0.000000000000000000e+00 0.000000000000000000e+00 0.000000000000000000e+00 0.000000000000000000e+00 0.000000000000000000e+00 0.000000000000000000e+00 0.000000000000000000e+00 0.000000000000000000e+00 0.000000000000000000e+00 0.000000000000000000e+00 0.000000000000000000e+00 0.000000000000000000e+00 0.000000000000000000e+00 0.000000000000000000e+00 0.000000000000000000e+00 0.000000000000000000e+00 0.000000000000000000e+00 0.000000000000000000e+00
0.000000000000000000e+00 0.000000000000000000e+00 0.000000000000000000e+00 0.000000000000000000e+00 0.000000000000000000e+00 0.000000000000000000e+00 0.000000000000000000e+00 0.000000000000000000e+00 0.000000000000000000e+00 0.000000000000000000e+00 0.000000000000000000e+00 0.000000000000000000e+00 0.000000000000000000e+00 0.000000000000000000e+00 0.000000000000000000e+00 0.000000000000000000e+00 0.000000000000000000e+00 0.000000000000000000e+00 0.000000000000000000e+00 0.000000000000000000e+00
0.000000000000000000e+00 0.000000000000000000e+00 0.000000000000000000e+00 0.000000000000000000e+00 0.000000000000000000e+00 0.000000000000000000e+00 0.000000000000000000e+00 0.000000000000000000e+00 0.000000000000000000e+00 0.000000000000000000e+00 0.000000000000000000e+00 0.000000000000000000e+00 0.000000000000000000e+00 0.000000000000000000e+00 0.000000000000000000e+00 0.000000000000000000e+00 0.000000000000000000e+00 0.000000000000000000e+00 0.000000000000000000e+00 0.000000000000000000e+00
0.000000000000000000e+00 0.000000000000000000e+00 0.000000000000000000e+00 0.000000000000000000e+00 0.000000000000000000e+00 0.000000000000000000e+00 0.000000000000000000e+00 0.000000000000000000e+00 0.000000000000000000e+00 0.000000000000000000e+00 0.000000000000000000e+00 0.000000000000000000e+00 0.000000000000000000e+00 0.000000000000000000e+00 0.000000000000000000e+00 0.000000000000000000e+00 0.000000000000000000e+00 0.000000000000000000e+00 0.000000000000000000e+00 0.000000000000000000e+00
0.000000000000000000e+00 0.000000000000000000e+00 0.000000000000000000e+00 0.000000000000000000e+00 0.000000000000000000e+00 0.000000000000000000e+00 0.000000000000000000e+00 0.000000000000000000e+00 0.000000000000000000e+00 0.000000000000000000e+00 0.000000000000000000e+00 0.000000000000000000e+00 0.000000000000000000e+00 0.000000000000000000e+00 0.000000000000000000e+00 0.000000000000000000e+00 0.000000000000000000e+00 0.000000000000000000e+00 0.000000000000000000e+00 0.000000000000000000e+00
