1.965794340866721002e+06 1.152938934171426343e+06 7.937547244521597167e+05 5.377330237862704089e+05 3.455545127336389851e+05 2.400290055943357293e+05 1.421643792555735854e+05 7.853884756222984288e+04 3.975073007196677645e+04 1.338804671135723947e+04 5.701764281744638538e+03 1.784769891784564606e+03 2.020680165402243915e+02 0.000000000000000000e+00 0.000000000000000000e+00 0.000000000000000000e+00 0.000000000000000000e+00 0.000000000000000000e+00 0.000000000000000000e+00 0.000000000000000000e+00
1.152938934171426343e+06 1.011610701043157955e+06 5.461739392459852388e+05 3.755682312799476786e+05 2.413524084049532539e+05 1.557009751239599718e+05 9.585241905221145134e+04 5.200443768534621631e+04 2.536123911141029021e+04 1.027395707322016460e+04 3.228003946382088998e+03 1.210617264875319051e+03 9.657958753015726927e+01 0.000000000000000000e+00 0.000000000000000000e+00 0.000000000000000000e+00 0.000000000000000000e+00 0.000000000000000000e+00 0.000000000000000000e+00 0.000000000000000000e+00
7.937547244521597167e+05 5.461739392459852388e+05 5.130437360357946600e+05 2.753343441694074427e+05 1.656891476442036219e+05 1.143815342483456188e+05 6.821807698990765493e+04 3.745947506820260605e+04 1.792724121300523620e+04 6.338744322498697329e+03 2.638336771059188777e+03 9.608040962766518760e+02 5.999813778234452855e+01 0.000000000000000000e+00 0.000000000000000000e+00 0.000000000000000000e+00 0.000000000000000000e+00 0.000000000000000000e+00 0.000000000000000000e+00 0.000000000000000000e+00
5.377330237862704089e+05 3.755682312799476786e+05 2.753343441694074427e+05 2.583320733818291919e+05 1.178478649722434347e+05 8.049177805481752148e+04 4.783898250328357244e+04 2.499126255039692114e+04 1.296830131925115893e+04 4.060769702381810475e+03 1.550134201637577007e+03 6.738014892860935561e+02 2.948807360632886798e+01 0.000000000000000000e+00 0.000000000000000000e+00 0.000000000000000000e+00 0.000000000000000000e+00 0.000000000000000000e+00 0.000000000000000000e+00 0.000000000000000000e+00
3.455545127336389851e+05 2.413524084049532539e+05 1.656891476442036219e+05 1.178478649722434347e+05 1.152790072267816286e+05 5.367106680433150905e+04 3.103755314818803163e+04 1.583880591792465748e+04 7.633190592738226769e+03 2.519544855060557893e+03 1.117437778453295095e+03 3.961362209301094595e+02 2.382352029980945574e+01 0.000000000000000000e+00 0.000000000000000000e+00 0.000000000000000000e+00 0.000000000000000000e+00 0.000000000000000000e+00 0.000000000000000000e+00 0.000000000000000000e+00
2.400290055943357293e+05 1.557009751239599718e+05 1.143815342483456188e+05 8.049177805481752148e+04 5.367106680433150905e+04 6.122872035794387921e+04 2.154869585697220464e+04 1.180086429474319448e+04 5.991835141563247817e+03 2.750135895750769578e+03 1.017972929329710951e+03 3.779684980140962125e+02 -2.150744489940872306e+00 0.000000000000000000e+00 0.000000000000000000e+00 0.000000000000000000e+00 0.000000000000000000e+00 0.000000000000000000e+00 0.000000000000000000e+00 0.000000000000000000e+00
1.421643792555735854e+05 9.585241905221145134e+04 6.821807698990765493e+04 4.783898250328357244e+04 3.103755314818803163e+04 2.154869585697220464e+04 2.476715298296781839e+04 7.464481852946293657e+03 3.521878527899989876e+03 1.213439262699738038e+03 6.156103883861520671e+02 1.515928608537502953e+02 5.075525364026987951e+00 0.000000000000000000e+00 0.000000000000000000e+00 0.000000000000000000e+00 0.000000000000000000e+00 0.000000000000000000e+00 0.000000000000000000e+00 0.000000000000000000e+00
7.853884756222984288e+04 5.200443768534621631e+04 3.745947506820260605e+04 2.499126255039692114e+04 1.583880591792465748e+04 1.180086429474319448e+04 7.464481852946293657e+03 9.373021289655507644e+03 1.565359052867591799e+03 9.487189594242066732e+02 2.701757311349412589e+02 1.008582151721657851e+02 2.174530021239254207e+00 0.000000000000000000e+00 0.000000000000000000e+00 0.000000000000000000e+00 0.000000000000000000e+00 0.000000000000000000e+00 0.000000000000000000e+00 0.000000000000000000e+00
3.975073007196677645e+04 2.536123911141029021e+04 1.792724121300523620e+04 1.296830131925115893e+04 7.633190592738226769e+03 5.991835141563247817e+03 3.521878527899989876e+03 1.565359052867591799e+03 3.414437807324462938e+03 3.835998290203501142e+02 1.590333123149399341e+02 3.567529732106260809e+01 -1.185885811060436001e+00 0.000000000000000000e+00 0.000000000000000000e+00 0.000000000000000000e+00 0.000000000000000000e+00 0.000000000000000000e+00 0.000000000000000000e+00 0.000000000000000000e+00
1.338804671135723947e+04 1.027395707322016460e+04 6.338744322498697329e+03 4.060769702381810475e+03 2.519544855060557893e+03 2.750135895750769578e+03 1.213439262699738038e+03 9.487189594242066732e+02 3.835998290203501142e+02 1.022843475226873693e+03 6.528384018899261321e+01 1.706617727565071618e+01 2.223780823108198579e+00 0.000000000000000000e+00 0.000000000000000000e+00 0.000000000000000000e+00 0.000000000000000000e+00 0.000000000000000000e+00 0.000000000000000000e+00 0.000000000000000000e+00
5.701764281744638538e+03 3.228003946382088998e+03 2.638336771059188777e+03 1.550134201637577007e+03 1.117437778453295095e+03 1.017972929329710951e+03 6.156103883861520671e+02 2.701757311349412589e+02 1.590333123149399341e+02 6.528384018899261321e+01 2.647824785515151689e+02 1.703486091156410964e+01 -2.904196758295294334e-01 0.000000000000000000e+00 0.000000000000000000e+00 0.000000000000000000e+00 0.000000000000000000e+00 0.000000000000000000e+00 0.000000000000000000e+00 0.000000000000000000e+00
1.784769891784564606e+03 1.210617264875319051e+03 9.608040962766518760e+02 6.738014892860935561e+02 3.961362209301094595e+02 3.779684980140962125e+02 1.515928608537502953e+02 1.008582151721657851e+02 3.567529732106260809e+01 1.706617727565071618e+01 1.703486091156410964e+01 4.275283600708961984e+01 -2.472085923162032906e-01 0.000000000000000000e+00 0.000000000000000000e+00 0.000000000000000000e+00 0.000000000000000000e+00 0.000000000000000000e+00 0.000000000000000000e+00 0.000000000000000000e+00
2.020680165402243915e+02 9.657958753015726927e+01 5.999813778234452855e+01 2.948807360632886798e+01 2.382352029980945574e+01 -2.150744489940872306e+00 5.075525364026987951e+00 2.174530021239254207e+00 -1.185885811060436001e+00 2.223780823108198579e+00 -2.904196758295294334e-01 -2.472085923162032906e-01 2.995556447326199301e+00 0.000000000000000000e+00 0.000000000000000000e+00 0.000000000000000000e+00 0.000000000000000000e+00 0.000000000000000000e+00 0.000000000000000000e+00 0.000000000000000000e+00
0.000000000000000000e+00 0.000000000000000000e+00 0.000000000000000000e+00 0.000000000000000000e+00 0.000000000000000000e+00 0.000000000000000000e+00 0.000000000000000000e+00 0.000000000000000000e+00 0.000000000000000000e+00 0.000000000000000000e+00 0.000000000000000000e+00 0.000000000000000000e+00 0.000000000000000000e+00 0.000000000000000000e+00 0.000000000000000000e+00 0.000000000000000000e+00 0.000000000000000000e+00 0.000000000000000000e+00 0.000000000000000000e+00 0.000000000000000000e+00
0.000000000000000000e+00 0.000000000000000000e+00 0.000000000000000000e+00 0.000000000000000000e+00 0.000000000000000000e+00 0.000000000000000000e+00 0.000000000000000000e+00 0.000000000000000000e+00 0.000000000000000000e+00 0.000000000000000000e+00 0.000000000000000000e+00 0.000000000000000000e+00 0.000000000000000000e+00 0.000000000000000000e+00 0.000000000000000000e+00 0.000000000000000000e+00 0.000000000000000000e+00 0.000000000000000000e+00 0.000000000000000000e+00 0.000000000000000000e+00
0.000000000000000000e+00 0.000000000000000000e+00 0.000000000000000000e+00 0.000000000000000000e+00 0.000000000000000000e+00 0.000000000000000000e+00 0.000000000000000000e+00 0.000000000000000000e+00 0.000000000000000000e+00 0.000000000000000000e+00 0.000000000000000000e+00 0.000000000000000000e+00 0.000000000000000000e+00 0.000000000000000000e+00 0.000000000000000000e+00 0.000000000000000000e+00 0.000000000000000000e+00 0.000000000000000000e+00 0.000000000000000000e+00 0.000000000000000000e+00
0.000000000000000000e+00 0.000000000000000000e+00 0.000000000000000000e+00 0.000000000000000000e+00 0.000000000000000000e+00 0.000000000000000000e+00 0.000000000000000000e+00 0.000000000000000000e+00 0.000000000000000000e+00 0.000000000000000000e+00 0.000000000000000000e+00 0.000000000000000000e+00 0.000000000000000000e+00 0.000000000000000000e+00 0.000000000000000000e+00 0.000000000000000000e+00 0.000000000000000000e+00 0.000000000000000000e+00 0.000000000000000000e+00 0.000000000000000000e+00
0.000000000000000000e+00 0.000000000000000000e+00 0.000000000000000000e+00 0.000000000000000000e+00 0.000000000000000000e+00 0.000000000000000000e+00 0.000000000000000000e+00 0.000000000000000000e+00 0.000000000000000000e+00 0.000000000000000000e+00 0.000000000000000000e+00 0.000000000000000000e+00 0.000000000000000000e+00 0.000000000000000000e+00 0.000000000000000000e+00 0.000000000000000000e+00 0.000000000000000000e+00 0.000000000000000000e+00 0.000000000000000000e+00 0.000000000000000000e+00
0.000000000000000000e+00 0.000000000000000000e+00 0.000000000000000000e+00 0.000000000000000000e+00 0.000000000000000000e+00 0.000000000000000000e+00 0.000000000000000000e+00 0.000000000000000000e+00 0.000000000000000000e+00 0.000000000000000000e+00 0.000000000000000000e+00 0.000000000000000000e+00 0.000000000000000000e+00 0.000000000000000000e+00 0.000000000000000000e+00 0.000000000000000000e+00 0.000000000000000000e+00 0.000000000000000000e+00 0.000000000000000000e+00 0.000000000000000000e+00
0.000000000000000000e+00 0.000000000000000000e+00 0.000000000000000000e+00 0.000000000000000000e+00 0.000000000000000000e+00 0.000000000000000000e+00 0.000000000000000000e+00 0.000000000000000000e+00 0.000000000000000000e+00 0.000000000000000000e+00 0.000000000000000000e+00 0.000000000000000000e+00 0.000000000000000000e+00 0.000000000000000000e+00 0.000000000000000000e+00 0.000000000000000000e+00 0.000000000000000000e+00 0.000000000000000000e+00 0.000000000000000000e+00 0.000000000000000000e+00
