1.582409622325703735e+06 9.073224795133796288e+05 6.012250227754062507e+05 3.627041604917587247e+05 2.077591670932182169e+05 1.122104359418800595e+05 5.157229834404849680e+04 2.220139123576484781e+04 8.281207037492409654e+03 1.474836430894204341e+03 4.132601164984552042e+02 -3.435106261269577033e+01 0.000000000000000000e+00 0.000000000000000000e+00 0.000000000000000000e+00 0.000000000000000000e+00 0.000000000000000000e+00 0.000000000000000000e+00 0.000000000000000000e+00 0.000000000000000000e+00
9.073224795133796288e+05 7.537692488169987919e+05 4.072014225344000733e+05 2.361112627454705071e+05 1.440078914913159679e+05 7.509845388519205153e+04 3.400227936699624115e+04 1.471056117127362813e+04 5.741908571352804756e+03 9.007054969758083871e+02 2.476447277561105977e+02 -9.116624198888487740e-01 0.000000000000000000e+00 0.000000000000000000e+00 0.000000000000000000e+00 0.000000000000000000e+00 0.000000000000000000e+00 0.000000000000000000e+00 0.000000000000000000e+00 0.000000000000000000e+00
6.012250227754062507e+05 4.072014225344000733e+05 3.477782204377850867e+05 1.569317880022754543e+05 9.806113325325115875e+04 5.117901223094722809e+04 2.250726137748296969e+04 1.085836212443867589e+04 4.326840279953761637e+03 7.516085125944279071e+02 1.613671602539373851e+02 -2.700578880417256133e+00 0.000000000000000000e+00 0.000000000000000000e+00 0.000000000000000000e+00 0.000000000000000000e+00 0.000000000000000000e+00 0.000000000000000000e+00 0.000000000000000000e+00 0.000000000000000000e+00
3.627041604917587247e+05 2.361112627454705071e+05 1.569317880022754543e+05 1.377143420766671479e+05 5.901455511933747766e+04 3.114800513919994410e+04 1.344437049368470798e+04 5.786422759848899659e+03 2.255088666065702910e+03 3.018409645427390728e+02 2.480959862006192296e+01 -1.850671022079690475e+00 0.000000000000000000e+00 0.000000000000000000e+00 0.000000000000000000e+00 0.000000000000000000e+00 0.000000000000000000e+00 0.000000000000000000e+00 0.000000000000000000e+00 0.000000000000000000e+00
2.077591670932182169e+05 1.440078914913159679e+05 9.806113325325115875e+04 5.901455511933747766e+04 5.769103827181311499e+04 1.801220295368806546e+04 8.935378206701752788e+03 4.273385185289833316e+03 1.340901398741605135e+03 1.897686174874196467e+02 1.258059072419156195e+02 2.975950636909355240e-01 0.000000000000000000e+00 0.000000000000000000e+00 0.000000000000000000e+00 0.000000000000000000e+00 0.000000000000000000e+00 0.000000000000000000e+00 0.000000000000000000e+00 0.000000000000000000e+00
1.122104359418800595e+05 7.509845388519205153e+04 5.117901223094722809e+04 3.114800513919994410e+04 1.801220295368806546e+04 2.003696474610807127e+04 4.459986200553936214e+03 1.888844221244561822e+03 8.383996502758095630e+02 8.942374178890825931e+01 5.741601115604435535e+01 -7.503665432869604857e+00 0.000000000000000000e+00 0.000000000000000000e+00 0.000000000000000000e+00 0.000000000000000000e+00 0.000000000000000000e+00 0.000000000000000000e+00 0.000000000000000000e+00 0.000000000000000000e+00
5.157229834404849680e+04 3.400227936699624115e+04 2.250726137748296969e+04 1.344437049368470798e+04 8.935378206701752788e+03 4.459986200553936214e+03 5.988485212621391838e+03 1.109664404649684229e+03 3.863336513693388952e+02 5.430036719135745216e+01 2.010697900359237522e+01 -1.568804706627364487e+00 0.000000000000000000e+00 0.000000000000000000e+00 0.000000000000000000e+00 0.000000000000000000e+00 0.000000000000000000e+00 0.000000000000000000e+00 0.000000000000000000e+00 0.000000000000000000e+00
2.220139123576484781e+04 1.471056117127362813e+04 1.085836212443867589e+04 5.786422759848899659e+03 4.273385185289833316e+03 1.888844221244561822e+03 1.109664404649684229e+03 1.746241430867399231e+03 1.412183476864066165e+02 2.992410867262529806e+01 1.160468928423519230e+01 2.518564372073888613e+00 0.000000000000000000e+00 0.000000000000000000e+00 0.000000000000000000e+00 0.000000000000000000e+00 0.000000000000000000e+00 0.000000000000000000e+00 0.000000000000000000e+00 0.000000000000000000e+00
8.281207037492409654e+03 5.741908571352804756e+03 4.326840279953761637e+03 2.255088666065702910e+03 1.340901398741605135e+03 8.383996502758095630e+02 3.863336513693388952e+02 1.412183476864066165e+02 3.971155211349587830e+02 2.358019331535498253e+01 -4.862691200449792639e+00 -6.519121730981692897e-01 0.000000000000000000e+00 0.000000000000000000e+00 0.000000000000000000e+00 0.000000000000000000e+00 0.000000000000000000e+00 0.000000000000000000e+00 0.000000000000000000e+00 0.000000000000000000e+00
1.474836430894204341e+03 9.007054969758083871e+02 7.516085125944279071e+02 3.018409645427390728e+02 1.897686174874196467e+02 8.942374178890825931e+01 5.430036719135745216e+01 2.992410867262529806e+01 2.358019331535498253e+01 6.608961165456338449e+01 9.325709673627822216e-01 -1.197410528778918709e-01 0.000000000000000000e+00 0.000000000000000000e+00 0.000000000000000000e+00 0.000000000000000000e+00 0.000000000000000000e+00 0.000000000000000000e+00 0.000000000000000000e+00 0.000000000000000000e+00
4.132601164984552042e+02 2.476447277561105977e+02 1.613671602539373851e+02 2.480959862006192296e+01 1.258059072419156195e+02 5.741601115604435535e+01 2.010697900359237522e+01 1.160468928423519230e+01 -4.862691200449792639e+00 9.325709673627822216e-01 1.089592700035176520e+01 -1.766283546085651093e-02 0.000000000000000000e+00 0.000000000000000000e+00 0.000000000000000000e+00 0.000000000000000000e+00 0.000000000000000000e+00 0.000000000000000000e+00 0.000000000000000000e+00 0.000000000000000000e+00
-3.435106261269577033e+01 -9.116624198888487740e-01 -2.700578880417256133e+00 -1.850671022079690475e+00 2.975950636909355240e-01 -7.503665432869604857e+00 -1.568804706627364487e+00 2.518564372073888613e+00 -6.519121730981692897e-01 -1.197410528778918709e-01 -1.766283546085651093e-02 1.002683273417890542e+00 0.000000000000000000e+00 0.000000000000000000e+00 0.000000000000000000e+00 0.000000000000000000e+00 0.000000000000000000e+00 0.000000000000000000e+00 0.000000000000000000e+00 0.000000000000000000e+00
0.000000000000000000e+00 0.000000000000000000e+00 0.000000000000000000e+00 0.000000000000000000e+00 0.000000000000000000e+00 0.000000000000000000e+00 0.000000000000000000e+00 0.000000000000000000e+00 0.000000000000000000e+00 0.000000000000000000e+00 0.000000000000000000e+00 0.000000000000000000e+00 0.000000000000000000e+00 0.000000000000000000e+00 0.000000000000000000e+00 0.000000000000000000e+00 0.000000000000000000e+00 0.000000000000000000e+00 0.000000000000000000e+00 0.000000000000000000e+00
0.000000000000000000e+00 0.000000000000000000e+00 0.000000000000000000e+00 0.000000000000000000e+00 0.000000000000000000e+00 0.000000000000000000e+00 0.000000000000000000e+00 0.000000000000000000e+00 0.000000000000000000e+00 0.000000000000000000e+00 0.000000000000000000e+00 0.000000000000000000e+00 0.000000000000000000e+00 0.000000000000000000e+00 0.000000000000000000e+00 0.000000000000000000e+00 0.000000000000000000e+00 0.000000000000000000e+00 0.000000000000000000e+00 0.000000000000000000e+00
0.000000000000000000e+00 0.000000000000000000e+00 0.000000000000000000e+00 0.000000000000000000e+00 0.000000000000000000e+00 0.000000000000000000e+00 0.000000000000000000e+00 0.000000000000000000e+00 0.000000000000000000e+00 0.000000000000000000e+00 0.000000000000000000e+00 0.000000000000000000e+00 0.000000000000000000e+00 0.000000000000000000e+00 0.000000000000000000e+00 0.000000000000000000e+00 0.000000000000000000e+00 0.000000000000000000e+00 0.000000000000000000e+00 0.000000000000000000e+00
0.000000000000000000e+00 0.000000000000000000e+00 0.000000000000000000e+00 0.000000000000000000e+00 0.000000000000000000e+00 0.000000000000000000e+00 0.000000000000000000e+00 0.000000000000000000e+00 0.000000000000000000e+00 0.000000000000000000e+00 0.000000000000000000e+00 0.000000000000000000e+00 0.000000000000000000e+00 0.000000000000000000e+00 0.000000000000000000e+00 0.000000000000000000e+00 0.000000000000000000e+00 0.000000000000000000e+00 0.000000000000000000e+00 0.000000000000000000e+00
0.000000000000000000e+00 0.000000000000000000e+00 0.000000000000000000e+00 0.000000000000000000e+00 0.000000000000000000e+00 0.000000000000000000e+00 0.000000000000000000e+00 0.000000000000000000e+00 0.000000000000000000e+00 0.000000000000000000e+00 0.000000000000000000e+00 0.000000000000000000e+00 0.000000000000000000e+00 0.000000000000000000e+00 0.000000000000000000e+00 0.000000000000000000e+00 0.000000000000000000e+00 0.000000000000000000e+00 0.000000000000000000e+00 0.000000000000000000e+00
0.000000000000000000e+00 0.000000000000000000e+00 0.000000000000000000e+00 0.000000000000000000e+00 0.000000000000000000e+00 0.000000000000000000e+00 0.000000000000000000e+00 0.000000000000000000e+00 0.000000000000000000e+00 0.000000000000000000e+00 0.000000000000000000e+00 0.000000000000000000e+00 0.000000000000000000e+00 0.000000000000000000e+00 0.000000000000000000e+00 0.000000000000000000e+00 0.000000000000000000e+00 0.000000000000000000e+00 0.000000000000000000e+00 0.000000000000000000e+00
0.000000000000000000e+00 0.000000000000000000e+00 0.000000000000000000e+00 0.000000000000000000e+00 0.000000000000000000e+00 0.000000000000000000e+00 0.000000000000000000e+00 0.000000000000000000e+00 0.000000000000000000e+00 0.000000000000000000e+00 0.000000000000000000e+00 0.000000000000000000e+00 0.000000000000000000e+00 0.000000000000000000e+00 0.000000000000000000e+00 0.000000000000000000e+00 0.000000000000000000e+00 0.000000000000000000e+00 0.000000000000000000e+00 0.000000000000000000e+00
0.000000000000000000e+00 0.000000000000000000e+00 0.000000000000000000e+00 0.000000000000000000e+00 0.000000000000000000e+00 0.000000000000000000e+00 0.000000000000000000e+00 0.000000000000000000e+00 0.000000000000000000e+00 0.000000000000000000e+00 0.000000000000000000e+00 0.000000000000000000e+00 0.000000000000000000e+00 0.000000000000000000e+00 0.000000000000000000e+00 0.000000000000000000e+00 0.000000000000000000e+00 0.000000000000000000e+00 0.000000000000000000e+00 0.000000000000000000e+00
