1.856715401471738005e+06 1.082284744672736619e+06 7.645207980574384565e+05 4.869047672761662980e+05 2.981233506075168261e+05 1.805675765583131288e+05 1.081676320493909443e+05 4.547640869004091655e+04 2.269811620899794798e+04 6.574766638747820252e+03 1.616262965169632253e+03 1.834646038372314365e+02 6.217123786945746389e+01 0.000000000000000000e+00 0.000000000000000000e+00 0.000000000000000000e+00 0.000000000000000000e+00 0.000000000000000000e+00 0.000000000000000000e+00 0.000000000000000000e+00
1.082284744672736619e+06 9.142511063659153879e+05 5.310083453363529406e+05 3.433732225250235060e+05 1.995051797135005763e+05 1.243204917428937915e+05 7.336549816786957672e+04 3.277924454419502581e+04 1.701613954087252205e+04 4.539463506186460108e+03 1.064743801809756860e+03 4.528717566680295903e+01 8.845862553511214799e+01 0.000000000000000000e+00 0.000000000000000000e+00 0.000000000000000000e+00 0.000000000000000000e+00 0.000000000000000000e+00 0.000000000000000000e+00 0.000000000000000000e+00
7.645207980574384565e+05 5.310083453363529406e+05 4.562462410319498158e+05 2.281255447538748849e+05 1.419380317521515826e+05 8.795221048656318453e+04 5.044710334994137520e+04 2.195871617930398133e+04 1.040574764213620620e+04 3.395318810520782790e+03 8.461174174585879655e+02 1.579095251899157759e+01 3.332421595320053598e+01 0.000000000000000000e+00 0.000000000000000000e+00 0.000000000000000000e+00 0.000000000000000000e+00 0.000000000000000000e+00 0.000000000000000000e+00 0.000000000000000000e+00
4.869047672761662980e+05 3.433732225250235060e+05 2.281255447538748849e+05 2.185246134022446640e+05 9.077969840313596069e+04 5.778571241755344818e+04 3.360668369240077300e+04 1.509567675222435901e+04 8.130324813917117353e+03 2.293406081319834811e+03 4.937505993645357876e+02 4.691975465211503860e+01 -8.767942463836567724e-01 0.000000000000000000e+00 0.000000000000000000e+00 0.000000000000000000e+00 0.000000000000000000e+00 0.000000000000000000e+00 0.000000000000000000e+00 0.000000000000000000e+00
2.981233506075168261e+05 1.995051797135005763e+05 1.419380317521515826e+05 9.077969840313596069e+04 9.016261244225941482e+04 3.605735870433258242e+04 2.038183898215942463e+04 8.479813527587753924e+03 4.093279052603090804e+03 1.510208710736830426e+03 2.737152483332595807e+02 1.938483091798460478e+01 3.840892968824053355e+01 0.000000000000000000e+00 0.000000000000000000e+00 0.000000000000000000e+00 0.000000000000000000e+00 0.000000000000000000e+00 0.000000000000000000e+00 0.000000000000000000e+00
1.805675765583131288e+05 1.243204917428937915e+05 8.795221048656318453e+04 5.778571241755344818e+04 3.605735870433258242e+04 3.888005734295196453e+04 1.326256246051556445e+04 5.661610560152381368e+03 3.087969866670920965e+03 7.228111004615986985e+02 1.394357176474875644e+02 2.196155450839041379e+01 -2.754604318128367701e+00 0.000000000000000000e+00 0.000000000000000000e+00 0.000000000000000000e+00 0.000000000000000000e+00 0.000000000000000000e+00 0.000000000000000000e+00 0.000000000000000000e+00
1.081676320493909443e+05 7.336549816786957672e+04 5.044710334994137520e+04 3.360668369240077300e+04 2.038183898215942463e+04 1.326256246051556445e+04 1.503997074945529857e+04 3.162285970999078017e+03 1.845130743345544943e+03 5.071573982645896876e+02 1.658372445007244664e+02 1.746896837882011866e+01 1.387314447632586756e+01 0.000000000000000000e+00 0.000000000000000000e+00 0.000000000000000000e+00 0.000000000000000000e+00 0.000000000000000000e+00 0.000000000000000000e+00 0.000000000000000000e+00
4.547640869004091655e+04 3.277924454419502581e+04 2.195871617930398133e+04 1.509567675222435901e+04 8.479813527587753924e+03 5.661610560152381368e+03 3.162285970999078017e+03 4.943319844031793764e+03 8.997643160658649322e+02 2.683757343804898028e+02 6.667714754422486578e+01 -7.972033640920021647e+00 5.723727280937998430e+00 0.000000000000000000e+00 0.000000000000000000e+00 0.000000000000000000e+00 0.000000000000000000e+00 0.000000000000000000e+00 0.000000000000000000e+00 0.000000000000000000e+00
2.269811620899794798e+04 1.701613954087252205e+04 1.040574764213620620e+04 8.130324813917117353e+03 4.093279052603090804e+03 3.087969866670920965e+03 1.845130743345544943e+03 8.997643160658649322e+02 1.494218039075951992e+03 1.365677721450015554e+02 5.081791671944388611e+01 7.697216512660389753e-01 -2.088918850840867592e+00 0.000000000000000000e+00 0.000000000000000000e+00 0.000000000000000000e+00 0.000000000000000000e+00 0.000000000000000000e+00 0.000000000000000000e+00 0.000000000000000000e+00
6.574766638747820252e+03 4.539463506186460108e+03 3.395318810520782790e+03 2.293406081319834811e+03 1.510208710736830426e+03 7.228111004615986985e+02 5.071573982645896876e+02 2.683757343804898028e+02 1.365677721450015554e+02 3.278874611085038850e+02 -3.160861550897862138e-01 -2.375160100690325571e+00 -1.126553228375927418e+00 0.000000000000000000e+00 0.000000000000000000e+00 0.000000000000000000e+00 0.000000000000000000e+00 0.000000000000000000e+00 0.000000000000000000e+00 0.000000000000000000e+00
1.616262965169632253e+03 1.064743801809756860e+03 8.461174174585879655e+02 4.937505993645357876e+02 2.737152483332595807e+02 1.394357176474875644e+02 1.658372445007244664e+02 6.667714754422486578e+01 5.081791671944388611e+01 -3.160861550897862138e-01 6.356278512128015024e+01 3.277405897133910173e+00 -2.472387903360268313e-01 0.000000000000000000e+00 0.000000000000000000e+00 0.000000000000000000e+00 0.000000000000000000e+00 0.000000000000000000e+00 0.000000000000000000e+00 0.000000000000000000e+00
1.834646038372314365e+02 4.528717566680295903e+01 1.579095251899157759e+01 4.691975465211503860e+01 1.938483091798460478e+01 2.196155450839041379e+01 1.746896837882011866e+01 -7.972033640920021647e+00 7.697216512660389753e-01 -2.375160100690325571e+00 3.277405897133910173e+00 5.957217382111407389e+00 -2.354264381766968048e-02 0.000000000000000000e+00 0.000000000000000000e+00 0.000000000000000000e+00 0.000000000000000000e+00 0.000000000000000000e+00 0.000000000000000000e+00 0.000000000000000000e+00
6.217123786945746389e+01 8.845862553511214799e+01 3.332421595320053598e+01 -8.767942463836567724e-01 3.840892968824053355e+01 -2.754604318128367701e+00 1.387314447632586756e+01 5.723727280937998430e+00 -2.088918850840867592e+00 -1.126553228375927418e+00 -2.472387903360268313e-01 -2.354264381766968048e-02 2.000812827744557598e+00 0.000000000000000000e+00 0.000000000000000000e+00 0.000000000000000000e+00 0.000000000000000000e+00 0.000000000000000000e+00 0.000000000000000000e+00 0.000000000000000000e+00
0.000000000000000000e+00 0.000000000000000000e+00 0.000000000000000000e+00 0.000000000000000000e+00 0.000000000000000000e+00 0.000000000000000000e+00 0.000000000000000000e+00 0.000000000000000000e+00 0.000000000000000000e+00 0.000000000000000000e+00 0.000000000000000000e+00 0.000000000000000000e+00 0.000000000000000000e+00 0.000000000000000000e+00 0.000000000000000000e+00 0.000000000000000000e+00 0.000000000000000000e+00 0.000000000000000000e+00 0.000000000000000000e+00 0.000000000000000000e+00
0.000000000000000000e+00 0.000000000000000000e+00 0.000000000000000000e+00 0.000000000000000000e+00 0.000000000000000000e+00 0.000000000000000000e+00 0.000000000000000000e+00 0.000000000000000000e+00 0.000000000000000000e+00 0.000000000000000000e+00 0.000000000000000000e+00 0.000000000000000000e+00 0.000000000000000000e+00 0.000000000000000000e+00 0.000000000000000000e+00 0.000000000000000000e+00 0.000000000000000000e+00 0.000000000000000000e+00 0.000000000000000000e+00 0.000000000000000000e+00
0.000000000000000000e+00 0.000000000000000000e+00 0.000000000000000000e+00 0.000000000000000000e+00 0.000000000000000000e+00 0.000000000000000000e+00 0.000000000000000000e+00 0.000000000000000000e+00 0.000000000000000000e+00 0.000000000000000000e+00 0.000000000000000000e+00 0.000000000000000000e+00 0.000000000000000000e+00 0.000000000000000000e+00 0.000000000000000000e+00 0.000000000000000000e+00 0.000000000000000000e+00 0.000000000000000000e+00 0.000000000000000000e+00 0.000000000000000000e+00
0.000000000000000000e+00 0.000000000000000000e+00 0.000000000000000000e+00 0.000000000000000000e+00 0.000000000000000000e+00 0.000000000000000000e+00 0.000000000000000000e+00 0.000000000000000000e+00 0.000000000000000000e+00 0.000000000000000000e+00 0.000000000000000000e+00 0.000000000000000000e+00 0.000000000000000000e+00 0.000000000000000000e+00 0.000000000000000000e+00 0.000000000000000000e+00 0.000000000000000000e+00 0.000000000000000000e+00 0.000000000000000000e+00 0.000000000000000000e+00
0.000000000000000000e+00 0.000000000000000000e+00 0.000000000000000000e+00 0.000000000000000000e+00 0.000000000000000000e+00 0.000000000000000000e+00 0.000000000000000000e+00 0.000000000000000000e+00 0.000000000000000000e+00 0.000000000000000000e+00 0.000000000000000000e+00 0.000000000000000000e+00 0.000000000000000000e+00 0.000000000000000000e+00 0.000000000000000000e+00 0.000000000000000000e+00 0.000000000000000000e+00 0.000000000000000000e+00 0.000000000000000000e+00 0.000000000000000000e+00
0.000000000000000000e+00 0.000000000000000000e+00 0.000000000000000000e+00 0.000000000000000000e+00 0.000000000000000000e+00 0.000000000000000000e+00 0.000000000000000000e+00 0.000000000000000000e+00 0.000000000000000000e+00 0.000000000000000000e+00 0.000000000000000000e+00 0.000000000000000000e+00 0.000000000000000000e+00 0.000000000000000000e+00 0.000000000000000000e+00 0.000000000000000000e+00 0.000000000000000000e+00 0.000000000000000000e+00 0.000000000000000000e+00 0.000000000000000000e+00
0.000000000000000000e+00 0.000000000000000000e+00 0.000000000000000000e+00 0.000000000000000000e+00 0.000000000000000000e+00 0.000000000000000000e+00 0.000000000000000000e+00 0.000000000000000000e+00 0.000000000000000000e+00 0.000000000000000000e+00 0.000000000000000000e+00 0.000000000000000000e+00 0.000000000000000000e+00 0.000000000000000000e+00 0.000000000000000000e+00 0.000000000000000000e+00 0.000000000000000000e+00 0.000000000000000000e+00 0.000000000000000000e+00 0.000000000000000000e+00
