2.093052274975497741e+06 1.264171370404118672e+06 8.523113287923936732e+05 6.269070226026269374e+05 4.469014620197393233e+05 3.086116714219681453e+05 1.971622177836969786e+05 1.238729098021077371e+05 6.917477474897929642e+04 3.610178496720399562e+04 2.017958661037541242e+04 5.471289646446333791e+03 1.066075819085404419e+03 9.489376969765373815e+01 1.011655943948100713e+02 0.000000000000000000e+00 0.000000000000000000e+00 0.000000000000000000e+00 0.000000000000000000e+00 0.000000000000000000e+00
1.264171370404118672e+06 1.076458974571612664e+06 5.925482040047604823e+05 4.409163768035211251e+05 3.123015206625204883e+05 2.167480433200982225e+05 1.339793904579386581e+05 8.352061069949700322e+04 4.828486041105375625e+04 2.528088524980227521e+04 1.349540660833326183e+04 4.094630755675728778e+03 5.564348391173331265e+02 9.466149064698838345e+01 7.409679130313743656e+01 0.000000000000000000e+00 0.000000000000000000e+00 0.000000000000000000e+00 0.000000000000000000e+00 0.000000000000000000e+00
8.523113287923936732e+05 5.925482040047604823e+05 5.298897347195639741e+05 2.884885671709273593e+05 2.101013060137048888e+05 1.407373223060487944e+05 9.207961684710627014e+04 5.832835788703530852e+04 3.185034229521519228e+04 1.784660544421473242e+04 9.755941154362481029e+03 2.196433430807238437e+03 4.772312227864089209e+02 9.600060418345171342e+01 7.090341327223508472e+01 0.000000000000000000e+00 0.000000000000000000e+00 0.000000000000000000e+00 0.000000000000000000e+00 0.000000000000000000e+00
6.269070226026269374e+05 4.409163768035211251e+05 2.884885671709273593e+05 2.975861383525644196e+05 1.532958333138817106e+05 1.031615572197508736e+05 6.844255780087520543e+04 4.034556535057885776e+04 2.386112129959018785e+04 1.221804376041243449e+04 6.438170592731895340e+03 2.054032224753436822e+03 3.191159982745912203e+02 1.779548698586809508e+01 2.466796746693096054e+01 0.000000000000000000e+00 0.000000000000000000e+00 0.000000000000000000e+00 0.000000000000000000e+00 0.000000000000000000e+00
4.469014620197393233e+05 3.123015206625204883e+05 2.101013060137048888e+05 1.532958333138817106e+05 1.654731614571884566e+05 7.672840559987263987e+04 4.712225069311782136e+04 3.024841222295298940e+04 1.660065933553131617e+04 8.824872532081175450e+03 4.899748903254725519e+03 1.354748310221277279e+03 2.276822938485855161e+02 2.583574436315366540e+01 1.654648847748613605e+01 0.000000000000000000e+00 0.000000000000000000e+00 0.000000000000000000e+00 0.000000000000000000e+00 0.000000000000000000e+00
3.086116714219681453e+05 2.167480433200982225e+05 1.407373223060487944e+05 1.031615572197508736e+05 7.672840559987263987e+04 8.390814331582112936e+04 3.301523939669915126e+04 2.101255318191818878e+04 1.131166195060512655e+04 6.422609338386274430e+03 3.532052607964628805e+03 1.074152445834407899e+03 1.588578876046524044e+02 -4.698334321573801375e+00 1.645317147539579139e+01 0.000000000000000000e+00 0.000000000000000000e+00 0.000000000000000000e+00 0.000000000000000000e+00 0.000000000000000000e+00
1.971622177836969786e+05 1.339793904579386581e+05 9.207961684710627014e+04 6.844255780087520543e+04 4.712225069311782136e+04 3.301523939669915126e+04 3.945361205231484200e+04 1.344259503248191140e+04 7.654948357398575354e+03 4.011507299533377136e+03 2.206237238964681637e+03 5.031815218253956914e+02 1.067174503419992107e+02 1.093597179842972089e+01 1.807959975816843468e+01 0.000000000000000000e+00 0.000000000000000000e+00 0.000000000000000000e+00 0.000000000000000000e+00 0.000000000000000000e+00
1.238729098021077371e+05 8.352061069949700322e+04 5.832835788703530852e+04 4.034556535057885776e+04 3.024841222295298940e+04 2.101255318191818878e+04 1.344259503248191140e+04 1.720088487767552215e+04 5.264307713402197805e+03 2.336342211020481045e+03 1.324835346833781159e+03 3.413915745410570821e+02 4.510393510654528626e+01 1.076336183405324221e+01 2.104248162610792505e+01 0.000000000000000000e+00 0.000000000000000000e+00 0.000000000000000000e+00 0.000000000000000000e+00 0.000000000000000000e+00
6.917477474897929642e+04 4.828486041105375625e+04 3.185034229521519228e+04 2.386112129959018785e+04 1.660065933553131617e+04 1.131166195060512655e+04 7.654948357398575354e+03 5.264307713402197805e+03 7.134330045736261127e+03 1.436593410165033902e+03 9.794037560698558309e+02 2.646219538011294503e+02 5.871175817098092864e+01 -1.595666610586665435e+01 -4.711374608980474776e-01 0.000000000000000000e+00 0.000000000000000000e+00 0.000000000000000000e+00 0.000000000000000000e+00 0.000000000000000000e+00
3.610178496720399562e+04 2.528088524980227521e+04 1.784660544421473242e+04 1.221804376041243449e+04 8.824872532081175450e+03 6.422609338386274430e+03 4.011507299533377136e+03 2.336342211020481045e+03 1.436593410165033902e+03 2.710119127236251188e+03 5.312944092221667916e+02 1.341637364356659816e+02 2.985262692053444056e+01 1.899727709597809344e+00 3.489198600011041762e+00 0.000000000000000000e+00 0.000000000000000000e+00 0.000000000000000000e+00 0.000000000000000000e+00 0.000000000000000000e+00
2.017958661037541242e+04 1.349540660833326183e+04 9.755941154362481029e+03 6.438170592731895340e+03 4.899748903254725519e+03 3.532052607964628805e+03 2.206237238964681637e+03 1.324835346833781159e+03 9.794037560698558309e+02 5.312944092221667916e+02 9.272891324663351043e+02 6.138940892371848435e+01 9.870147407299736386e+00 -2.276021203534508430e+00 -3.178419831207557333e-01 0.000000000000000000e+00 0.000000000000000000e+00 0.000000000000000000e+00 0.000000000000000000e+00 0.000000000000000000e+00
5.471289646446333791e+03 4.094630755675728778e+03 2.196433430807238437e+03 2.054032224753436822e+03 1.354748310221277279e+03 1.074152445834407899e+03 5.031815218253956914e+02 3.413915745410570821e+02 2.646219538011294503e+02 1.341637364356659816e+02 6.138940892371848435e+01 2.266346516250518164e+02 1.068286267784724153e+01 -1.436029969226792158e+00 -3.589892510179422680e-01 0.000000000000000000e+00 0.000000000000000000e+00 0.000000000000000000e+00 0.000000000000000000e+00 0.000000000000000000e+00
1.066075819085404419e+03 5.564348391173331265e+02 4.772312227864089209e+02 3.191159982745912203e+02 2.276822938485855161e+02 1.588578876046524044e+02 1.067174503419992107e+02 4.510393510654528626e+01 5.871175817098092864e+01 2.985262692053444056e+01 9.870147407299736386e+00 1.068286267784724153e+01 2.747841029260485257e+01 -2.275449100342582798e-01 -5.688333710063592230e-02 0.000000000000000000e+00 0.000000000000000000e+00 0.000000000000000000e+00 0.000000000000000000e+00 0.000000000000000000e+00
9.489376969765373815e+01 9.466149064698838345e+01 9.600060418345171342e+01 1.779548698586809508e+01 2.583574436315366540e+01 -4.698334321573801375e+00 1.093597179842972089e+01 1.076336183405324221e+01 -1.595666610586665435e+01 1.899727709597809344e+00 -2.276021203534508430e+00 -1.436029969226792158e+00 -2.275449100342582798e-01 3.985616428173399672e+00 -7.845302987582434412e-03 0.000000000000000000e+00 0.000000000000000000e+00 0.000000000000000000e+00 0.000000000000000000e+00 0.000000000000000000e+00
1.011655943948100713e+02 7.409679130313743656e+01 7.090341327223508472e+01 2.466796746693096054e+01 1.654648847748613605e+01 1.645317147539579139e+01 1.807959975816843468e+01 2.104248162610792505e+01 -4.711374608980474776e-01 3.489198600011041762e+00 -3.178419831207557333e-01 -3.589892510179422680e-01 -5.688333710063592230e-02 -7.845302987582434412e-03 1.002186532648865480e+00 0.000000000000000000e+00 0.000000000000000000e+00 0.000000000000000000e+00 0.000000000000000000e+00 0.000000000000000000e+00
0.000000000000000000e+00 0.000000000000000000e+00 0.000000000000000000e+00 0.000000000000000000e+00 0.000000000000000000e+00 0.000000000000000000e+00 0.000000000000000000e+00 0.000000000000000000e+00 0.000000000000000000e+00 0.000000000000000000e+00 0.000000000000000000e+00 0.000000000000000000e+00 0.000000000000000000e+00 0.000000000000000000e+00 0.000000000000000000e+00 0.000000000000000000e+00 0.000000000000000000e+00 0.000000000000000000e+00 0.000000000000000000e+00 0.000000000000000000e+00
0.000000000000000000e+00 0.000000000000000000e+00 0.000000000000000000e+00 0.000000000000000000e+00 0.000000000000000000e+00 0.000000000000000000e+00 0.000000000000000000e+00 0.000000000000000000e+00 0.000000000000000000e+00 0.000000000000000000e+00 0.000000000000000000e+00 0.000000000000000000e+00 0.000000000000000000e+00 0.000000000000000000e+00 0.000000000000000000e+00 0.000000000000000000e+00 0.000000000000000000e+00 0.000000000000000000e+00 0.000000000000000000e+00 0.000000000000000000e+00
0.000000000000000000e+00 0.000000000000000000e+00 0.000000000000000000e+00 0.000000000000000000e+00 0.000000000000000000e+00 0.000000000000000000e+00 0.000000000000000000e+00 0.000000000000000000e+00 0.000000000000000000e+00 0.000000000000000000e+00 0.000000000000000000e+00 0.000000000000000000e+00 0.000000000000000000e+00 0.000000000000000000e+00 0.000000000000000000e+00 0.000000000000000000e+00 0.000000000000000000e+00 0.000000000000000000e+00 0.000000000000000000e+00 0.000000000000000000e+00
0.000000000000000000e+00 0.000000000000000000e+00 0.000000000000000000e+00 0.000000000000000000e+00 0.000000000000000000e+00 0.000000000000000000e+00 0.000000000000000000e+00 0.000000000000000000e+00 0.000000000000000000e+00 0.000000000000000000e+00 0.000000000000000000e+00 0.000000000000000000e+00 0.000000000000000000e+00 0.000000000000000000e+00 0.000000000000000000e+00 0.000000000000000000e+00 0.000000000000000000e+00 0.000000000000000000e+00 0.000000000000000000e+00 0.000000000000000000e+00
0.000000000000000000e+00 0.000000000000000000e+00 0.000000000000000000e+00 0.000000000000000000e+00 0.000000000000000000e+00 0.000000000000000000e+00 0.000000000000000000e+00 0.000000000000000000e+00 0.000000000000000000e+00 0.000000000000000000e+00 0.000000000000000000e+00 0.000000000000000000e+00 0.000000000000000000e+00 0.000000000000000000e+00 0.000000000000000000e+00 0.000000000000000000e+00 0.000000000000000000e+00 0.000000000000000000e+00 0.000000000000000000e+00 0.000000000000000000e+00
