1.883876065430997871e+06 1.172555382269543828e+06 7.808248549146294827e+05 5.402431666999058798e+05 3.532346383666705224e+05 2.222696626104055613e+05 1.305116459553673776e+05 6.382217896987916174e+04 3.284374532448736136e+04 1.392906094443140501e+04 2.800788469120403079e+03 8.149155396227808978e+02 2.857576501720794795e+02 -4.871480538898698853e+01 0.000000000000000000e+00 0.000000000000000000e+00 0.000000000000000000e+00 0.000000000000000000e+00 0.000000000000000000e+00 0.000000000000000000e+00
1.172555382269543828e+06 1.004504307178114308e+06 5.647585965086702490e+05 3.890969151242705993e+05 2.411537789810246613e+05 1.551473896062012936e+05 8.727372538217167312e+04 4.704770247990055941e+04 2.598722374890144056e+04 9.578500990635895505e+03 2.122662209472274753e+03 4.562147760600561242e+02 1.713758469400036688e+02 -2.574988927619478574e+01 0.000000000000000000e+00 0.000000000000000000e+00 0.000000000000000000e+00 0.000000000000000000e+00 0.000000000000000000e+00 0.000000000000000000e+00
7.808248549146294827e+05 5.647585965086702490e+05 4.800584133880224545e+05 2.586544518318146002e+05 1.632251880051319895e+05 1.038171408692141413e+05 6.243725791066622332e+04 3.145927948742885928e+04 1.639338381324573493e+04 6.504946578337995561e+03 1.363553735015200346e+03 4.386058648373939945e+02 7.816948071440799595e+01 -7.075795421022429643e+00 0.000000000000000000e+00 0.000000000000000000e+00 0.000000000000000000e+00 0.000000000000000000e+00 0.000000000000000000e+00 0.000000000000000000e+00
5.402431666999058798e+05 3.890969151242705993e+05 2.586544518318146002e+05 2.452914656843732810e+05 1.156684282698765455e+05 7.552348884786490817e+04 4.252918534263583570e+04 2.108824372881616000e+04 1.193823690346843614e+04 4.029706674137254595e+03 1.010335612394837540e+03 2.634236624670657534e+02 2.031628506781068566e+01 -1.816706798543734180e+01 0.000000000000000000e+00 0.000000000000000000e+00 0.000000000000000000e+00 0.000000000000000000e+00 0.000000000000000000e+00 0.000000000000000000e+00
3.532346383666705224e+05 2.411537789810246613e+05 1.632251880051319895e+05 1.156684282698765455e+05 1.099554990676420130e+05 4.853039800270107662e+04 2.840273826795555942e+04 1.399454005495054844e+04 6.760490629384309614e+03 2.738122599596502369e+03 7.022343576805011480e+02 1.560548286454464630e+02 3.556157934656903308e+01 3.446271616808791460e+00 0.000000000000000000e+00 0.000000000000000000e+00 0.000000000000000000e+00 0.000000000000000000e+00 0.000000000000000000e+00 0.000000000000000000e+00
2.222696626104055613e+05 1.551473896062012936e+05 1.038171408692141413e+05 7.552348884786490817e+04 4.853039800270107662e+04 5.140814172532128578e+04 1.767106501126132207e+04 8.686201122059181216e+03 5.120002182751438340e+03 1.834168988766967232e+03 2.189308254894432366e+02 1.198045732724731778e+02 3.322672244400039432e+01 -3.028009907031314007e+00 0.000000000000000000e+00 0.000000000000000000e+00 0.000000000000000000e+00 0.000000000000000000e+00 0.000000000000000000e+00 0.000000000000000000e+00
1.305116459553673776e+05 8.727372538217167312e+04 6.243725791066622332e+04 4.252918534263583570e+04 2.840273826795555942e+04 1.767106501126132207e+04 1.974997817169045447e+04 5.485305661549564320e+03 2.904182158147257724e+03 1.045938219883056263e+03 2.971056869538481919e+02 9.851413326425549144e+01 2.375219602085104853e+01 2.885378420141990308e+00 0.000000000000000000e+00 0.000000000000000000e+00 0.000000000000000000e+00 0.000000000000000000e+00 0.000000000000000000e+00 0.000000000000000000e+00
6.382217896987916174e+04 4.704770247990055941e+04 3.145927948742885928e+04 2.108824372881616000e+04 1.399454005495054844e+04 8.686201122059181216e+03 5.485305661549564320e+03 7.729856638717688838e+03 1.469988481792349148e+03 7.237796187757984399e+02 1.206848411273912376e+02 2.366845747938031863e+01 7.894220443870325177e+00 -1.726488899234597030e+00 0.000000000000000000e+00 0.000000000000000000e+00 0.000000000000000000e+00 0.000000000000000000e+00 0.000000000000000000e+00 0.000000000000000000e+00
3.284374532448736136e+04 2.598722374890144056e+04 1.639338381324573493e+04 1.193823690346843614e+04 6.760490629384309614e+03 5.120002182751438340e+03 2.904182158147257724e+03 1.469988481792349148e+03 2.851086443513470385e+03 3.935469436670439336e+02 1.121985552357013063e+02 1.473470894032442224e+01 4.018859525705412494e+00 -2.346046201144910803e+00 0.000000000000000000e+00 0.000000000000000000e+00 0.000000000000000000e+00 0.000000000000000000e+00 0.000000000000000000e+00 0.000000000000000000e+00
1.392906094443140501e+04 9.578500990635895505e+03 6.504946578337995561e+03 4.029706674137254595e+03 2.738122599596502369e+03 1.834168988766967232e+03 1.045938219883056263e+03 7.237796187757984399e+02 3.935469436670439336e+02 6.722977517785394639e+02 3.351432388654088612e+01 3.548977316999357701e+00 -1.281605097628993439e+00 -1.097075520154900952e+00 0.000000000000000000e+00 0.000000000000000000e+00 0.000000000000000000e+00 0.000000000000000000e+00 0.000000000000000000e+00 0.000000000000000000e+00
2.800788469120403079e+03 2.122662209472274753e+03 1.363553735015200346e+03 1.010335612394837540e+03 7.022343576805011480e+02 2.189308254894432366e+02 2.971056869538481919e+02 1.206848411273912376e+02 1.121985552357013063e+02 3.351432388654088612e+01 1.261188977544349967e+02 4.050570811864237619e+00 -7.475973599290394178e-01 -2.491897509156145718e-01 0.000000000000000000e+00 0.000000000000000000e+00 0.000000000000000000e+00 0.000000000000000000e+00 0.000000000000000000e+00 0.000000000000000000e+00
8.149155396227808978e+02 4.562147760600561242e+02 4.386058648373939945e+02 2.634236624670657534e+02 1.560548286454464630e+02 1.198045732724731778e+02 9.851413326425549144e+01 2.366845747938031863e+01 1.473470894032442224e+01 3.548977316999357701e+00 4.050570811864237619e+00 1.557189592566109404e+01 -9.417102947073349717e-02 -3.138916298407801175e-02 0.000000000000000000e+00 0.000000000000000000e+00 0.000000000000000000e+00 0.000000000000000000e+00 0.000000000000000000e+00 0.000000000000000000e+00
2.857576501720794795e+02 1.713758469400036688e+02 7.816948071440799595e+01 2.031628506781068566e+01 3.556157934656903308e+01 3.322672244400039432e+01 2.375219602085104853e+01 7.894220443870325177e+00 4.018859525705412494e+00 -1.281605097628993439e+00 -7.475973599290394178e-01 -9.417102947073349717e-02 2.995376134379619693e+00 -5.884604161429563170e-03 0.000000000000000000e+00 0.000000000000000000e+00 0.000000000000000000e+00 0.000000000000000000e+00 0.000000000000000000e+00 0.000000000000000000e+00
-4.871480538898698853e+01 -2.574988927619478574e+01 -7.075795421022429643e+00 -1.816706798543734180e+01 3.446271616808791460e+00 -3.028009907031314007e+00 2.885378420141990308e+00 -1.726488899234597030e+00 -2.346046201144910803e+00 -1.097075520154900952e+00 -2.491897509156145718e-01 -3.138916298407801175e-02 -5.884604161429563170e-03 1.002306557343107363e+00 0.000000000000000000e+00 0.000000000000000000e+00 0.000000000000000000e+00 0.000000000000000000e+00 0.000000000000000000e+00 0.000000000000000000e+00
0.000000000000000000e+00 0.000000000000000000e+00 0.000000000000000000e+00 0.000000000000000000e+00 0.000000000000000000e+00 0.000000000000000000e+00 0.000000000000000000e+00 0.000000000000000000e+00 0.000000000000000000e+00 0.000000000000000000e+00 0.000000000000000000e+00 0.000000000000000000e+00 0.000000000000000000e+00 0.000000000000000000e+00 0.000000000000000000e+00 0.000000000000000000e+00 0.000000000000000000e+00 0.000000000000000000e+00 0.000000000000000000e+00 0.000000000000000000e+00
0.000000000000000000e+00 0.000000000000000000e+00 0.000000000000000000e+00 0.000000000000000000e+00 0.000000000000000000e+00 0.000000000000000000e+00 0.000000000000000000e+00 0.000000000000000000e+00 0.000000000000000000e+00 0.000000000000000000e+00 0.000000000000000000e+00 0.000000000000000000e+00 0.000000000000000000e+00 0.000000000000000000e+00 0.000000000000000000e+00 0.000000000000000000e+00 0.000000000000000000e+00 0.000000000000000000e+00 0.000000000000000000e+00 0.000000000000000000e+00
0.000000000000000000e+00 0.000000000000000000e+00 0.000000000000000000e+00 0.000000000000000000e+00 0.000000000000000000e+00 0.000000000000000000e+00 0.000000000000000000e+00 0.000000000000000000e+00 0.000000000000000000e+00 0.000000000000000000e+00 0.000000000000000000e+00 0.000000000000000000e+00 0.000000000000000000e+00 0.000000000000000000e+00 0.000000000000000000e+00 0.000000000000000000e+00 0.000000000000000000e+00 0.000000000000000000e+00 0.000000000000000000e+00 0.000000000000000000e+00
0.000000000000000000e+00 0.000000000000000000e+00 0.000000000000000000e+00 0.000000000000000000e+00 0.000000000000000000e+00 0.000000000000000000e+00 0.000000000000000000e+00 0.000000000000000000e+00 0.000000000000000000e+00 0.000000000000000000e+00 0.000000000000000000e+00 0.000000000000000000e+00 0.000000000000000000e+00 0.000000000000000000e+00 0.000000000000000000e+00 0.000000000000000000e+00 0.000000000000000000e+00 0.000000000000000000e+00 0.000000000000000000e+00 0.000000000000000000e+00
0.000000000000000000e+00 0.000000000000000000e+00 0.000000000000000000e+00 0.000000000000000000e+00 0.000000000000000000e+00 0.000000000000000000e+00 0.000000000000000000e+00 0.000000000000000000e+00 0.000000000000000000e+00 0.000000000000000000e+00 0.000000000000000000e+00 0.000000000000000000e+00 0.000000000000000000e+00 0.000000000000000000e+00 0.000000000000000000e+00 0.000000000000000000e+00 0.000000000000000000e+00 0.000000000000000000e+00 0.000000000000000000e+00 0.000000000000000000e+00
0.000000000000000000e+00 0.000000000000000000e+00 0.000000000000000000e+00 0.000000000000000000e+00 0.000000000000000000e+00 0.000000000000000000e+00 0.000000000000000000e+00 0.000000000000000000e+00 0.000000000000000000e+00 0.000000000000000000e+00 0.000000000000000000e+00 0.000000000000000000e+00 0.000000000000000000e+00 0.000000000000000000e+00 0.000000000000000000e+00 0.000000000000000000e+00 0.000000000000000000e+00 0.000000000000000000e+00 0.000000000000000000e+00 0.000000000000000000e+00
