1.960836956865458051e+06 1.214824918338715797e+06 8.445014074501665309e+05 5.739877820549684111e+05 3.982608543420405476e+05 2.623471256484434125e+05 1.523234083340190991e+05 8.263935268745778012e+04 4.864149391923350777e+04 2.137435582248152059e+04 7.662210691547043098e+03 2.246839630201310229e+03 1.060027574370468102e+02 9.949883304508634296e+01 0.000000000000000000e+00 0.000000000000000000e+00 0.000000000000000000e+00 0.000000000000000000e+00 0.000000000000000000e+00 0.000000000000000000e+00
1.214824918338715797e+06 1.036588101405213471e+06 5.917676749362079427e+05 4.007968570179179660e+05 2.754739413532368490e+05 1.776924210872938856e+05 1.062065230154889869e+05 5.728180709594295331e+04 3.532769113249552174e+04 1.461142404993475793e+04 4.879046597025133451e+03 1.303565808598074682e+03 4.442964291240309649e+01 1.383777805902385012e+02 0.000000000000000000e+00 0.000000000000000000e+00 0.000000000000000000e+00 0.000000000000000000e+00 0.000000000000000000e+00 0.000000000000000000e+00
8.445014074501665309e+05 5.917676749362079427e+05 5.243360689706970006e+05 2.779864517002140637e+05 1.958897585672455316e+05 1.221621826545696385e+05 7.500887341396437841e+04 4.079797940077838575e+04 2.452340419549375656e+04 9.898202306594284892e+03 3.908686580846410834e+03 1.062485140955875522e+03 3.708615691485051968e+01 7.981276954010515112e+01 0.000000000000000000e+00 0.000000000000000000e+00 0.000000000000000000e+00 0.000000000000000000e+00 0.000000000000000000e+00 0.000000000000000000e+00
5.739877820549684111e+05 4.007968570179179660e+05 2.779864517002140637e+05 2.637147145973301376e+05 1.335736875834632956e+05 8.379939855241442274e+04 5.128306527182150603e+04 2.750984596786227848e+04 1.693407846854505988e+04 6.580405221960822928e+03 2.267624057726520277e+03 6.897451313738768022e+02 1.950477920451974967e+01 2.904759655380795724e+00 0.000000000000000000e+00 0.000000000000000000e+00 0.000000000000000000e+00 0.000000000000000000e+00 0.000000000000000000e+00 0.000000000000000000e+00
3.982608543420405476e+05 2.754739413532368490e+05 1.958897585672455316e+05 1.335736875834632956e+05 1.307690478375280072e+05 6.041704907416219794e+04 3.394884230518274126e+04 1.904844073644107993e+04 1.091121652266622368e+04 4.861741044012903330e+03 1.861459910174900642e+03 5.514743990476157478e+02 1.306048494969539497e+01 1.799385650086265187e+01 0.000000000000000000e+00 0.000000000000000000e+00 0.000000000000000000e+00 0.000000000000000000e+00 0.000000000000000000e+00 0.000000000000000000e+00
2.623471256484434125e+05 1.776924210872938856e+05 1.221621826545696385e+05 8.379939855241442274e+04 6.041704907416219794e+04 6.752541315263937577e+04 2.317341239955662604e+04 1.345439314029998604e+04 7.408501313050660428e+03 3.460616067782417304e+03 9.222794487872687341e+02 3.019398112041803870e+02 8.029703166179100293e+00 8.977696335570000130e+00 0.000000000000000000e+00 0.000000000000000000e+00 0.000000000000000000e+00 0.000000000000000000e+00 0.000000000000000000e+00 0.000000000000000000e+00
1.523234083340190991e+05 1.062065230154889869e+05 7.500887341396437841e+04 5.128306527182150603e+04 3.394884230518274126e+04 2.317341239955662604e+04 2.642737436335524762e+04 7.274834954708589976e+03 4.633880430983571387e+03 1.850897754971774248e+03 6.206776752859858561e+02 1.925495604589946481e+02 2.466821554077865297e+00 2.752698640532116414e+01 0.000000000000000000e+00 0.000000000000000000e+00 0.000000000000000000e+00 0.000000000000000000e+00 0.000000000000000000e+00 0.000000000000000000e+00
8.263935268745778012e+04 5.728180709594295331e+04 4.079797940077838575e+04 2.750984596786227848e+04 1.904844073644107993e+04 1.345439314029998604e+04 7.274834954708589976e+03 1.008628223671633168e+04 2.680277445785197870e+03 1.192725769270288993e+03 3.803855434122588690e+02 1.354083006416885837e+02 1.257106871073362664e-01 5.405329865174762993e+00 0.000000000000000000e+00 0.000000000000000000e+00 0.000000000000000000e+00 0.000000000000000000e+00 0.000000000000000000e+00 0.000000000000000000e+00
4.864149391923350777e+04 3.532769113249552174e+04 2.452340419549375656e+04 1.693407846854505988e+04 1.091121652266622368e+04 7.408501313050660428e+03 4.633880430983571387e+03 2.680277445785197870e+03 4.398496044552736748e+03 7.542014728890089827e+02 2.572206668406075778e+02 8.100229395192759796e+01 1.933840393807948699e+00 7.754664965466463444e-01 0.000000000000000000e+00 0.000000000000000000e+00 0.000000000000000000e+00 0.000000000000000000e+00 0.000000000000000000e+00 0.000000000000000000e+00
2.137435582248152059e+04 1.461142404993475793e+04 9.898202306594284892e+03 6.580405221960822928e+03 4.861741044012903330e+03 3.460616067782417304e+03 1.850897754971774248e+03 1.192725769270288993e+03 7.542014728890089827e+02 1.293191618175414760e+03 1.020810141211630793e+02 2.440470612505958314e+01 2.239370273178631354e+00 -2.325627537984831683e+00 0.000000000000000000e+00 0.000000000000000000e+00 0.000000000000000000e+00 0.000000000000000000e+00 0.000000000000000000e+00 0.000000000000000000e+00
7.662210691547043098e+03 4.879046597025133451e+03 3.908686580846410834e+03 2.267624057726520277e+03 1.861459910174900642e+03 9.222794487872687341e+02 6.206776752859858561e+02 3.803855434122588690e+02 2.572206668406075778e+02 1.020810141211630793e+02 3.274516730650776708e+02 1.980321156365311097e+01 -5.199839163210234760e-01 -1.559885467126354675e+00 0.000000000000000000e+00 0.000000000000000000e+00 0.000000000000000000e+00 0.000000000000000000e+00 0.000000000000000000e+00 0.000000000000000000e+00
2.246839630201310229e+03 1.303565808598074682e+03 1.062485140955875522e+03 6.897451313738768022e+02 5.514743990476157478e+02 3.019398112041803870e+02 1.925495604589946481e+02 1.354083006416885837e+02 8.100229395192759796e+01 2.440470612505958314e+01 1.980321156365311097e+01 4.324384143413516313e+01 -8.828511981808286058e-02 -2.648441058371415191e-01 0.000000000000000000e+00 0.000000000000000000e+00 0.000000000000000000e+00 0.000000000000000000e+00 0.000000000000000000e+00 0.000000000000000000e+00
1.060027574370468102e+02 4.442964291240309649e+01 3.708615691485051968e+01 1.950477920451974967e+01 1.306048494969539497e+01 8.029703166179100293e+00 2.466821554077865297e+00 1.257106871073362664e-01 1.933840393807948699e+00 2.239370273178631354e+00 -5.199839163210234760e-01 -8.828511981808286058e-02 1.002394125440544626e+00 -5.884646970903295582e-03 0.000000000000000000e+00 0.000000000000000000e+00 0.000000000000000000e+00 0.000000000000000000e+00 0.000000000000000000e+00 0.000000000000000000e+00
9.949883304508634296e+01 1.383777805902385012e+02 7.981276954010515112e+01 2.904759655380795724e+00 1.799385650086265187e+01 8.977696335570000130e+00 2.752698640532116414e+01 5.405329865174762993e+00 7.754664965466463444e-01 -2.325627537984831683e+00 -1.559885467126354675e+00 -2.648441058371415191e-01 -5.884646970903295582e-03 2.995158039502237468e+00 0.000000000000000000e+00 0.000000000000000000e+00 0.000000000000000000e+00 0.000000000000000000e+00 0.000000000000000000e+00 0.000000000000000000e+00
0.000000000000000000e+00 0.000000000000000000e+00 0.000000000000000000e+00 0.000000000000000000e+00 0.000000000000000000e+00 0.000000000000000000e+00 0.000000000000000000e+00 0.000000000000000000e+00 0.000000000000000000e+00 0.000000000000000000e+00 0.000000000000000000e+00 0.000000000000000000e+00 0.000000000000000000e+00 0.000000000000000000e+00 0.000000000000000000e+00 0.000000000000000000e+00 0.000000000000000000e+00 0.000000000000000000e+00 0.000000000000000000e+00 0.000000000000000000e+00
0.000000000000000000e+00 0.000000000000000000e+00 0.000000000000000000e+00 0.000000000000000000e+00 0.000000000000000000e+00 0.000000000000000000e+00 0.000000000000000000e+00 0.000000000000000000e+00 0.000000000000000000e+00 0.000000000000000000e+00 0.000000000000000000e+00 0.000000000000000000e+00 0.000000000000000000e+00 0.000000000000000000e+00 0.000000000000000000e+00 0.000000000000000000e+00 0.000000000000000000e+00 0.000000000000000000e+00 0.000000000000000000e+00 0.000000000000000000e+00
0.000000000000000000e+00 0.000000000000000000e+00 0.000000000000000000e+00 0.000000000000000000e+00 0.000000000000000000e+00 0.000000000000000000e+00 0.000000000000000000e+00 0.000000000000000000e+00 0.000000000000000000e+00 0.000000000000000000e+00 0.000000000000000000e+00 0.000000000000000000e+00 0.000000000000000000e+00 0.000000000000000000e+00 0.000000000000000000e+00 0.000000000000000000e+00 0.000000000000000000e+00 0.000000000000000000e+00 0.000000000000000000e+00 0.000000000000000000e+00
0.000000000000000000e+00 0.000000000000000000e+00 0.000000000000000000e+00 0.000000000000000000e+00 0.000000000000000000e+00 0.000000000000000000e+00 0.000000000000000000e+00 0.000000000000000000e+00 0.000000000000000000e+00 0.000000000000000000e+00 0.000000000000000000e+00 0.000000000000000000e+00 0.000000000000000000e+00 0.000000000000000000e+00 0.000000000000000000e+00 0.000000000000000000e+00 0.000000000000000000e+00 0.000000000000000000e+00 0.000000000000000000e+00 0.000000000000000000e+00
0.000000000000000000e+00 0.000000000000000000e+00 0.000000000000000000e+00 0.000000000000000000e+00 0.000000000000000000e+00 0.000000000000000000e+00 0.000000000000000000e+00 0.000000000000000000e+00 0.000000000000000000e+00 0.000000000000000000e+00 0.000000000000000000e+00 0.000000000000000000e+00 0.000000000000000000e+00 0.000000000000000000e+00 0.000000000000000000e+00 0.000000000000000000e+00 0.000000000000000000e+00 0.000000000000000000e+00 0.000000000000000000e+00 0.000000000000000000e+00
0.000000000000000000e+00 0.000000000000000000e+00 0.000000000000000000e+00 0.000000000000000000e+00 0.000000000000000000e+00 0.000000000000000000e+00 0.000000000000000000e+00 0.000000000000000000e+00 0.000000000000000000e+00 0.000000000000000000e+00 0.000000000000000000e+00 0.000000000000000000e+00 0.000000000000000000e+00 0.000000000000000000e+00 0.000000000000000000e+00 0.000000000000000000e+00 0.000000000000000000e+00 0.000000000000000000e+00 0.000000000000000000e+00 0.000000000000000000e+00
