6.088344399999999441e+05 3.215660399999999790e+05 1.817907079999999842e+05 9.162566800000000512e+04 4.585731200000000536e+04 1.620603200000000106e+04 3.939335600000000341e+03 5.753771600000000035e+02 2.526516319999999638e+01 0.000000000000000000e+00
3.215660399999999790e+05 2.403134800000000105e+05 1.127358200000000070e+05 5.687275600000000850e+04 2.825142400000000271e+04 9.875105999999999767e+03 2.475024480000000494e+03 3.409991599999999607e+02 1.160089080000000195e+01 0.000000000000000000e+00
1.817907079999999842e+05 1.127358200000000070e+05 8.311372799999998824e+04 3.247119599999999991e+04 1.620192120000000068e+04 5.896433600000001206e+03 1.379808559999999943e+03 2.134517759999999953e+02 9.471074800000000238e+00 0.000000000000000000e+00
9.162566800000000512e+04 5.687275600000000850e+04 3.247119599999999991e+04 2.471478799999999683e+04 8.422011599999999817e+03 2.929263199999999870e+03 6.941427199999999402e+02 1.056375720000000058e+02 2.604356840000000339e+00 0.000000000000000000e+00
4.585731200000000536e+04 2.825142400000000271e+04 1.620192120000000068e+04 8.422011599999999817e+03 7.356041600000000471e+03 1.565940800000000081e+03 3.769438000000000670e+02 5.322864400000000273e+01 9.791772799999999277e-01 0.000000000000000000e+00
1.620603200000000106e+04 9.875105999999999767e+03 5.896433600000001206e+03 2.929263199999999870e+03 1.565940800000000081e+03 1.442011439999999993e+03 1.362908759999999972e+02 2.225200400000000300e+01 -2.369583160000000299e-01 0.000000000000000000e+00
3.939335600000000341e+03 2.475024480000000494e+03 1.379808559999999943e+03 6.941427199999999402e+02 3.769438000000000670e+02 1.362908759999999972e+02 1.981130640000000085e+02 7.456345999999999918e+00 4.498228000000000226e-01 0.000000000000000000e+00
5.753771600000000035e+02 3.409991599999999607e+02 2.134517759999999953e+02 1.056375720000000058e+02 5.322864400000000273e+01 2.225200400000000300e+01 7.456345999999999918e+00 1.663518039999999942e+01 7.711472799999999350e-02 0.000000000000000000e+00
2.526516319999999638e+01 1.160089080000000195e+01 9.471074800000000238e+00 2.604356840000000339e+00 9.791772799999999277e-01 -2.369583160000000299e-01 4.498228000000000226e-01 7.711472799999999350e-02 7.523558799999999769e-01 0.000000000000000000e+00
0.000000000000000000e+00 0.000000000000000000e+00 0.000000000000000000e+00 0.000000000000000000e+00 0.000000000000000000e+00 0.000000000000000000e+00 0.000000000000000000e+00 0.000000000000000000e+00 0.000000000000000000e+00 0.000000000000000000e+00
