1.849197778991488274e+06 1.108045784015839687e+06 7.928692929944581119e+05 5.500005427062651142e+05 3.887445779083425878e+05 2.396333077768660733e+05 1.605101500070873881e+05 9.682001548707758775e+04 4.732690895025947248e+04 2.380009120675801751e+04 8.107294442040642025e+03 3.321265712064944182e+03 3.731828845631067679e+02 2.459049406213806321e+02
1.108045784015839687e+06 9.514704816846833564e+05 5.576685466737319948e+05 3.946990256930484902e+05 2.741822048781892518e+05 1.710356626391581376e+05 1.094248279992743046e+05 7.030780525503399258e+04 3.335698597967960814e+04 1.771224197211179853e+04 5.481829986864138846e+03 2.385261453502373115e+03 3.882494935298007022e+02 1.882816318871288104e+02
7.928692929944581119e+05 5.576685466737319948e+05 5.329526883858138463e+05 2.839471321877435548e+05 1.953775419671271811e+05 1.248212788400758582e+05 8.496736087866844900e+04 5.006263180670904694e+04 2.477844628352364816e+04 1.246014051723104967e+04 4.085192198252825619e+03 1.889561391079177611e+03 2.610813530891734899e+02 1.232936454746997867e+02
5.500005427062651142e+05 3.946990256930484902e+05 2.839471321877435548e+05 2.729530546834453708e+05 1.347788367844750755e+05 8.885771264662602334e+04 5.626085512846225174e+04 3.735810987243380805e+04 1.699127610571333935e+04 8.541937875544026610e+03 2.512711945802846458e+03 1.004913798583769676e+03 9.967804963981933497e+01 8.458791135144002737e+01
3.887445779083425878e+05 2.741822048781892518e+05 1.953775419671271811e+05 1.347788367844750755e+05 1.422290317821990757e+05 5.996604093887538329e+04 3.970228716954835545e+04 2.285420659387770502e+04 1.229090194967111165e+04 5.809252262361081193e+03 1.696432718931095906e+03 9.873373953071763935e+02 6.533308313003843182e+01 6.527033827230009422e+01
2.396333077768660733e+05 1.710356626391581376e+05 1.248212788400758582e+05 8.885771264662602334e+04 5.996604093887538329e+04 6.807656870186790184e+04 2.525281701586572672e+04 1.560231867984590099e+04 7.370983536368481509e+03 4.252056265103174155e+03 1.324826298918906787e+03 3.898259580807381326e+02 7.301148509694453992e+01 5.716840851559351933e+01
1.605101500070873881e+05 1.094248279992743046e+05 8.496736087866844900e+04 5.626085512846225174e+04 3.970228716954835545e+04 2.525281701586572672e+04 3.316962199133567628e+04 1.096240115501985929e+04 5.620747101918272165e+03 2.589413612846067736e+03 8.708358806836522490e+02 4.499590611249072367e+02 7.778793739300701304e+01 2.037639255364310742e+01
9.682001548707758775e+04 7.030780525503399258e+04 5.006263180670904694e+04 3.735810987243380805e+04 2.285420659387770502e+04 1.560231867984590099e+04 1.096240115501985929e+04 1.478364338371887607e+04 3.360269484262179958e+03 1.535537256674115497e+03 6.269152461885529419e+02 2.296853948935628864e+02 6.003898575756232958e+01 1.602346804738036568e+01
4.732690895025947248e+04 3.335698597967960814e+04 2.477844628352364816e+04 1.699127610571333935e+04 1.229090194967111165e+04 7.370983536368481509e+03 5.620747101918272165e+03 3.360269484262179958e+03 5.031133673661156536e+03 6.471818352411420392e+02 2.113246808950722766e+02 1.364073207440249291e+02 4.643119473346610349e+00 1.016466695516719199e+01
2.380009120675801751e+04 1.771224197211179853e+04 1.246014051723104967e+04 8.541937875544026610e+03 5.809252262361081193e+03 4.252056265103174155e+03 2.589413612846067736e+03 1.535537256674115497e+03 6.471818352411420392e+02 1.912100520448337193e+03 1.947286660207323052e+02 5.111352974291503415e+01 1.323132187759709666e+01 1.087838971204899430e+01
8.107294442040642025e+03 5.481829986864138846e+03 4.085192198252825619e+03 2.512711945802846458e+03 1.696432718931095906e+03 1.324826298918906787e+03 8.708358806836522490e+02 6.269152461885529419e+02 2.113246808950722766e+02 1.947286660207323052e+02 5.396057766322915086e+02 3.777240436426078674e+01 -2.133325163430010551e+00 5.396057766322892135e+00
3.321265712064944182e+03 2.385261453502373115e+03 1.889561391079177611e+03 1.004913798583769676e+03 9.873373953071763935e+02 3.898259580807381326e+02 4.499590611249072367e+02 2.296853948935628864e+02 1.364073207440249291e+02 5.111352974291503415e+01 3.777240436426078674e+01 1.405171089265130036e+02 1.160779868336899945e+00 3.043125600775118400e+00
3.731828845631067679e+02 3.882494935298007022e+02 2.610813530891734899e+02 9.967804963981933497e+01 6.533308313003843182e+01 7.301148509694453992e+01 7.778793739300701304e+01 6.003898575756232958e+01 4.643119473346610349e+00 1.323132187759709666e+01 -2.133325163430010551e+00 1.160779868336899945e+00 2.130187920542583413e+01 -1.568621443698515194e-01
2.459049406213806321e+02 1.882816318871288104e+02 1.232936454746997867e+02 8.458791135144002737e+01 6.527033827230009422e+01 5.716840851559351933e+01 2.037639255364310742e+01 1.602346804738036568e+01 1.016466695516719199e+01 1.087838971204899430e+01 5.396057766322892135e+00 3.043125600775118400e+00 -1.568621443698515194e-01 3.984298466994228516e+00
