1.114907534208191559e+06 6.242264407994364155e+05 3.963431448868258158e+05 2.311264599629927543e+05 1.141117316186665412e+05 5.917698905870964518e+04 1.970667747136295657e+04 6.836142447370496484e+03 1.314222417959409086e+03 2.847793015498554041e+02 8.588594559609320811e+01
6.242264407994364155e+05 5.147382326507341932e+05 2.551743325737731066e+05 1.491751777298562229e+05 7.822962981912182295e+04 3.565256934524435928e+04 1.470055546662252891e+04 4.177019297566937894e+03 7.306011236169997574e+02 2.814420594283795936e+02 4.056455053404245348e+01
3.963431448868258158e+05 2.551743325737731066e+05 2.261759004905642942e+05 9.543089531672513112e+04 5.087440320770555263e+04 2.402300211779091114e+04 9.369583725552360193e+03 3.220726881407414112e+03 5.687978216995023786e+02 1.508327556956310218e+02 2.436657335105111244e+01
2.311264599629927543e+05 1.491751777298562229e+05 9.543089531672513112e+04 8.903063747457569116e+04 3.020364315393847937e+04 1.316770251339352399e+04 4.532017938043971299e+03 2.104903703646929898e+03 4.214728957073419906e+02 1.186132712420644708e+02 3.475084730833501112e+01
1.141117316186665412e+05 7.822962981912182295e+04 5.087440320770555263e+04 3.020364315393847937e+04 2.946871655669054962e+04 7.660249095246674187e+03 2.678479938419311566e+03 1.220283562026778782e+03 1.130505474473483218e+02 4.702531010527545163e+01 7.107815916758692509e+00
5.917698905870964518e+04 3.565256934524435928e+04 2.402300211779091114e+04 1.316770251339352399e+04 7.660249095246674187e+03 9.388066007712504870e+03 1.147125018669501060e+03 4.850452012668474708e+02 1.531915701915931720e+02 1.667052439290525356e+01 7.141149122437276731e+00
1.970667747136295657e+04 1.470055546662252891e+04 9.369583725552360193e+03 4.532017938043971299e+03 2.678479938419311566e+03 1.147125018669501060e+03 2.494476721519961302e+03 1.495955055319171265e+02 3.811750108187385422e+01 1.433327844179550148e+01 3.176458423490114980e-01
6.836142447370496484e+03 4.177019297566937894e+03 3.220726881407414112e+03 2.104903703646929898e+03 1.220283562026778782e+03 4.850452012668474708e+02 1.495955055319171265e+02 6.327642433967528177e+02 3.267438467224023668e+01 -3.868612635521452958e+00 9.666629646792275210e-01
1.314222417959409086e+03 7.306011236169997574e+02 5.687978216995023786e+02 4.214728957073419906e+02 1.130505474473483218e+02 1.531915701915931720e+02 3.811750108187385422e+01 3.267438467224023668e+01 1.283759789522864594e+02 -1.396073084891679805e+00 -2.352932165547773069e-01
2.847793015498554041e+02 2.814420594283795936e+02 1.508327556956310218e+02 1.186132712420644708e+02 4.702531010527545163e+01 1.667052439290525356e+01 1.433327844179550148e+01 -3.868612635521452958e+00 -1.396073084891679805e+00 2.205285672159650190e+01 -4.509786650633230976e-02
8.588594559609320811e+01 4.056455053404245348e+01 2.436657335105111244e+01 3.475084730833501112e+01 7.107815916758692509e+00 7.141149122437276731e+00 3.176458423490114980e-01 9.666629646792275210e-01 -2.352932165547773069e-01 -4.509786650633230976e-02 1.001956947162426781e+00
