1.318748043242301093e+06 7.457978115764901740e+05 4.854492519778870046e+05 3.016165682103178697e+05 1.609444685420081951e+05 8.147898406807813444e+04 3.608060933096273220e+04 1.118688717601780263e+04 4.432760740206249466e+03 2.650076402374704116e+02 4.622296990477298095e+02
7.457978115764901740e+05 6.231800091727866093e+05 3.246878103876839159e+05 1.990890606381893449e+05 1.042203348008569155e+05 5.222765966067608679e+04 2.388521207271601816e+04 6.985274654762853061e+03 2.666818493077643325e+03 2.496628741303516108e+02 3.029032257342873891e+02
4.854492519778870046e+05 3.246878103876839159e+05 2.786998124028874445e+05 1.290394687286782719e+05 7.060148582552527660e+04 3.554028699641749699e+04 1.634492678992867332e+04 4.914436856365027779e+03 1.660846293050488612e+03 2.339870831340207644e+02 1.492158403997181892e+02
3.016165682103178697e+05 1.990890606381893449e+05 1.290394687286782719e+05 1.103977552644711104e+05 4.360689152581733651e+04 2.244463615678314454e+04 9.576288577880259254e+03 3.416030157587759732e+03 1.208891683260757191e+03 1.335216306962262536e+02 1.694701317976478094e+02
1.609444685420081951e+05 1.042203348008569155e+05 7.060148582552527660e+04 4.360689152581733651e+04 4.365193047658496653e+04 1.180954864666862522e+04 5.209185308342666758e+03 1.616094266181562716e+03 7.544597572586380920e+02 2.436794021165697899e+01 4.658192805668765146e+01
8.147898406807813444e+04 5.222765966067608679e+04 3.554028699641749699e+04 2.244463615678314454e+04 1.180954864666862522e+04 1.481846172439462134e+04 2.701895558798802540e+03 6.410680043700313036e+02 4.212927596282461309e+02 4.288806280645105318e+01 4.403321281490704564e+01
3.608060933096273220e+04 2.388521207271601816e+04 1.634492678992867332e+04 9.576288577880259254e+03 5.209185308342666758e+03 2.701895558798802540e+03 4.117386947774832151e+03 4.041712698169358760e+02 1.742003426129782326e+02 1.096389739357980275e+01 1.690967165390791227e-01
1.118688717601780263e+04 6.985274654762853061e+03 4.914436856365027779e+03 3.416030157587759732e+03 1.616094266181562716e+03 6.410680043700313036e+02 4.041712698169358760e+02 1.026340610574766970e+03 5.614830251910858294e+01 2.102818293755755463e-01 2.259604556917365503e+00
4.432760740206249466e+03 2.666818493077643325e+03 1.660846293050488612e+03 1.208891683260757191e+03 7.544597572586380920e+02 4.212927596282461309e+02 1.742003426129782326e+02 5.614830251910858294e+01 2.808286797369954684e+02 1.826792352774515016e-01 4.434521926608612219e+00
2.650076402374704116e+02 2.496628741303516108e+02 2.339870831340207644e+02 1.335216306962262536e+02 2.436794021165697899e+01 4.288806280645105318e+01 1.096389739357980275e+01 2.102818293755755463e-01 1.826792352774515016e-01 4.395206435932600897e+01 2.002524267366353194e-01
4.622296990477298095e+02 3.029032257342873891e+02 1.492158403997181892e+02 1.694701317976478094e+02 4.658192805668765146e+01 4.403321281490704564e+01 1.690967165390791227e-01 2.259604556917365503e+00 4.434521926608612219e+00 2.002524267366353194e-01 9.853668914410812718e+00
