1.263353293162844144e+06 7.193361098953678738e+05 4.703867142665504944e+05 2.931847615166684845e+05 1.567840113357345399e+05 7.949004460000741528e+04 3.523545133482076926e+04 1.093244636777569576e+04 4.334052029518642485e+03 2.591931250263129414e+02 4.521747389141299891e+02
7.193361098953678738e+05 6.051625432193957968e+05 3.167560830113186967e+05 1.948414557848554978e+05 1.022176634433808795e+05 5.129977608847785450e+04 2.348458261112646869e+04 6.872889365466428899e+03 2.625191907200042351e+03 2.458480780940579393e+02 2.983321908234031525e+02
4.703867142665504944e+05 3.167560830113186967e+05 2.731467951179751544e+05 1.268694298198892502e+05 6.956451790549237921e+04 3.507004216436015849e+04 1.614496758207922903e+04 4.857693161407979460e+03 1.642470180491018709e+03 2.314755841161846774e+02 1.476425718345129781e+02
2.931847615166684845e+05 1.948414557848554978e+05 1.268694298198892502e+05 1.088854006533307693e+05 4.310265846101842180e+04 2.221789530524062138e+04 9.489130326553491614e+03 3.387294870960115077e+03 1.199307171770907189e+03 1.325073356796236510e+02 1.682150420686147640e+02
1.567840113357345399e+05 1.022176634433808795e+05 6.956451790549237921e+04 4.310265846101842180e+04 4.324061871699246694e+04 1.171556297655087837e+04 5.172952738385710290e+03 1.605970320272952904e+03 7.500990881621841027e+02 2.423520130514209470e+01 4.633707744685211338e+01
7.949004460000741528e+04 5.129977608847785450e+04 3.507004216436015849e+04 2.221789530524062138e+04 1.171556297655087837e+04 1.472225734429578915e+04 2.687068140823614613e+03 6.379936351346666470e+02 4.194768249202383572e+02 4.271748346551891728e+01 4.386649867302803329e+01
3.523545133482076926e+04 2.348458261112646869e+04 1.614496758207922903e+04 9.489130326553491614e+03 5.172952738385710290e+03 2.687068140823614613e+03 4.098931361323051533e+03 4.026396344989553882e+02 1.736248252725773682e+02 1.093133068577513178e+01 1.686268051977295457e-01
1.093244636777569576e+04 6.872889365466428899e+03 4.857693161407979460e+03 3.387294870960115077e+03 1.605970320272952904e+03 6.379936351346666470e+02 4.026396344989553882e+02 1.023162748304427168e+03 5.600174631684161142e+01 2.098031180951673846e-01 2.254893325316600805e+00
4.334052029518642485e+03 2.625191907200042351e+03 1.642470180491018709e+03 1.199307171770907189e+03 7.500990881621841027e+02 4.194768249202383572e+02 1.736248252725773682e+02 5.600174631684161142e+01 2.802322601399350788e+02 1.823522428299551024e-01 4.427434024839056015e+00
2.591931250263129414e+02 2.458480780940579393e+02 2.314755841161846774e+02 1.325073356796236510e+02 2.423520130514209470e+01 4.271748346551891728e+01 1.093133068577513178e+01 2.098031180951673846e-01 1.823522428299551024e-01 4.388806721787981502e+01 1.999992340715610606e-01
4.521747389141299891e+02 2.983321908234031525e+02 1.476425718345129781e+02 1.682150420686147640e+02 4.633707744685211338e+01 4.386649867302803329e+01 1.686268051977295457e-01 2.254893325316600805e+00 4.427434024839056015e+00 1.999992340715610606e-01 9.843099559208180693e+00
