1.930021113089739112e+06 1.148664787346801953e+06 8.181546071924745338e+05 5.657574604581039166e+05 3.990183409285785165e+05 2.456056319740990002e+05 1.643441734457531711e+05 9.906408581035626412e+04 4.840081699025208945e+04 2.433222237430592213e+04 8.286722836550781722e+03 3.394238584256742797e+03 3.813401665156761737e+02 2.512652730078729633e+02
1.148664787346801953e+06 9.796880868105323752e+05 5.715665937188464450e+05 4.032646293049837113e+05 2.795275923791663954e+05 1.741144113069009036e+05 1.112819145700435038e+05 7.145153033892677922e+04 3.388349964144441037e+04 1.798595893635473840e+04 5.565309672773882994e+03 2.421205431092949311e+03 3.940566290621380290e+02 1.910865301302564490e+02
8.181546071924745338e+05 5.715665937188464450e+05 5.437227745237909257e+05 2.887751003516020719e+05 1.982705633265200304e+05 1.264837845487186132e+05 8.601199581760319415e+04 5.064304964770926745e+04 2.505380586799804223e+04 1.259450724876734057e+04 4.128330387384232381e+03 1.909214991045034139e+03 2.637677984791509402e+02 1.245549506420436359e+02
5.657574604581039166e+05 4.032646293049837113e+05 2.887751003516020719e+05 2.767219473694821936e+05 1.363448355669279699e+05 8.975832574306265451e+04 5.677362364937534585e+04 3.767250144054975681e+04 1.712612162588601495e+04 8.606925400837804773e+03 2.531267520093202620e+03 1.012175983773004418e+03 1.003873155768605585e+02 8.518477709439771672e+01
3.990183409285785165e+05 2.795275923791663954e+05 1.982705633265200304e+05 1.363448355669279699e+05 1.435709534736575151e+05 6.044304468290818477e+04 3.997764013546307251e+04 2.299678126251703725e+04 1.236169782381627920e+04 5.840811740592946080e+03 1.705270678031196212e+03 9.923254901973343749e+02 6.565590698016363547e+01 6.558898280904543299e+01
2.456056319740990002e+05 1.741144113069009036e+05 1.264837845487186132e+05 8.975832574306265451e+04 6.044304468290818477e+04 6.851745740749775723e+04 2.539066553802358249e+04 1.567662878423907205e+04 7.402568506608817188e+03 4.268886422844773733e+03 1.329775263587239351e+03 3.912208037959545095e+02 7.326464657517844614e+01 5.736325137495445148e+01
1.643441734457531711e+05 1.112819145700435038e+05 8.601199581760319415e+04 5.677362364937534585e+04 3.997764013546307251e+04 2.539066553802358249e+04 3.331696612033608108e+04 1.100347580691758230e+04 5.639124868139748287e+03 2.597034364922511031e+03 8.732051655932042422e+02 4.511124987938225672e+02 7.797873841754513080e+01 2.042516755728965094e+01
9.906408581035626412e+04 7.145153033892677922e+04 5.064304964770926745e+04 3.767250144054975681e+04 2.299678126251703725e+04 1.567662878423907205e+04 1.100347580691758230e+04 1.482876414570719862e+04 3.368922741796228365e+03 1.538990380408490637e+03 6.281857646446330818e+02 2.301147811917568902e+02 6.014459062510255194e+01 1.605070546172515833e+01
4.840081699025208945e+04 3.388349964144441037e+04 2.505380586799804223e+04 1.712612162588601495e+04 1.236169782381627920e+04 7.402568506608817188e+03 5.639124868139748287e+03 3.368922741796228365e+03 5.041691452274937546e+03 6.483288235369826680e+02 2.116522766775141520e+02 1.365973512657262177e+02 4.649074959272436303e+00 1.017710426458346440e+01
2.433222237430592213e+04 1.798595893635473840e+04 1.259450724876734057e+04 8.606925400837804773e+03 5.840811740592946080e+03 4.268886422844773733e+03 2.597034364922511031e+03 1.538990380408490637e+03 6.483288235369826680e+02 1.914865761783162498e+03 1.949670474171859667e+02 5.116807466964701234e+01 1.324398035614352942e+01 1.088815480456864293e+01
8.286722836550781722e+03 5.565309672773882994e+03 4.128330387384232381e+03 2.531267520093202620e+03 1.705270678031196212e+03 1.329775263587239351e+03 8.732051655932042422e+02 6.281857646446330818e+02 2.116522766775141520e+02 1.949670474171859667e+02 5.401465768166834778e+02 3.780432994284674209e+01 -2.134892743996259057e+00 5.399704279315009181e+00
3.394238584256742797e+03 2.421205431092949311e+03 1.909214991045034139e+03 1.012175983773004418e+03 9.923254901973343749e+02 3.912208037959545095e+02 4.511124987938225672e+02 2.301147811917568902e+02 1.365973512657262177e+02 5.116807466964701234e+01 3.780432994284674209e+01 1.406138169143880816e+02 1.161450617705356514e+00 3.044704436148648163e+00
3.813401665156761737e+02 3.940566290621380290e+02 2.637677984791509402e+02 1.003873155768605585e+02 6.565590698016363547e+01 7.326464657517844614e+01 7.797873841754513080e+01 6.014459062510255194e+01 4.649074959272436303e+00 1.324398035614352942e+01 -2.134892743996259057e+00 1.161450617705356514e+00 2.131183720260601788e+01 -1.569262152546749001e-01
2.512652730078729633e+02 1.910865301302564490e+02 1.245549506420436359e+02 8.518477709439771672e+01 6.558898280904543299e+01 5.736325137495445148e+01 2.042516755728965094e+01 1.605070546172515833e+01 1.017710426458346440e+01 1.088815480456864293e+01 5.399704279315009181e+00 3.044704436148648163e+00 -1.569262152546749001e-01 3.985690740367991758e+00
