1.962526809799689567e+06 1.134155757121907081e+06 8.238993446203360800e+05 5.387546885168441804e+05 3.862650179447894334e+05 2.294922340286540857e+05 1.541513160990403558e+05 8.992731355747266207e+04 3.957296542202546698e+04 2.073377102535167433e+04 4.874612821295128924e+03 2.192990609419746306e+03 3.349679523819888800e+02 4.123026560115730632e+01
1.134155757121907081e+06 9.969960246877108002e+05 5.591049326154948212e+05 3.780803186169948895e+05 2.667444084405730828e+05 1.569859057227041048e+05 1.038425872685655486e+05 6.204906818246124749e+04 2.818343358851144149e+04 1.454064663380660932e+04 3.923229405036993739e+03 1.783347561395085904e+03 2.403555200527165425e+02 2.696786766388349932e+01
8.238993446203360800e+05 5.591049326154948212e+05 5.452800783834606409e+05 2.664049351276159286e+05 1.940821444306683843e+05 1.165141822742328659e+05 7.665412419608164055e+04 4.540544257504306006e+04 2.010595490549729948e+04 9.543976587140015909e+03 2.839394708111381078e+03 1.383993963891750809e+03 1.736992254432800280e+02 1.859203500157031286e+01
5.387546885168441804e+05 3.780803186169948895e+05 2.664049351276159286e+05 2.540760347794848203e+05 1.245261244669708976e+05 7.863141922011582938e+04 4.807654442059883149e+04 3.166538011848668611e+04 1.364031055447742256e+04 6.612683911078558594e+03 1.868222533157650332e+03 5.239033076567858416e+02 1.431351487712901474e+02 8.627296810301697150e+00
3.862650179447894334e+05 2.667444084405730828e+05 1.940821444306683843e+05 1.245261244669708976e+05 1.343767481658718898e+05 5.557562804357973073e+04 3.697628628351163206e+04 2.002892567544282792e+04 9.831963110005874114e+03 4.295152282368238048e+03 1.190606127355716126e+03 4.204276630424805035e+02 9.853932784064271289e+01 1.058114654608942828e+01
2.294922340286540857e+05 1.569859057227041048e+05 1.165141822742328659e+05 7.863141922011582938e+04 5.557562804357973073e+04 5.726805314594136871e+04 2.284760046042417162e+04 1.377909087631167313e+04 5.902085444063966861e+03 3.579569787489157079e+03 9.527695268864268883e+02 3.896642542196621548e+02 9.075726800683315787e+01 -2.683847176232060594e+00
1.541513160990403558e+05 1.038425872685655486e+05 7.665412419608164055e+04 4.807654442059883149e+04 3.697628628351163206e+04 2.284760046042417162e+04 2.997216194162083411e+04 8.988929985319089610e+03 3.982760931435421298e+03 1.715851753410316860e+03 5.655702245425831052e+02 2.432690543918568835e+02 5.169163713215304057e+01 1.269957316700697803e+01
8.992731355747266207e+04 6.204906818246124749e+04 4.540544257504306006e+04 3.166538011848668611e+04 2.002892567544282792e+04 1.377909087631167313e+04 8.988929985319089610e+03 1.250440334479537887e+04 2.563067827713564384e+03 1.005644954740031608e+03 4.342062858063955559e+02 1.625354584800543307e+02 4.345323274526811019e+01 1.879700390248268738e+00
3.957296542202546698e+04 2.818343358851144149e+04 2.010595490549729948e+04 1.364031055447742256e+04 9.831963110005874114e+03 5.902085444063966861e+03 3.982760931435421298e+03 2.563067827713564384e+03 3.818292880266532393e+03 4.877537449629681419e+02 1.793388591978404918e+02 7.696692146051560712e+01 1.069603748927861098e+01 -6.745622597231996087e-01
2.073377102535167433e+04 1.454064663380660932e+04 9.543976587140015909e+03 6.612683911078558594e+03 4.295152282368238048e+03 3.579569787489157079e+03 1.715851753410316860e+03 1.005644954740031608e+03 4.877537449629681419e+02 1.346334670830824507e+03 8.940319316717221909e+01 4.184190247662414208e+01 1.159765683869190056e+01 -1.061344097485740073e-01
4.874612821295128924e+03 3.923229405036993739e+03 2.839394708111381078e+03 1.868222533157650332e+03 1.190606127355716126e+03 9.527695268864268883e+02 5.655702245425831052e+02 4.342062858063955559e+02 1.793388591978404918e+02 8.940319316717221909e+01 3.313718422843542157e+02 1.688641325817933492e+01 3.406988610013989671e+00 3.870187635959824735e-01
2.192990609419746306e+03 1.783347561395085904e+03 1.383993963891750809e+03 5.239033076567858416e+02 4.204276630424805035e+02 3.896642542196621548e+02 2.432690543918568835e+02 1.625354584800543307e+02 7.696692146051560712e+01 4.184190247662414208e+01 1.688641325817933492e+01 8.600785113814846738e+01 8.170973377791378445e-01 -1.571139178009428872e-01
3.349679523819888800e+02 2.403555200527165425e+02 1.736992254432800280e+02 1.431351487712901474e+02 9.853932784064271289e+01 9.075726800683315787e+01 5.169163713215304057e+01 4.345323274526811019e+01 1.069603748927861098e+01 1.159765683869190056e+01 3.406988610013989671e+00 8.170973377791378445e-01 1.369040470905095397e+01 -2.748724101354696470e-02
4.123026560115730632e+01 2.696786766388349932e+01 1.859203500157031286e+01 8.627296810301697150e+00 1.058114654608942828e+01 -2.683847176232060594e+00 1.269957316700697803e+01 1.879700390248268738e+00 -6.745622597231996087e-01 -1.061344097485740073e-01 3.870187635959824735e-01 -1.571139178009428872e-01 -2.748724101354696470e-02 1.003155414000598267e+00
