1.944208824119287776e+06 1.123596243155441945e+06 8.165502617404812481e+05 5.342404868608273100e+05 3.832505137960635475e+05 2.278260991132076306e+05 1.531070621236043226e+05 8.935533339780461392e+04 3.933493835187841614e+04 2.061492672841964668e+04 4.847781193140255709e+03 2.181303289702976599e+03 3.332365166004883008e+02 4.102033614861070276e+01
1.123596243155441945e+06 9.877368774257967016e+05 5.541308814742621034e+05 3.749212620589213911e+05 2.646689273193345871e+05 1.558498571610192303e+05 1.031415732429798663e+05 6.165586412561360339e+04 2.801457546503195408e+04 1.445764254669151887e+04 3.901726756126666714e+03 1.773885320229248691e+03 2.391187839366217247e+02 2.683119131665756285e+01
8.165502617404812481e+05 5.541308814742621034e+05 5.406420852189267753e+05 2.642831375193135464e+05 1.926479549413147615e+05 1.157166161615918099e+05 7.616666945096306154e+04 4.513549673077930493e+04 1.999337150067332914e+04 9.493236843406733897e+03 2.824945703902211790e+03 1.377193396651869989e+03 1.728735947127300108e+02 1.850510118403661153e+01
5.342404868608273100e+05 3.749212620589213911e+05 2.642831375193135464e+05 2.521899996742045332e+05 1.236733893237288139e+05 7.813579189304803731e+04 4.779689161102052458e+04 3.149430208802313791e+04 1.357133464913878379e+04 6.581118100509406759e+03 1.859730065645331251e+03 5.216135276211656446e+02 1.425325465593125784e+02 8.591643442469051095e+00
3.832505137960635475e+05 2.646689273193345871e+05 1.926479549413147615e+05 1.236733893237288139e+05 1.335339054459834006e+05 5.525733247896367538e+04 3.678250755608866893e+04 1.993226125279995176e+04 9.787914673107927229e+03 4.277126741432885865e+03 1.185880840198911073e+03 4.188327391850418735e+02 9.818134542320136404e+01 1.054352586566412064e+01
2.278260991132076306e+05 1.558498571610192303e+05 1.157166161615918099e+05 7.813579189304803731e+04 5.525733247896367538e+04 5.697129200958450383e+04 2.274032936603189228e+04 1.372010999368396733e+04 5.878865707014648251e+03 3.566502232071944036e+03 9.495086166492150141e+02 3.883989246975668266e+02 9.047714970623353281e+01 -2.675771562704382767e+00
1.531070621236043226e+05 1.031415732429798663e+05 7.616666945096306154e+04 4.779689161102052458e+04 3.678250755608866893e+04 2.274032936603189228e+04 2.984604099965001296e+04 8.954833847990985305e+03 3.969033743436387795e+03 1.710424603102600940e+03 5.639103878372108056e+02 2.425977808858713729e+02 5.155731464756161131e+01 1.266755742119183736e+01
8.935533339780461392e+04 6.165586412561360339e+04 4.513549673077930493e+04 3.149430208802313791e+04 1.993226125279995176e+04 1.372010999368396733e+04 8.954833847990985305e+03 1.246216169942029046e+04 2.555297827868007516e+03 1.002881741973906060e+03 4.331123200204149839e+02 1.621544797680309671e+02 4.335837203959272301e+01 1.875742688510222189e+00
3.933493835187841614e+04 2.801457546503195408e+04 1.999337150067332914e+04 1.357133464913878379e+04 9.787914673107927229e+03 5.878865707014648251e+03 3.969033743436387795e+03 2.555297827868007516e+03 3.808041586980021748e+03 4.865827142964617451e+02 1.789492376353847192e+02 7.681321890950025022e+01 1.067639936190179561e+01 -6.733760857617646645e-01
2.061492672841964668e+04 1.445764254669151887e+04 9.493236843406733897e+03 6.581118100509406759e+03 4.277126741432885865e+03 3.566502232071944036e+03 1.710424603102600940e+03 1.002881741973906060e+03 4.865827142964617451e+02 1.343484663699787689e+03 8.923435717948323997e+01 4.177023235160868353e+01 1.157965892904671712e+01 -1.059779409366974068e-01
4.847781193140255709e+03 3.901726756126666714e+03 2.824945703902211790e+03 1.859730065645331251e+03 1.185880840198911073e+03 9.495086166492150141e+02 5.639103878372108056e+02 4.331123200204149839e+02 1.789492376353847192e+02 8.923435717948323997e+01 3.308217516157256455e+02 1.686134704569625598e+01 3.402479996982920696e+00 3.865366470131196830e-01
2.181303289702976599e+03 1.773885320229248691e+03 1.377193396651869989e+03 5.216135276211656446e+02 4.188327391850418735e+02 3.883989246975668266e+02 2.425977808858713729e+02 1.621544797680309671e+02 7.681321890950025022e+01 4.177023235160868353e+01 1.686134704569625598e+01 8.589528999067093196e+01 8.161596008583871242e-01 -1.569458048489462687e-01
3.332365166004883008e+02 2.391187839366217247e+02 1.728735947127300108e+02 1.425325465593125784e+02 9.818134542320136404e+01 9.047714970623353281e+01 5.155731464756161131e+01 4.335837203959272301e+01 1.067639936190179561e+01 1.157965892904671712e+01 3.402479996982920696e+00 8.161596008583871242e-01 1.367689869906485711e+01 -2.746225837575461473e-02
4.102033614861070276e+01 2.683119131665756285e+01 1.850510118403661153e+01 8.591643442469051095e+00 1.054352586566412064e+01 -2.675771562704382767e+00 1.266755742119183736e+01 1.875742688510222189e+00 -6.733760857617646645e-01 -1.059779409366974068e-01 3.865366470131196830e-01 -1.569458048489462687e-01 -2.746225837575461473e-02 1.002321565786702395e+00
