1.789795041048198007e+06 1.034003396348806215e+06 7.059176699763594661e+05 4.684285455581683200e+05 2.940363051223712391e+05 1.804716770182015316e+05 1.050149048830446263e+05 4.490370107755256322e+04 1.698620276503944842e+04 9.392350917125304477e+03 1.763896753475881042e+03 3.132431772260977709e+02 9.768393081017943302e+01
1.034003396348806215e+06 8.565223956512237201e+05 4.835313252738745650e+05 3.260016006941118976e+05 2.004490767414527363e+05 1.212695232103011949e+05 7.014589325825657579e+04 3.117385352699493887e+04 1.216194455377479426e+04 6.536338298672607380e+03 1.139319921682992117e+03 3.733476865438611298e+02 4.200944036928610359e+01
7.059176699763594661e+05 4.835313252738745650e+05 4.354413623555115191e+05 2.215321654850006453e+05 1.348231017896264093e+05 8.409755894052020449e+04 5.085177379154118535e+04 2.110882700679546906e+04 8.188717694060354006e+03 4.382267723477189975e+03 8.232401050541151335e+02 1.548343794367959276e+02 3.679167775018105857e+01
4.684285455581683200e+05 3.260016006941118976e+05 2.215321654850006453e+05 2.090617046724009560e+05 8.861759962128664483e+04 5.631986771699808742e+04 3.214650170676618291e+04 1.377701195377625845e+04 5.821263947455858215e+03 3.235289608555258383e+03 3.644062436508736482e+02 9.524919754769261715e+01 1.182912203333786039e+01
2.940363051223712391e+05 2.004490767414527363e+05 1.348231017896264093e+05 8.861759962128664483e+04 9.007274193851408199e+04 3.588055334728382877e+04 2.045766288903024542e+04 8.161944776215532329e+03 3.818373734064844484e+03 1.830048363494397563e+03 3.313733326268219344e+02 8.570289988120725866e+01 2.184957107500338225e+01
1.804716770182015316e+05 1.212695232103011949e+05 8.409755894052020449e+04 5.631986771699808742e+04 3.588055334728382877e+04 4.050300478796698735e+04 1.349653433404289353e+04 5.750907402650645054e+03 2.376757580307325043e+03 1.140451066050547979e+03 1.710429859449578771e+02 5.675167346106476174e+01 1.768520492247261089e+01
1.050149048830446263e+05 7.014589325825657579e+04 5.085177379154118535e+04 3.214650170676618291e+04 2.045766288903024542e+04 1.349653433404289353e+04 1.609568151712155486e+04 3.635165885794812311e+03 1.200641676329456686e+03 9.505110586397601082e+02 1.855739319133478773e+02 4.265070073948540141e+01 1.213996410149980498e+01
4.490370107755256322e+04 3.117385352699493887e+04 2.110882700679546906e+04 1.377701195377625845e+04 8.161944776215532329e+03 5.750907402650645054e+03 3.635165885794812311e+03 4.904318720650205250e+03 5.669625420939154310e+02 3.934225165877817858e+02 4.544949367954375674e+01 2.209627576805056393e+01 3.850024219394081459e+00
1.698620276503944842e+04 1.216194455377479426e+04 8.188717694060354006e+03 5.821263947455858215e+03 3.818373734064844484e+03 2.376757580307325043e+03 1.200641676329456686e+03 5.669625420939154310e+02 1.474414673141051708e+03 1.450745082390724576e+02 2.932619793386893647e+01 3.369410212182845310e+00 3.074623756449778256e+00
9.392350917125304477e+03 6.536338298672607380e+03 4.382267723477189975e+03 3.235289608555258383e+03 1.830048363494397563e+03 1.140451066050547979e+03 9.505110586397601082e+02 3.934225165877817858e+02 1.450745082390724576e+02 4.725334417132639828e+02 7.538749747926660749e-01 3.014999373372646563e+00 5.024577998022912162e-01
1.763896753475881042e+03 1.139319921682992117e+03 8.232401050541151335e+02 3.644062436508736482e+02 3.313733326268219344e+02 1.710429859449578771e+02 1.855739319133478773e+02 4.544949367954375674e+01 2.932619793386893647e+01 7.538749747926660749e-01 1.013245570900039638e+02 -1.334468403295485939e-01 -3.571366224386958721e-01
3.132431772260977709e+02 3.733476865438611298e+02 1.548343794367959276e+02 9.524919754769261715e+01 8.570289988120725866e+01 5.675167346106476174e+01 4.265070073948540141e+01 2.209627576805056393e+01 3.369410212182845310e+00 3.014999373372646563e+00 -1.334468403295485939e-01 1.177276678607330496e+01 -4.708712219969266727e-02
9.768393081017943302e+01 4.200944036928610359e+01 3.679167775018105857e+01 1.182912203333786039e+01 2.184957107500338225e+01 1.768520492247261089e+01 1.213996410149980498e+01 3.850024219394081459e+00 3.074623756449778256e+00 5.024577998022912162e-01 -3.571366224386958721e-01 -4.708712219969266727e-02 2.001035047386753973e+00
