1.174753095400605118e+06 6.532912609816853656e+05 4.127183480656795437e+05 2.397839766009528248e+05 1.180646754542734561e+05 6.110286015927005792e+04 2.031769064733028063e+04 7.040290589441922748e+03 1.352327729032651860e+03 2.928492708607234931e+02 8.827904738029995713e+01
6.532912609816853656e+05 5.350668632226051996e+05 2.639224618062289082e+05 1.537177416157023108e+05 8.039293747272438486e+04 3.656423142269380332e+04 1.505398990207954739e+04 4.272704948109148063e+03 7.467072334662511821e+02 2.874628103491488673e+02 4.141323390070541421e+01
4.127183480656795437e+05 2.639224618062289082e+05 2.327573646516639856e+05 9.784399277562816860e+04 5.201920220594615967e+04 2.451379966338328450e+04 9.546757892297471699e+03 3.277993267353473584e+03 5.784231741735667356e+02 1.532872630367247950e+02 2.475167952332945376e+01
2.397839766009528248e+05 1.537177416157023108e+05 9.784399277562816860e+04 9.094372043833494536e+04 3.076888478300361021e+04 1.338694332061985006e+04 4.600608717502508625e+03 2.134393338247904012e+03 4.270173058874497087e+02 1.200968877684074840e+02 3.516929622784500964e+01
1.180646754542734561e+05 8.039293747272438486e+04 5.201920220594615967e+04 3.076888478300361021e+04 2.993869304742818349e+04 7.766645837398185904e+03 2.711635224638415821e+03 1.234019938073889762e+03 1.142267146673696203e+02 4.748422222822240713e+01 7.173872309869617325e+00
6.110286015927005792e+04 3.656423142269380332e+04 2.451379966338328450e+04 1.338694332061985006e+04 7.766645837398185904e+03 9.499171687512460267e+03 1.158971119943542590e+03 4.895111867957781442e+02 1.544716826149655446e+02 1.679909613207823682e+01 7.192909003344628793e+00
2.031769064733028063e+04 1.505398990207954739e+04 9.546757892297471699e+03 4.600608717502508625e+03 2.711635224638415821e+03 1.158971119943542590e+03 2.516480545532159795e+03 1.507478803102839322e+02 3.837873805490265511e+01 1.442229754600476532e+01 3.194713366227460716e-01
7.040290589441922748e+03 4.272704948109148063e+03 3.277993267353473584e+03 2.134393338247904012e+03 1.234019938073889762e+03 4.895111867957781442e+02 1.507478803102839322e+02 6.369321116546733492e+02 3.286186698360550906e+01 -3.888326329518664082e+00 9.711411350942180665e-01
1.352327729032651860e+03 7.467072334662511821e+02 5.784231741735667356e+02 4.270173058874497087e+02 1.142267146673696203e+02 1.544716826149655446e+02 3.837873805490265511e+01 3.286186698360550906e+01 1.290037054133625816e+02 -1.402003879004128040e+00 -2.361838934511745203e-01
2.928492708607234931e+02 2.874628103491488673e+02 1.532872630367247950e+02 1.200968877684074840e+02 4.748422222822240713e+01 1.679909613207823682e+01 1.442229754600476532e+01 -3.888326329518664082e+00 -1.402003879004128040e+00 2.213240257408110523e+01 -4.523967871690305620e-02
8.827904738029995713e+01 4.141323390070541421e+01 2.475167952332945376e+01 3.516929622784500964e+01 7.173872309869617325e+00 7.192909003344628793e+00 3.194713366227460716e-01 9.711411350942180665e-01 -2.361838934511745203e-01 -4.523967871690305620e-02 1.004644442322880638e+00
