1.843693517718003364e+06 1.062279873009074479e+06 7.614791367374102119e+05 4.964243223946094513e+05 3.245094199853796745e+05 2.000716220296385291e+05 1.365051674281321466e+05 6.370781484446549439e+04 2.480061286530206780e+04 1.271044740178029497e+04 4.439739860065024004e+03 3.304163816774375277e+02 3.550594245579881658e+02
1.062279873009074479e+06 9.092320238356414484e+05 5.249611150692349765e+05 3.386632755848607630e+05 2.291109108191110718e+05 1.358056681461757398e+05 9.142237145230890019e+04 4.363654661249188939e+04 1.621635750475817804e+04 1.000194993125803012e+04 2.825385258175097533e+03 4.016729715342287932e+02 2.375637960945330178e+02
7.614791367374102119e+05 5.249611150692349765e+05 4.930062041122561204e+05 2.519304822515134583e+05 1.580100733070043498e+05 1.010681737278844230e+05 6.922966036434889247e+04 3.078750170227750277e+04 1.186361142918416226e+04 7.407110848993361287e+03 2.236328690530380300e+03 1.859620329272636354e+02 1.740875685984620702e+02
4.964243223946094513e+05 3.386632755848607630e+05 2.519304822515134583e+05 2.254856854867921211e+05 1.033555492817447230e+05 6.419736198926577345e+04 4.378040488508909766e+04 1.868745000210697617e+04 7.920255942647104348e+03 4.225368132015360970e+03 1.286598994335922498e+03 1.078623320223160960e+02 4.822334473290022316e+01
3.245094199853796745e+05 2.291109108191110718e+05 1.580100733070043498e+05 1.033555492817447230e+05 1.082610363777650637e+05 4.330868904454019503e+04 2.864606284442681499e+04 1.255611662026460363e+04 5.068768823648681064e+03 3.545480539673128533e+03 8.853456290378537688e+02 5.478410392116906280e+00 9.278787994837378506e+01
2.000716220296385291e+05 1.358056681461757398e+05 1.010681737278844230e+05 6.419736198926577345e+04 4.330868904454019503e+04 4.909640021292555321e+04 1.881632793991956714e+04 8.762437031108553128e+03 4.105698002075598197e+03 2.074929308634673362e+03 5.015980790514587397e+02 4.481943620007432116e+01 6.135270621665638657e+01
1.365051674281321466e+05 9.142237145230890019e+04 6.922966036434889247e+04 4.378040488508909766e+04 2.864606284442681499e+04 1.881632793991956714e+04 2.393025345337849285e+04 5.867985370766989945e+03 2.369939943551024953e+03 1.474727685632306020e+03 4.783197368269746335e+02 2.613715480562577653e+01 5.308607120836549598e+01
6.370781484446549439e+04 4.363654661249188939e+04 3.078750170227750277e+04 1.868745000210697617e+04 1.255611662026460363e+04 8.762437031108553128e+03 5.867985370766989945e+03 7.470332175505838677e+03 1.082807617924327133e+03 6.645817686054208480e+02 1.955286629570325374e+02 5.852918761800535208e+01 2.361167428127334489e+01
2.480061286530206780e+04 1.621635750475817804e+04 1.186361142918416226e+04 7.920255942647104348e+03 5.068768823648681064e+03 4.105698002075598197e+03 2.369939943551024953e+03 1.082807617924327133e+03 2.251377652505951119e+03 3.161850636295079653e+02 8.786633016877249247e+01 -5.601939330808254347e+00 1.003721646286603253e+01
1.271044740178029497e+04 1.000194993125803012e+04 7.407110848993361287e+03 4.225368132015360970e+03 3.545480539673128533e+03 2.074929308634673362e+03 1.474727685632306020e+03 6.645817686054208480e+02 3.161850636295079653e+02 8.545202568924199795e+02 5.743507416102217888e+01 1.345681121012877668e+01 8.641143377974202622e+00
4.439739860065024004e+03 2.825385258175097533e+03 2.236328690530380300e+03 1.286598994335922498e+03 8.853456290378537688e+02 5.015980790514587397e+02 4.783197368269746335e+02 1.955286629570325374e+02 8.786633016877249247e+01 5.743507416102217888e+01 1.949796454517253892e+02 5.882330413869436558e-01 -3.529398248321660159e-01
3.304163816774375277e+02 4.016729715342287932e+02 1.859620329272636354e+02 1.078623320223160960e+02 5.478410392116906280e+00 4.481943620007432116e+01 2.613715480562577653e+01 5.852918761800535208e+01 -5.601939330808254347e+00 1.345681121012877668e+01 5.882330413869436558e-01 3.124497838166979591e+01 5.784291573638273842e-01
3.550594245579881658e+02 2.375637960945330178e+02 1.740875685984620702e+02 4.822334473290022316e+01 9.278787994837378506e+01 6.135270621665638657e+01 5.308607120836549598e+01 2.361167428127334489e+01 1.003721646286603253e+01 8.641143377974202622e+00 -3.529398248321660159e-01 5.784291573638273842e-01 6.931346004342812783e+00
