2.941890223765826086e+05 1.059066140218459186e+05 4.436867714201293711e+04 1.680787288651562994e+04 6.235921216600530897e+03 2.216454256838720539e+03 1.208936546658411260e+02 4.984294637351889889e+01
1.059066140218459186e+05 8.438395723055115377e+04 2.213769561237814560e+04 9.449493223447800119e+03 3.146836968301948673e+03 9.768766510544641051e+02 5.978408477295796075e+01 -4.350963729458628748e+00
4.436867714201293711e+04 2.213769561237814560e+04 2.033532604424727833e+04 3.503892463647067416e+03 1.256191267649856627e+03 4.242258263410474228e+02 2.141168270648500993e+01 1.428229824487444688e+01
1.680787288651562994e+04 9.449493223447800119e+03 3.503892463647067416e+03 5.590284473481580790e+03 6.296838630366681855e+02 2.020462850555875889e+02 9.239180303383626836e+00 -3.372536103952833431e-01
6.235921216600530897e+03 3.146836968301948673e+03 1.256191267649856627e+03 6.296838630366681855e+02 1.294000926773397168e+03 6.334681622695934777e+01 2.223520896442470196e+00 1.033329376036300484e+00
2.216454256838720539e+03 9.768766510544641051e+02 4.242258263410474228e+02 2.020462850555875889e+02 6.334681622695934777e+01 2.416598588393886473e+02 7.647029538030253315e-01 -1.264701038981927539e+00
1.208936546658411260e+02 5.978408477295796075e+01 2.141168270648500993e+01 9.239180303383626836e+00 2.223520896442470196e+00 7.647029538030253315e-01 2.113717395383749675e+01 -1.294112691051275132e-01
4.984294637351889889e+01 -4.350963729458628748e+00 1.428229824487444688e+01 -3.372536103952833431e-01 1.033329376036300484e+00 -1.264701038981927539e+00 -1.294112691051275132e-01 2.994106180659540151e+00
