2.131551706506008748e+06 1.276871935604752973e+06 8.652360483339787461e+05 6.064686595270477701e+05 4.258230093471311266e+05 2.797317193646794185e+05 1.714138497798249882e+05 8.832020889559050556e+04 5.217633495289732673e+04 1.750021355285112077e+04 8.517898604214229636e+03 2.308392508060153887e+03 4.292831528443257412e+02 1.115515650058235053e+02
1.276871935604752973e+06 1.108510945456353482e+06 6.183958075306696119e+05 4.327933139931270853e+05 3.051652366803318728e+05 1.974926805345347093e+05 1.241456055268677737e+05 6.147359994196866319e+04 3.706653824291953060e+04 1.230283411720670665e+04 5.954090290982270744e+03 1.322198787843015452e+03 2.401523814559220114e+02 5.712518430915996248e+01
8.652360483339787461e+05 6.183958075306696119e+05 5.570305745538194897e+05 2.873176413308275514e+05 2.059579291803292581e+05 1.306970170277015714e+05 8.828321896813670173e+04 3.848248590491601499e+04 2.456163298588504040e+04 8.044216612608202922e+03 4.065509856578314157e+03 1.096108657085467485e+03 1.822271646722941512e+02 4.134391210864103527e+01
6.064686595270477701e+05 4.327933139931270853e+05 2.873176413308275514e+05 2.744630629328280338e+05 1.394511302459008293e+05 9.506196251589068561e+04 5.973316299419450661e+04 2.906932965535079711e+04 1.726158770597288094e+04 5.951532992103393553e+03 2.830591667978939313e+03 6.832626733354476301e+02 2.196381903785220402e+02 2.044603516726121128e+01
4.258230093471311266e+05 3.051652366803318728e+05 2.059579291803292581e+05 1.394511302459008293e+05 1.491163588704543072e+05 6.364563146069517097e+04 4.178245510965130961e+04 2.096430989275751926e+04 1.308914834923563649e+04 4.250539096264616092e+03 1.828972995724698876e+03 3.398800164856698416e+02 6.228800793498960076e+01 3.033820379187926619e+01
2.797317193646794185e+05 1.974926805345347093e+05 1.306970170277015714e+05 9.506196251589068561e+04 6.364563146069517097e+04 6.799447650667814014e+04 2.680241314230775606e+04 1.427694624309626670e+04 8.992717370582287913e+03 2.827803428572461144e+03 1.206117903127102181e+03 2.996631558681609135e+02 1.078309406592985624e+02 1.501308078540378510e+01
1.714138497798249882e+05 1.241456055268677737e+05 8.828321896813670173e+04 5.973316299419450661e+04 4.178245510965130961e+04 2.680241314230775606e+04 3.264894383191161251e+04 9.973344525281105234e+03 5.599241331140367038e+03 1.761082935613571863e+03 9.274933869129207551e+02 2.127734133183379583e+02 2.006414749680109821e+01 3.113209221872706767e+00
8.832020889559050556e+04 6.147359994196866319e+04 3.848248590491601499e+04 2.906932965535079711e+04 2.096430989275751926e+04 1.427694624309626670e+04 9.973344525281105234e+03 1.067986443263172805e+04 2.952420585912828756e+03 7.379304332457040800e+02 4.423481945721683246e+02 9.541926046008045148e+01 3.259763385435235250e+01 2.455080544801619968e+00
5.217633495289732673e+04 3.706653824291953060e+04 2.456163298588504040e+04 1.726158770597288094e+04 1.308914834923563649e+04 8.992717370582287913e+03 5.599241331140367038e+03 2.952420585912828756e+03 4.569902729366273888e+03 6.095072379962161904e+02 2.218666447506256816e+02 7.525036916539596632e+01 1.975428238635323197e+01 3.382480509075225683e+00
1.750021355285112077e+04 1.230283411720670665e+04 8.044216612608202922e+03 5.951532992103393553e+03 4.250539096264616092e+03 2.827803428572461144e+03 1.761082935613571863e+03 7.379304332457040800e+02 6.095072379962161904e+02 1.268976420094384821e+03 3.413495240724633106e+01 3.538645762406208917e+01 3.155920525507250662e+00 2.928073116921222852e+00
8.517898604214229636e+03 5.954090290982270744e+03 4.065509856578314157e+03 2.830591667978939313e+03 1.828972995724698876e+03 1.206117903127102181e+03 9.274933869129207551e+02 4.423481945721683246e+02 2.218666447506256816e+02 3.413495240724633106e+01 3.513969760371098232e+02 1.632530751388621582e+01 1.113345738716934186e+01 -5.945062556939546550e-01
2.308392508060153887e+03 1.322198787843015452e+03 1.096108657085467485e+03 6.832626733354476301e+02 3.398800164856698416e+02 2.996631558681609135e+02 2.127734133183379583e+02 9.541926046008045148e+01 7.525036916539596632e+01 3.538645762406208917e+01 1.632530751388621582e+01 7.917433393847055356e+01 4.590885351138573323e-01 8.494573270385614716e-01
4.292831528443257412e+02 2.401523814559220114e+02 1.822271646722941512e+02 2.196381903785220402e+02 6.228800793498960076e+01 1.078309406592985624e+02 2.006414749680109821e+01 3.259763385435235250e+01 1.975428238635323197e+01 3.155920525507250662e+00 1.113345738716934186e+01 4.590885351138573323e-01 9.847699331691979197e+00 -1.961571503663709151e-02
1.115515650058235053e+02 5.712518430915996248e+01 4.134391210864103527e+01 2.044603516726121128e+01 3.033820379187926619e+01 1.501308078540378510e+01 3.113209221872706767e+00 2.455080544801619968e+00 3.382480509075225683e+00 2.928073116921222852e+00 -5.945062556939546550e-01 8.494573270385614716e-01 -1.961571503663709151e-02 1.002300909580574828e+00
