2.211321697865474038e+06 1.318652518003045581e+06 9.137231387866771547e+05 6.112849502620258136e+05 4.592663796884874464e+05 2.938658543164578732e+05 1.951645949550684891e+05 1.045905655978915456e+05 6.559246511838250444e+04 2.500472170175460997e+04 1.123913652121435734e+04 3.420715534096816100e+03 6.313007873040450022e+02 1.782485489976986628e+02
1.318652518003045581e+06 1.104735357744188281e+06 6.388678594221541425e+05 4.300274794427623856e+05 3.150250531046835240e+05 2.037761484645535238e+05 1.362214462960662204e+05 7.455984622416067577e+04 4.181394362623959751e+04 1.596337777642265428e+04 8.306580843548892517e+03 2.177641817174800963e+03 3.867306701054718587e+02 6.382963067249127675e+01
9.137231387866771547e+05 6.388678594221541425e+05 5.964851159010428237e+05 3.001253205289392499e+05 2.295840321608499216e+05 1.413171571876331582e+05 9.766943047602729348e+04 4.993317404846719728e+04 2.993517571465952642e+04 1.099154554997649757e+04 5.131993182368096313e+03 1.417929985650041999e+03 2.954214129167619944e+02 3.640470372919158848e+01
6.112849502620258136e+05 4.300274794427623856e+05 3.001253205289392499e+05 2.755960229294075398e+05 1.466033294033809798e+05 9.629926891104408423e+04 6.323424399255788740e+04 3.515606993806924584e+04 2.089763414952056337e+04 8.106105717942338742e+03 3.744396966973043618e+03 9.665525562614531054e+02 2.148818733326762356e+02 5.900066427939812286e+01
4.592663796884874464e+05 3.150250531046835240e+05 2.295840321608499216e+05 1.466033294033809798e+05 1.609255541222771571e+05 7.304806804298660427e+04 4.847968693120242824e+04 2.587174413903692766e+04 1.665568934055891441e+04 5.569721524031337140e+03 3.034990984053100419e+03 6.649088787660600701e+02 1.142192169192952633e+02 4.441667037156429387e+01
2.938658543164578732e+05 2.037761484645535238e+05 1.413171571876331582e+05 9.629926891104408423e+04 7.304806804298660427e+04 7.032769092381374503e+04 3.064800221107143443e+04 1.711362169747869120e+04 1.024574618004405420e+04 4.100529070207404402e+03 1.585794965363114216e+03 4.516581488181384429e+02 1.414077373686659200e+02 2.681866665743367051e+01
1.951645949550684891e+05 1.362214462960662204e+05 9.766943047602729348e+04 6.323424399255788740e+04 4.847968693120242824e+04 3.064800221107143443e+04 3.638287140236305277e+04 1.186555561117422440e+04 6.983504096451011719e+03 2.439886995443825526e+03 1.457478269031320906e+03 3.138644905974186941e+02 3.111820101902681301e+01 6.745127164040500389e+00
1.045905655978915456e+05 7.455984622416067577e+04 4.993317404846719728e+04 3.515606993806924584e+04 2.587174413903692766e+04 1.711362169747869120e+04 1.186555561117422440e+04 1.368979877957359713e+04 4.078561622892693322e+03 1.349761268051811612e+03 6.733449402381529580e+02 2.541239846143689931e+02 3.655720231986179414e+01 3.378100120698089848e-01
6.559246511838250444e+04 4.181394362623959751e+04 2.993517571465952642e+04 2.089763414952056337e+04 1.665568934055891441e+04 1.024574618004405420e+04 6.983504096451011719e+03 4.078561622892693322e+03 5.855059578740976576e+03 1.020057876890482589e+03 3.692147642312348239e+02 1.024591057405464340e+02 2.249493475744202442e+01 6.372188247622312396e+00
2.500472170175460997e+04 1.596337777642265428e+04 1.099154554997649757e+04 8.106105717942338742e+03 5.569721524031337140e+03 4.100529070207404402e+03 2.439886995443825526e+03 1.349761268051811612e+03 1.020057876890482589e+03 1.809999062614134800e+03 1.189146509996137553e+02 3.689739583154340608e+01 1.508085027608411721e+01 2.441310473000296355e+00
1.123913652121435734e+04 8.306580843548892517e+03 5.131993182368096313e+03 3.744396966973043618e+03 3.034990984053100419e+03 1.585794965363114216e+03 1.457478269031320906e+03 6.733449402381529580e+02 3.692147642312348239e+02 1.189146509996137553e+02 5.026655902390590427e+02 2.604291129982158282e+01 7.413140617506143393e+00 3.413922789107535771e-01
3.420715534096816100e+03 2.177641817174800963e+03 1.417929985650041999e+03 9.665525562614531054e+02 6.649088787660600701e+02 4.516581488181384429e+02 3.138644905974186941e+02 2.541239846143689931e+02 1.024591057405464340e+02 3.689739583154340608e+01 2.604291129982158282e+01 1.270792436451691714e+02 3.488245148735981349e+00 1.502685769699195983e+00
6.313007873040450022e+02 3.867306701054718587e+02 2.954214129167619944e+02 2.148818733326762356e+02 1.142192169192952633e+02 1.414077373686659200e+02 3.111820101902681301e+01 3.655720231986179414e+01 2.249493475744202442e+01 1.508085027608411721e+01 7.413140617506143393e+00 3.488245148735981349e+00 1.367687956721639253e+01 -5.492269474077711433e-02
1.782485489976986628e+02 6.382963067249127675e+01 3.640470372919158848e+01 5.900066427939812286e+01 4.441667037156429387e+01 2.681866665743367051e+01 6.745127164040500389e+00 3.378100120698089848e-01 6.372188247622312396e+00 2.441310473000296355e+00 3.413922789107535771e-01 1.502685769699195983e+00 -5.492269474077711433e-02 2.000590211840771016e+00
