1.602383708996357629e+06 8.816324210965009406e+05 5.693081241993835429e+05 3.554161158825716120e+05 1.829584196270172833e+05 9.344445799344878469e+04 3.897281047262345965e+04 1.424364103923981565e+04 5.227022909537168744e+03 1.197504027292607589e+03 5.943590061712588124e+01
8.816324210965009406e+05 6.898436135727297515e+05 3.629322036739460891e+05 2.226752792409020476e+05 1.176068081098163384e+05 5.906096957061762078e+04 2.427071649673453066e+04 9.144738679464144298e+03 3.615829022809133676e+03 4.995576284964351430e+02 4.746051277015839531e+01
5.693081241993835429e+05 3.629322036739460891e+05 3.105269570228418452e+05 1.473683824931051931e+05 7.586969476322671107e+04 4.085942254114879324e+04 1.590790663233712803e+04 6.216437940022037765e+03 2.460808765135835074e+03 6.300025567111026703e+02 5.325429147880017666e+01
3.554161158825716120e+05 2.226752792409020476e+05 1.473683824931051931e+05 1.286588228872981854e+05 5.041034708208846860e+04 2.533970338264173552e+04 1.040901722687564325e+04 3.809737761922563095e+03 1.511998257621953599e+03 2.116360559726543613e+02 1.783902188585161852e+01
1.829584196270172833e+05 1.176068081098163384e+05 7.586969476322671107e+04 5.041034708208846860e+04 4.460762983744770463e+04 1.396148003748085466e+04 5.575449112981761573e+03 1.979225383346074523e+03 8.642912080135560018e+02 1.586619315789644702e+02 3.110734236719985191e+01
9.344445799344878469e+04 5.906096957061762078e+04 4.085942254114879324e+04 2.533970338264173552e+04 1.396148003748085466e+04 1.620980152425665256e+04 2.865847702851855502e+03 1.430473734923629536e+03 3.441452439501591130e+02 1.287582785561438072e+02 1.686319454416538832e+01
3.897281047262345965e+04 2.427071649673453066e+04 1.590790663233712803e+04 1.040901722687564325e+04 5.575449112981761573e+03 2.865847702851855502e+03 4.203714403502628556e+03 5.672026039858250215e+02 1.229754129228524278e+02 3.741168547960739943e+01 -2.066446918490690621e+00
1.424364103923981565e+04 9.144738679464144298e+03 6.216437940022037765e+03 3.809737761922563095e+03 1.979225383346074523e+03 1.430473734923629536e+03 5.672026039858250215e+02 1.152641087382928163e+03 4.166370407261458553e+01 2.015521319182705540e+01 4.654687673103905965e+00
5.227022909537168744e+03 3.615829022809133676e+03 2.460808765135835074e+03 1.511998257621953599e+03 8.642912080135560018e+02 3.441452439501591130e+02 1.229754129228524278e+02 4.166370407261458553e+01 2.653284009568710076e+02 4.211369931421590884e+00 -1.307943369911440668e+00
1.197504027292607589e+03 4.995576284964351430e+02 6.300025567111026703e+02 2.116360559726543613e+02 1.586619315789644702e+02 1.287582785561438072e+02 3.741168547960739943e+01 2.015521319182705540e+01 4.211369931421590884e+00 4.976662703005325739e+01 -2.827103054776451962e-01
5.943590061712588124e+01 4.746051277015839531e+01 5.325429147880017666e+01 1.783902188585161852e+01 3.110734236719985191e+01 1.686319454416538832e+01 -2.066446918490690621e+00 4.654687673103905965e+00 -1.307943369911440668e+00 -2.827103054776451962e-01 2.997328101173863946e+00
