1.617473809525681194e+06 8.899159683849100256e+05 5.744306973093510605e+05 3.584172917564837262e+05 1.843964597132012132e+05 9.412722566080219985e+04 3.923838721455311315e+04 1.433480838340780065e+04 5.258608204229995863e+03 1.204412491567896041e+03 5.976717238925431275e+01
8.899159683849100256e+05 6.963102786854138831e+05 3.661899960154804285e+05 2.245507727839819854e+05 1.185286539795604040e+05 5.949123602345365362e+04 2.443558447397742566e+04 9.203073323996750332e+03 3.637600562338975578e+03 5.024288564400651467e+02 4.772401777769661635e+01
5.744306973093510605e+05 3.661899960154804285e+05 3.131908671094793826e+05 1.485510332757212163e+05 7.643425518730925978e+04 4.114086856354913471e+04 1.600965522007842446e+04 6.253627328194662368e+03 2.474650087097899359e+03 6.333738126542677946e+02 5.352886014584093033e+01
3.584172917564837262e+05 2.245507727839819854e+05 1.485510332757212163e+05 1.296201478248829953e+05 5.075758695094809809e+04 2.550024406467110748e+04 1.046984498522555987e+04 3.830425814643003832e+03 1.519668295619126866e+03 2.126517833682660807e+02 1.792115521876923623e+01
1.843964597132012132e+05 1.185286539795604040e+05 7.643425518730925978e+04 5.075758695094809809e+04 4.488887990946812351e+04 1.404179443355918556e+04 5.604781953650754076e+03 1.988820399795013600e+03 8.681723466123365824e+02 1.593310608732843718e+02 3.123246148079633855e+01
9.412722566080219985e+04 5.949123602345365362e+04 4.114086856354913471e+04 2.550024406467110748e+04 1.404179443355918556e+04 1.629410006409382186e+04 2.879343664156527211e+03 1.436619418998009678e+03 3.455008783866443878e+02 1.292303150100256630e+02 1.692172702459658140e+01
3.923838721455311315e+04 2.443558447397742566e+04 1.600965522007842446e+04 1.046984498522555987e+04 5.604781953650754076e+03 2.879343664156527211e+03 4.221446724360199369e+03 5.693610773223036858e+02 1.233994964271938244e+02 3.753048959358446268e+01 -2.072606245754838650e+00
1.433480838340780065e+04 9.203073323996750332e+03 6.253627328194662368e+03 3.830425814643003832e+03 1.988820399795013600e+03 1.436619418998009678e+03 5.693610773223036858e+02 1.156551839563836893e+03 4.179019757707166605e+01 2.021090683965211809e+01 4.666642615425257823e+00
5.258608204229995863e+03 3.637600562338975578e+03 2.474650087097899359e+03 1.519668295619126866e+03 8.681723466123365824e+02 3.455008783866443878e+02 1.233994964271938244e+02 4.179019757707166605e+01 2.660393178417925242e+02 4.221505265637762960e+00 -1.310836353998433568e+00
1.204412491567896041e+03 5.024288564400651467e+02 6.333738126542677946e+02 2.126517833682660807e+02 1.593310608732843718e+02 1.292303150100256630e+02 3.753048959358446268e+01 2.021090683965211809e+01 4.221505265637762960e+00 4.987282944714435473e+01 -2.832585540787788680e-01
5.976717238925431275e+01 4.772401777769661635e+01 5.352886014584093033e+01 1.792115521876923623e+01 3.123246148079633855e+01 1.692172702459658140e+01 -2.072606245754838650e+00 4.666642615425257823e+00 -1.310836353998433568e+00 -2.832585540787788680e-01 3.002557083290747553e+00
