2.042288892459983472e+06 1.231788114046761300e+06 8.385351141884443350e+05 5.896071027915879386e+05 4.148746699959681137e+05 2.729396880679883761e+05 1.674195313896632870e+05 8.632124588984565344e+04 5.101958108310083480e+04 1.711762856300378553e+04 8.333587693062125254e+03 2.258756055621728592e+03 4.201003519441791241e+02 1.091721309278102297e+02
1.231788114046761300e+06 1.076703233458791161e+06 6.034211792999875033e+05 4.236451618982095970e+05 2.993575516025466495e+05 1.940185903086959152e+05 1.220840501070333412e+05 6.049418401431046368e+04 3.649326416488733958e+04 1.211637712784488394e+04 5.865193224596922846e+03 1.302638148597697636e+03 2.366265447819154701e+02 5.628998050711244616e+01
8.385351141884443350e+05 6.034211792999875033e+05 5.460482598028955981e+05 2.825413277676434955e+05 2.029699089694264985e+05 1.289899864047628653e+05 8.721751696722526685e+04 3.804399155946961400e+04 2.429326578865611373e+04 7.958832265501270740e+03 4.023276749093282433e+03 1.084872315899494652e+03 1.803797013644964125e+02 4.092729424289771600e+01
5.896071027915879386e+05 4.236451618982095970e+05 2.825413277676434955e+05 2.707517611529974965e+05 1.378614602732573985e+05 9.411628858653665520e+04 5.919823603617921617e+04 2.882874057621578686e+04 1.712683441010446768e+04 5.906934241215431030e+03 2.810022571911781597e+03 6.783915196405660026e+02 2.180972039782801346e+02 2.030384381187894149e+01
4.148746699959681137e+05 2.993575516025466495e+05 2.029699089694264985e+05 1.378614602732573985e+05 1.477337008973249467e+05 6.314806796849690727e+04 4.149737833418701484e+04 2.083553589332517004e+04 1.301491094167208212e+04 4.227764201271337697e+03 1.819589110029763333e+03 3.381830186006236545e+02 6.198407634776330610e+01 3.019204123759105585e+01
2.729396880679883761e+05 1.940185903086959152e+05 1.289899864047628653e+05 9.411628858653665520e+04 6.314806796849690727e+04 6.756196675104260794e+04 2.665862731836824605e+04 1.421008283516111624e+04 8.954842176614989512e+03 2.816781369556589198e+03 1.201691476365348080e+03 2.986047387992454674e+02 1.074623335541730000e+02 1.496268779607878763e+01
1.674195313896632870e+05 1.220840501070333412e+05 8.721751696722526685e+04 5.919823603617921617e+04 4.149737833418701484e+04 2.665862731836824605e+04 3.250635394318962790e+04 9.936589397252941126e+03 5.581249213965687886e+03 1.755977588933837524e+03 9.250160653490090681e+02 2.122344813324037602e+02 2.001560962159234691e+01 3.105870458522957733e+00
8.632124588984565344e+04 6.049418401431046368e+04 3.804399155946961400e+04 2.882874057621578686e+04 2.083553589332517004e+04 1.421008283516111624e+04 9.936589397252941126e+03 1.064779451671938477e+04 2.944949506167738036e+03 7.362952194577153477e+02 4.414688975609320778e+02 9.524277250776853521e+01 3.254105184952760510e+01 2.450971005779416956e+00
5.101958108310083480e+04 3.649326416488733958e+04 2.429326578865611373e+04 1.712683441010446768e+04 1.301491094167208212e+04 8.954842176614989512e+03 5.581249213965687886e+03 2.944949506167738036e+03 4.560498221130991624e+03 6.084447286889909492e+02 2.215305241631266426e+02 7.514677103717988871e+01 1.972933620811746280e+01 3.378418434365575873e+00
1.711762856300378553e+04 1.211637712784488394e+04 7.958832265501270740e+03 5.906934241215431030e+03 4.227764201271337697e+03 2.816781369556589198e+03 1.755977588933837524e+03 7.362952194577153477e+02 6.084447286889909492e+02 1.267163774648537583e+03 3.409398707879060453e+01 3.534888423374584221e+01 3.152929101834258674e+00 2.925478992497681396e+00
8.333587693062125254e+03 5.865193224596922846e+03 4.023276749093282433e+03 2.810022571911781597e+03 1.819589110029763333e+03 1.201691476365348080e+03 9.250160653490090681e+02 4.414688975609320778e+02 2.215305241631266426e+02 3.409398707879060453e+01 3.510555183229363365e+02 1.631170223766022787e+01 1.112544758943183076e+01 -5.941153718008271856e-01
2.258756055621728592e+03 1.302638148597697636e+03 1.084872315899494652e+03 6.783915196405660026e+02 3.381830186006236545e+02 2.986047387992454674e+02 2.122344813324037602e+02 9.524277250776853521e+01 7.514677103717988871e+01 3.534888423374584221e+01 1.631170223766022787e+01 7.911930484334848757e+01 4.588217722818158650e-01 8.490163564018209374e-01
4.201003519441791241e+02 2.366265447819154701e+02 1.803797013644964125e+02 2.180972039782801346e+02 6.198407634776330610e+01 1.074623335541730000e+02 2.001560962159234691e+01 3.254105184952760510e+01 1.972933620811746280e+01 3.152929101834258674e+00 1.112544758943183076e+01 4.588217722818158650e-01 9.843099559208180693e+00 -1.960776804623146075e-02
1.091721309278102297e+02 5.628998050711244616e+01 4.092729424289771600e+01 2.030384381187894149e+01 3.019204123759105585e+01 1.496268779607878763e+01 3.105870458522957733e+00 2.450971005779416956e+00 3.378418434365575873e+00 2.925478992497681396e+00 -5.941153718008271856e-01 8.490163564018209374e-01 -1.960776804623146075e-02 1.001956947162428113e+00
