1.818077016876983456e+06 1.036376564865806606e+06 6.898825381441162899e+05 4.885793468331468757e+05 2.796389262382104062e+05 1.683728052303713921e+05 8.179241906718714745e+04 3.081933571342735740e+04 1.401029404868858910e+04 4.003341130458771659e+03 1.169253197815342901e+03 3.827003657186433117e+01
1.036376564865806606e+06 8.598031845984907122e+05 4.849943195368730230e+05 3.334132951274837251e+05 1.943773064244882262e+05 1.141194035928744270e+05 5.499208123749063816e+04 2.190526040843858937e+04 9.030568800044009549e+03 3.087663983061735053e+03 8.512921239663120332e+02 1.515623544269408001e+02
6.898825381441162899e+05 4.849943195368730230e+05 4.029785895130608114e+05 2.268990726446786721e+05 1.268386064316884731e+05 7.432177320289127238e+04 3.741028403287388937e+04 1.489384626918909453e+04 5.851473368575593668e+03 1.824566251057781983e+03 6.702969004154069808e+02 1.001844218518154150e+02
4.885793468331468757e+05 3.334132951274837251e+05 2.268990726446786721e+05 2.084695650212696055e+05 9.258883130291459383e+04 5.284764813394797238e+04 2.853157251079359048e+04 1.083269137497572592e+04 4.499190083979114206e+03 1.283157434347321214e+03 4.152045495991912958e+02 3.583467612025396676e+01
2.796389262382104062e+05 1.943773064244882262e+05 1.268386064316884731e+05 9.258883130291459383e+04 8.747024191728874575e+04 3.077968271532564177e+04 1.673355136167684395e+04 6.738455504615597420e+03 2.717904294110473984e+03 9.435617829062705368e+02 2.332536334468575490e+02 7.924040500754156113e+00
1.683728052303713921e+05 1.141194035928744270e+05 7.432177320289127238e+04 5.284764813394797238e+04 3.077968271532564177e+04 3.386799533069420431e+04 1.024653358851387202e+04 4.014760543989222242e+03 1.783256380423632891e+03 3.880302981689901571e+02 1.526581987864865084e+02 1.939438508433068975e+01
8.179241906718714745e+04 5.499208123749063816e+04 3.741028403287388937e+04 2.853157251079359048e+04 1.673355136167684395e+04 1.024653358851387202e+04 1.140327297583875588e+04 2.250201027424032873e+03 8.336135198962274444e+02 2.599726552821626910e+02 9.859444008930790915e+01 6.325904441501106312e+00
3.081933571342735740e+04 2.190526040843858937e+04 1.489384626918909453e+04 1.083269137497572592e+04 6.738455504615597420e+03 4.014760543989222242e+03 2.250201027424032873e+03 3.293393349386742557e+03 2.044932194323432384e+02 1.183421658400732213e+02 4.043793119407769865e+01 8.618005544044208932e+00
1.401029404868858910e+04 9.030568800044009549e+03 5.851473368575593668e+03 4.499190083979114206e+03 2.717904294110473984e+03 1.783256380423632891e+03 8.336135198962274444e+02 2.044932194323432384e+02 8.992909254064607012e+02 6.292671845302019307e+01 5.223733701333150847e-01 5.438973479162267921e-01
4.003341130458771659e+03 3.087663983061735053e+03 1.824566251057781983e+03 1.283157434347321214e+03 9.435617829062705368e+02 3.880302981689901571e+02 2.599726552821626910e+02 1.183421658400732213e+02 6.292671845302019307e+01 1.899828178831855610e+02 4.067679416402712356e+00 9.029268715754243946e-01
1.169253197815342901e+03 8.512921239663120332e+02 6.702969004154069808e+02 4.152045495991912958e+02 2.332536334468575490e+02 1.526581987864865084e+02 9.859444008930790915e+01 4.043793119407769865e+01 5.223733701333150847e-01 4.067679416402712356e+00 3.736244217341373997e+01 1.785824314486872177e+00
3.827003657186433117e+01 1.515623544269408001e+02 1.001844218518154150e+02 3.583467612025396676e+01 7.924040500754156113e+00 1.939438508433068975e+01 6.325904441501106312e+00 8.618005544044208932e+00 5.438973479162267921e-01 9.029268715754243946e-01 1.785824314486872177e+00 2.996223155861317711e+00
