1.835206611366971396e+06 1.046115033460171893e+06 6.960894305366999470e+05 4.927038868211710360e+05 2.818357830345759867e+05 1.696025884534555371e+05 8.234946454952027125e+04 3.101636545031708010e+04 1.409505169204938284e+04 4.026407526753726870e+03 1.175720070201816952e+03 3.847518898420579347e+01
1.046115033460171893e+06 8.678608146815276705e+05 4.893456250802981667e+05 3.362195545456747641e+05 1.958994590946631215e+05 1.149500574728406646e+05 5.536522307162168727e+04 2.204475227692011322e+04 9.084974219256091601e+03 3.105377010613084167e+03 8.559790824145546821e+02 1.523710283444885647e+02
6.960894305366999470e+05 4.893456250802981667e+05 4.064330889633364277e+05 2.287182414608228719e+05 1.277812601208624837e+05 7.483310917854950821e+04 3.764921546792236040e+04 1.498275565479648503e+04 5.884395489759966040e+03 1.834306760703241252e+03 6.737205201527400504e+02 1.006790894981942301e+02
4.927038868211710360e+05 3.362195545456747641e+05 2.287182414608228719e+05 2.100253607537637872e+05 9.322562505788770795e+04 5.318196606926151435e+04 2.869799994645701372e+04 1.089136210028563801e+04 4.522014595635299884e+03 1.289297886019226098e+03 4.170956539262035676e+02 3.599179971436144854e+01
2.818357830345759867e+05 1.958994590946631215e+05 1.277812601208624837e+05 9.322562505788770795e+04 8.802066630122611241e+04 3.095640251709075528e+04 1.682138169958285289e+04 6.771015599365470734e+03 2.730105313572219075e+03 9.475263384122781645e+02 2.341798918064858697e+02 7.954161213163725819e+00
1.696025884534555371e+05 1.149500574728406646e+05 7.483310917854950821e+04 5.318196606926151435e+04 3.095640251709075528e+04 3.404378661901349551e+04 1.029467249231561073e+04 4.031949824886991792e+03 1.790280367834945764e+03 3.894472201906687019e+02 1.531804494587590568e+02 1.945744175155855160e+01
8.234946454952027125e+04 5.536522307162168727e+04 3.764921546792236040e+04 2.869799994645701372e+04 1.682138169958285289e+04 1.029467249231561073e+04 1.145123390693453075e+04 2.258728275236211175e+03 8.364870281020459970e+02 2.607941462128237049e+02 9.888327207923578044e+01 6.343362785682143290e+00
3.101636545031708010e+04 2.204475227692011322e+04 1.498275565479648503e+04 1.089136210028563801e+04 6.771015599365470734e+03 4.031949824886991792e+03 2.258728275236211175e+03 3.304503215310794531e+03 2.051130431090593902e+02 1.186668972332287524e+02 4.053957931614724686e+01 8.638206795929704640e+00
1.409505169204938284e+04 9.084974219256091601e+03 5.884395489759966040e+03 4.522014595635299884e+03 2.730105313572219075e+03 1.790280367834945764e+03 8.364870281020459970e+02 2.051130431090593902e+02 9.017089239776286149e+02 6.307785977303128533e+01 5.235077662849045854e-01 5.449862683682177300e-01
4.026407526753726870e+03 3.105377010613084167e+03 1.834306760703241252e+03 1.289297886019226098e+03 9.475263384122781645e+02 3.894472201906687019e+02 2.607941462128237049e+02 1.186668972332287524e+02 6.307785977303128533e+01 1.903846360017215034e+02 4.075346367107085754e+00 9.044757028953861466e-01
1.175720070201816952e+03 8.559790824145546821e+02 6.737205201527400504e+02 4.170956539262035676e+02 2.341798918064858697e+02 1.531804494587590568e+02 9.888327207923578044e+01 4.053957931614724686e+01 5.235077662849045854e-01 4.075346367107085754e+00 3.742426663227483630e+01 1.788476727790511145e+00
3.847518898420579347e+01 1.523710283444885647e+02 1.006790894981942301e+02 3.599179971436144854e+01 7.954161213163725819e+00 1.945744175155855160e+01 6.343362785682143290e+00 8.638206795929704640e+00 5.449862683682177300e-01 9.044757028953861466e-01 1.788476727790511145e+00 3.000165665497511736e+00
