1.535074683935732581e+06 8.503991020867284387e+05 5.516764460920101264e+05 3.454976670585496468e+05 1.782357134968003666e+05 9.116672537252621260e+04 3.806127972855373810e+04 1.391998394613949495e+04 5.110729447267385694e+03 1.171226887151986148e+03 5.814291458749563901e+01
8.503991020867284387e+05 6.699742950126188807e+05 3.541072497730735922e+05 2.179476849429833819e+05 1.153578209642207512e+05 5.801704840284549573e+04 2.386582820990905384e+04 8.998316519927258923e+03 3.559660877524111129e+03 4.919510571727142860e+02 4.674687979901904100e+01
5.516764460920101264e+05 3.541072497730735922e+05 3.043760245403299341e+05 1.449060078048025607e+05 7.476265878270567919e+04 4.032265342120923742e+04 1.571479668046526785e+04 6.145162740644960650e+03 2.433774993202315727e+03 6.232760444391502688e+02 5.269587662424550700e+01
3.454976670585496468e+05 2.179476849429833819e+05 1.449060078048025607e+05 1.269090492759989284e+05 4.983185229835693463e+04 2.508588040027318493e+04 1.031517030035826065e+04 3.777963963066812539e+03 1.500115823698549093e+03 2.100384113112252180e+02 1.770777532255110742e+01
1.782357134968003666e+05 1.153578209642207512e+05 7.476265878270567919e+04 4.983185229835693463e+04 4.419069350990285602e+04 1.385139793429038218e+04 5.537080755664695971e+03 1.966945408450428431e+03 8.593457286085516671e+02 1.578033172360661069e+02 3.094497953056157513e+01
9.116672537252621260e+04 5.801704840284549573e+04 4.032265342120923742e+04 2.508588040027318493e+04 1.385139793429038218e+04 1.610572655588746420e+04 2.850326339130031556e+03 1.423696508515184632e+03 3.426810405903702303e+02 1.282504892367885247e+02 1.679993566201077471e+01
3.806127972855373810e+04 2.386582820990905384e+04 1.571479668046526785e+04 1.031517030035826065e+04 5.537080755664695971e+03 2.850326339130031556e+03 4.185174168297240612e+03 5.650860712083497219e+02 1.225760011642080798e+02 3.730181793114979172e+01 -2.060776421658855551e+00
1.391998394613949495e+04 8.998316519927258923e+03 6.145162740644960650e+03 3.777963963066812539e+03 1.966945408450428431e+03 1.423696508515184632e+03 5.650860712083497219e+02 1.149123050233413551e+03 4.155670359718250495e+01 2.010972690821503051e+01 4.645080250152235912e+00
5.110729447267385694e+03 3.559660877524111129e+03 2.433774993202315727e+03 1.500115823698549093e+03 8.593457286085516671e+02 3.426810405903702303e+02 1.225760011642080798e+02 4.155670359718250495e+01 2.647754565890908793e+02 4.203905469112019233e+00 -1.305877351879014103e+00
1.171226887151986148e+03 4.919510571727142860e+02 6.232760444391502688e+02 2.100384113112252180e+02 1.578033172360661069e+02 1.282504892367885247e+02 3.730181793114979172e+01 2.010972690821503051e+01 4.203905469112019233e+00 4.969392733636895088e+01 -2.823518598657326351e-01
5.814291458749563901e+01 4.674687979901904100e+01 5.269587662424550700e+01 1.770777532255110742e+01 3.094497953056157513e+01 1.679993566201077471e+01 -2.060776421658855551e+00 4.645080250152235912e+00 -1.305877351879014103e+00 -2.823518598657326351e-01 2.994106180659540151e+00
