3.243442080985249486e+05 1.255357962200223265e+05 5.389106110421074845e+04 2.211219652656115431e+04 6.806018231259011372e+03 2.427391697095081327e+03 6.038803627783914862e+02 -6.172165473092960042e+00
1.255357962200223265e+05 9.250398267282175948e+04 2.864899526931833316e+04 1.079811809252492822e+04 3.509443394256463307e+03 1.463051297988912211e+03 2.561136480798659250e+02 -1.945526304159644937e+01
5.389106110421074845e+04 2.864899526931833316e+04 2.437845633836657726e+04 5.326895264411064090e+03 1.619822025598843766e+03 6.195415166875754949e+02 1.330142538859066121e+02 -1.125668897853244310e+00
2.211219652656115431e+04 1.079811809252492822e+04 5.326895264411064090e+03 6.218936197979458484e+03 6.654924302680254868e+02 2.634289815652518882e+02 4.901605061922462170e+01 1.368899779301975350e+01
6.806018231259011372e+03 3.509443394256463307e+03 1.619822025598843766e+03 6.654924302680254868e+02 1.264209016896061030e+03 1.161939786105588723e+02 1.685754868420981722e+01 2.318195330664586606e+00
2.427391697095081327e+03 1.463051297988912211e+03 6.195415166875754949e+02 2.634289815652518882e+02 1.161939786105588723e+02 2.995728112830341843e+02 3.359938666575369215e+00 -2.295697014831902028e+00
6.038803627783914862e+02 2.561136480798659250e+02 1.330142538859066121e+02 4.901605061922462170e+01 1.685754868420981722e+01 3.359938666575369215e+00 2.883067982145738384e+01 7.350392693578401415e-01
-6.172165473092960042e+00 -1.945526304159644937e+01 -1.125668897853244310e+00 1.368899779301975350e+01 2.318195330664586606e+00 -2.295697014831902028e+00 7.350392693578401415e-01 5.003761993679876952e+00
