1.954719339633726515e+06 1.160560032923379680e+06 7.687817534931921400e+05 5.527902923374774400e+05 3.369801620487062610e+05 2.035462012912236096e+05 1.143413215908192506e+05 5.078172597004473937e+04 2.008959324791995459e+04 7.786494151767054973e+03 1.701554212624769434e+03 5.473853576459349597e+02
1.160560032923379680e+06 9.727880629828122910e+05 5.341879553525458323e+05 3.793846872624889365e+05 2.421185212551463046e+05 1.467140455344819347e+05 8.062468479303008644e+04 3.651857830501489661e+04 1.372099213968235927e+04 4.929622454881536214e+03 1.062648142930924678e+03 4.216850137486854351e+02
7.687817534931921400e+05 5.341879553525458323e+05 4.509271105626074714e+05 2.518051004671521659e+05 1.519856438042090740e+05 9.464470375730931119e+04 5.228675980916409026e+04 2.284466394815870808e+04 9.490821253079022426e+03 3.288424239255523389e+03 7.969794053477588704e+02 2.632783678228310009e+02
5.527902923374774400e+05 3.793846872624889365e+05 2.518051004671521659e+05 2.407472030556506070e+05 1.148028391548599466e+05 6.803255016421921027e+04 3.880580860596305138e+04 1.714213697249478355e+04 7.655158449095056312e+03 2.520962803646982593e+03 4.280560507762991165e+02 2.036179328509764730e+02
3.369801620487062610e+05 2.421185212551463046e+05 1.519856438042090740e+05 1.148028391548599466e+05 1.056588048590039689e+05 4.420995444678646163e+04 2.574042077376745146e+04 1.174683199709933615e+04 4.590303270376268301e+03 1.494439964932744488e+03 2.382570296390858573e+02 1.156477973595880400e+02
2.035462012912236096e+05 1.467140455344819347e+05 9.464470375730931119e+04 6.803255016421921027e+04 4.420995444678646163e+04 4.279002204774863640e+04 1.556079196292259985e+04 7.006546266341972114e+03 2.914161188701836181e+03 1.011323585386971104e+03 1.298224382481608075e+02 5.336877739226186890e+01
1.143413215908192506e+05 8.062468479303008644e+04 5.228675980916409026e+04 3.880580860596305138e+04 2.574042077376745146e+04 1.556079196292259985e+04 1.732654889337340137e+04 4.590950330149797992e+03 1.687174090024750512e+03 6.421124108548651748e+02 1.337917180811527658e+02 4.204802256907969138e+01
5.078172597004473937e+04 3.651857830501489661e+04 2.284466394815870808e+04 1.714213697249478355e+04 1.174683199709933615e+04 7.006546266341972114e+03 4.590950330149797992e+03 5.465962070276374106e+03 8.380906720286698146e+02 1.824854933193596480e+02 5.659626498598047561e+01 1.496811025267405526e+01
2.008959324791995459e+04 1.372099213968235927e+04 9.490821253079022426e+03 7.655158449095056312e+03 4.590303270376268301e+03 2.914161188701836181e+03 1.687174090024750512e+03 8.380906720286698146e+02 1.481207733858804204e+03 9.967361488841753214e+01 2.241606198513418846e+01 2.087365028101211095e+01
7.786494151767054973e+03 4.929622454881536214e+03 3.288424239255523389e+03 2.520962803646982593e+03 1.494439964932744488e+03 1.011323585386971104e+03 6.421124108548651748e+02 1.824854933193596480e+02 9.967361488841753214e+01 4.090257448232392221e+02 7.489682926428796961e+00 3.082903815851832263e+00
1.701554212624769434e+03 1.062648142930924678e+03 7.969794053477588704e+02 4.280560507762991165e+02 2.382570296390858573e+02 1.298224382481608075e+02 1.337917180811527658e+02 5.659626498598047561e+01 2.241606198513418846e+01 7.489682926428796961e+00 8.054016176724611853e+01 1.102525444959778778e+00
5.473853576459349597e+02 4.216850137486854351e+02 2.632783678228310009e+02 2.036179328509764730e+02 1.156477973595880400e+02 5.336877739226186890e+01 4.204802256907969138e+01 1.496811025267405526e+01 2.087365028101211095e+01 3.082903815851832263e+00 1.102525444959778778e+00 1.475607813770697341e+01
