1.756490061193104775e+05 5.834998344165089657e+04 2.530003054366141077e+04 9.646223845596199681e+03 2.160454513999111896e+03 4.637609103943067907e+02 4.364482866951101769e+00
5.834998344165089657e+04 5.161084862414483359e+04 1.351241719236950121e+04 4.957786408777402357e+03 1.096830175995973832e+03 2.454676692805290088e+02 3.892982057271484564e+01
2.530003054366141077e+04 1.351241719236950121e+04 1.286152667352615390e+04 1.924702713889959568e+03 5.528976642959742094e+02 1.304050439774908341e+02 3.549708471883736394e+00
9.646223845596199681e+03 4.957786408777402357e+03 1.924702713889959568e+03 2.987659853454399581e+03 2.387223277184801589e+02 3.166517394777834227e+01 -1.381982874327116972e+00
2.160454513999111896e+03 1.096830175995973832e+03 5.528976642959742094e+02 2.387223277184801589e+02 5.907973574537143122e+02 1.791434036668881546e+01 -2.990717472715880287e+00
4.637609103943067907e+02 2.454676692805290088e+02 1.304050439774908341e+02 3.166517394777834227e+01 1.791434036668881546e+01 9.865536681424156029e+01 1.042446113251435325e+00
4.364482866951101769e+00 3.892982057271484564e+01 3.549708471883736394e+00 -1.381982874327116972e+00 -2.990717472715880287e+00 1.042446113251435325e+00 9.933478242784856249e+00
