1.438639673138230806e+06 7.979802943622984458e+05 4.538585877752751112e+05 2.888827216614681529e+05 1.580584178632311814e+05 8.648777631744259270e+04 3.885297780127960141e+04 1.606744169574460648e+04 4.781892503494615994e+03 6.785849821865417653e+02 2.713402743055369370e+01
7.979802943622984458e+05 6.744741633293572813e+05 3.044837855154225836e+05 1.923758566614264273e+05 1.056271333554057928e+05 5.705925718247714394e+04 2.625826918549046968e+04 1.153207876982868038e+04 3.484222042920221611e+03 1.391110370080969574e+02 1.485699501291357549e+01
4.538585877752751112e+05 3.044837855154225836e+05 2.491179268232930626e+05 1.112709148604602669e+05 6.208494202704032068e+04 3.241498362847477256e+04 1.629948026380714873e+04 6.800469792188035171e+03 1.822799855421567827e+03 2.985789688837133440e+02 2.733102330720267403e+01
2.888827216614681529e+05 1.923758566614264273e+05 1.112709148604602669e+05 1.068989528531112010e+05 4.058794785932682862e+04 1.995222724571482104e+04 9.445477882030631008e+03 4.012495674293254979e+03 1.211999531102387891e+03 5.938220549778508683e+01 -1.766141252369645143e+00
1.580584178632311814e+05 1.056271333554057928e+05 6.208494202704032068e+04 4.058794785932682862e+04 4.076918720942536311e+04 1.193461608839372639e+04 6.362664214290882228e+03 2.620911043871359652e+03 8.619567913698084567e+02 8.324195416174930529e+01 -1.105881451124546366e+01
8.648777631744259270e+04 5.705925718247714394e+04 3.241498362847477256e+04 1.995222724571482104e+04 1.193461608839372639e+04 1.527923942941980749e+04 2.838866394857058822e+03 1.472373943405661521e+03 4.383713184808984806e+02 2.820311342634139606e+01 1.769588070119024081e+00
3.885297780127960141e+04 2.625826918549046968e+04 1.629948026380714873e+04 9.445477882030631008e+03 6.362664214290882228e+03 2.838866394857058822e+03 4.746308167533071355e+03 7.035009818670898767e+02 1.576186589923485428e+02 8.401840212693350907e+01 5.446709222614681600e+00
1.606744169574460648e+04 1.153207876982868038e+04 6.800469792188035171e+03 4.012495674293254979e+03 2.620911043871359652e+03 1.472373943405661521e+03 7.035009818670898767e+02 1.246154257409043112e+03 9.023096585791445534e+01 -3.293441208884065219e+00 1.800410828125854845e+00
4.781892503494615994e+03 3.484222042920221611e+03 1.822799855421567827e+03 1.211999531102387891e+03 8.619567913698084567e+02 4.383713184808984806e+02 1.576186589923485428e+02 9.023096585791445534e+01 2.763165901595514242e+02 3.292674688651151982e+00 -9.762165896200002413e-01
6.785849821865417653e+02 1.391110370080969574e+02 2.985789688837133440e+02 5.938220549778508683e+01 8.324195416174930529e+01 2.820311342634139606e+01 8.401840212693350907e+01 -3.293441208884065219e+00 3.292674688651151982e+00 5.674142009532324238e+01 -1.927607136956473732e-01
2.713402743055369370e+01 1.485699501291357549e+01 2.733102330720267403e+01 -1.766141252369645143e+00 -1.105881451124546366e+01 1.769588070119024081e+00 5.446709222614681600e+00 1.800410828125854845e+00 -9.762165896200002413e-01 -1.927607136956473732e-01 2.005139427938090080e+00
