1.780598537781202234e+06 9.907100608223218005e+05 7.304136184526963625e+05 4.537899091991755413e+05 2.870417321012443281e+05 1.716906405229657830e+05 9.812603597565156815e+04 6.086414338180208870e+04 2.589943022583200946e+04 9.262333155892576542e+03 2.008082505811347801e+03 2.394461418269568753e+02 8.775260511412372466e+01
9.907100608223218005e+05 8.217238785696602426e+05 4.737350445808371296e+05 3.008169695428604027e+05 1.832409884460000903e+05 1.187657549718283699e+05 6.278398897062744072e+04 3.902799171265436598e+04 1.570673984857509276e+04 6.015380884724154384e+03 1.191934650985441294e+03 3.037106015984909391e+02 4.631943045561847327e+01
7.304136184526963625e+05 4.737350445808371296e+05 4.566626511387181818e+05 2.198903029936325620e+05 1.396781709629092657e+05 8.243828428965584317e+04 4.635778717146193958e+04 2.931627988557017670e+04 1.192386021805942437e+04 4.205976049417586182e+03 9.286748748664147115e+02 1.521915740212348567e+02 4.158023291883721129e+01
4.537899091991755413e+05 3.008169695428604027e+05 2.198903029936325620e+05 2.001400884341112396e+05 8.366716977954482718e+04 5.448542663363102474e+04 2.979451726977187354e+04 2.020296576682983869e+04 7.659060864503912853e+03 2.815424512007938119e+03 6.651700016468056447e+02 7.556833805010182203e+00 2.968616082198700656e+00
2.870417321012443281e+05 1.832409884460000903e+05 1.396781709629092657e+05 8.366716977954482718e+04 9.145940660463279346e+04 3.398377181460507563e+04 1.643713312985383163e+04 1.162574371268741743e+04 4.213960332566986835e+03 1.523256911547052368e+03 3.192183853463285459e+02 1.082544873832580947e+02 2.070188150321346399e+01
1.716906405229657830e+05 1.187657549718283699e+05 8.243828428965584317e+04 5.448542663363102474e+04 3.398377181460507563e+04 4.024244784601720312e+04 1.247102086771993891e+04 6.181811619900454389e+03 2.985596409327426954e+03 1.156419100723411702e+03 2.692087729443317130e+02 3.302928527387870616e+01 1.268622592591059917e+00
9.812603597565156815e+04 6.278398897062744072e+04 4.635778717146193958e+04 2.979451726977187354e+04 1.643713312985383163e+04 1.247102086771993891e+04 1.680493760363873662e+04 4.133693973292073679e+03 2.000580573756924878e+03 6.510092715637389347e+02 1.152838722278144701e+02 2.070384228001518778e+01 2.064697975268112273e+00
6.086414338180208870e+04 3.902799171265436598e+04 2.931627988557017670e+04 2.020296576682983869e+04 1.162574371268741743e+04 6.181811619900454389e+03 4.133693973292073679e+03 6.525465205786111255e+03 1.155760279717095727e+03 3.834965705554219539e+02 1.298191106804918036e+02 -9.411728662196647832e-01 5.207823193079200941e+00
2.589943022583200946e+04 1.570673984857509276e+04 1.192386021805942437e+04 7.659060864503912853e+03 4.213960332566986835e+03 2.985596409327426954e+03 2.000580573756924878e+03 1.155760279717095727e+03 1.991741391921728791e+03 1.610033049812142849e+02 8.614084658070427736e+01 9.121533695106734285e+00 1.011760831185525067e+00
9.262333155892576542e+03 6.015380884724154384e+03 4.205976049417586182e+03 2.815424512007938119e+03 1.523256911547052368e+03 1.156419100723411702e+03 6.510092715637389347e+02 3.834965705554219539e+02 1.610033049812142849e+02 4.512610169231907093e+02 1.916855404199613488e+01 -2.823518598657268619e-01 1.568621443698313689e-01
2.008082505811347801e+03 1.191934650985441294e+03 9.286748748664147115e+02 6.651700016468056447e+02 3.192183853463285459e+02 2.692087729443317130e+02 1.152838722278144701e+02 1.298191106804918036e+02 8.614084658070427736e+01 1.916855404199613488e+01 1.187426825111729727e+02 7.901930522631263054e-01 -2.019600108761837876e-01
2.394461418269568753e+02 3.037106015984909391e+02 1.521915740212348567e+02 7.556833805010182203e+00 1.082544873832580947e+02 3.302928527387870616e+01 2.070384228001518778e+01 -9.411728662196647832e-01 9.121533695106734285e+00 -2.823518598657268619e-01 7.901930522631263054e-01 1.080584097027814749e+01 -2.156854485085457282e-02
8.775260511412372466e+01 4.631943045561847327e+01 4.158023291883721129e+01 2.968616082198700656e+00 2.070188150321346399e+01 1.268622592591059917e+00 2.064697975268112273e+00 5.207823193079200941e+00 1.011760831185525067e+00 1.568621443698313689e-01 -2.019600108761837876e-01 -2.156854485085457282e-02 1.001956947162427003e+00
