1.858673144089702284e+06 1.027154601449901471e+06 7.538207534785184544e+05 4.668572586488988600e+05 2.946702215793642681e+05 1.759919159529378521e+05 1.004817547937061463e+05 6.228167448851549852e+04 2.648985331018530633e+04 9.470318126167439914e+03 2.052709348709923233e+03 2.447278474847737471e+02 8.968076018819033379e+01
1.027154601449901471e+06 8.461890114023272181e+05 4.856092738333676243e+05 3.073858306360355346e+05 1.868383677850824606e+05 1.209176124972732214e+05 6.385635021494271496e+04 3.966680321457458922e+04 1.595613217552977585e+04 6.108851002506654368e+03 1.210181708000990056e+03 3.083100842708936398e+02 4.701697724501396891e+01
7.538207534785184544e+05 4.856092738333676243e+05 4.659689067102661938e+05 2.236647662175992737e+05 1.417692244383056823e+05 8.354823113275620562e+04 4.693403250107086205e+04 2.965991090222449930e+04 1.205780999573356166e+04 4.251803467046612241e+03 9.385811330730767850e+02 1.537900973312797817e+02 4.201345494690624349e+01
4.668572586488988600e+05 3.073858306360355346e+05 2.236647662175992737e+05 2.029343843272759696e+05 8.465225970391574083e+04 5.504510747909857309e+04 3.006987197839913279e+04 2.037540096937075214e+04 7.720708112277809050e+03 2.837137127739467815e+03 6.701481640934750885e+02 7.612156131025115791e+00 2.990099003792100252e+00
2.946702215793642681e+05 1.868383677850824606e+05 1.417692244383056823e+05 8.465225970391574083e+04 9.233657960869690578e+04 3.425877846074242552e+04 1.655324811972027237e+04 1.169967256070005715e+04 4.238712715914943146e+03 1.531692280198897834e+03 3.209135097294325760e+02 1.088117138285714844e+02 2.080670344240559189e+01
1.759919159529378521e+05 1.209176124972732214e+05 8.354823113275620562e+04 5.504510747909857309e+04 3.425877846074242552e+04 4.050788564896833122e+04 1.254047679571593471e+04 6.211888043915957496e+03 2.998675906012938867e+03 1.161097027786992385e+03 2.702366217464926308e+02 3.315002113878565382e+01 1.273153566746244802e+00
1.004817547937061463e+05 6.385635021494271496e+04 4.693403250107086205e+04 3.006987197839913279e+04 1.655324811972027237e+04 1.254047679571593471e+04 1.688129677251754401e+04 4.149569401638579620e+03 2.007295612454806133e+03 6.529761039391169106e+02 1.156060087325185890e+02 2.075833143567862393e+01 2.069958979603774729e+00
6.228167448851549852e+04 3.966680321457458922e+04 2.965991090222449930e+04 2.037540096937075214e+04 1.169967256070005715e+04 6.211888043915957496e+03 4.149569401638579620e+03 6.545939688206955907e+03 1.158827687726342901e+03 3.843858654203614833e+02 1.300907124616594785e+02 -9.429891583529517174e-01 5.217437423811913000e+00
2.648985331018530633e+04 1.595613217552977585e+04 1.205780999573356166e+04 7.720708112277809050e+03 4.238712715914943146e+03 2.998675906012938867e+03 2.007295612454806133e+03 1.158827687726342901e+03 1.996064745730509458e+03 1.612988581622712161e+02 8.627945143431536223e+01 9.134730634771603519e+00 1.013139987918761920e+00
9.470318126167439914e+03 6.108851002506654368e+03 4.251803467046612241e+03 2.837137127739467815e+03 1.531692280198897834e+03 1.161097027786992385e+03 6.529761039391169106e+02 3.843858654203614833e+02 1.612988581622712161e+02 4.519382985767162495e+02 1.919298039700041159e+01 -2.826658598965564595e-01 1.570234694550804999e-01
2.052709348709923233e+03 1.210181708000990056e+03 9.385811330730767850e+02 6.701481640934750885e+02 3.209135097294325760e+02 2.702366217464926308e+02 1.156060087325185890e+02 1.300907124616594785e+02 8.627945143431536223e+01 1.919298039700041159e+01 1.188670978651873043e+02 7.908928505225154559e-01 -2.021219801275860040e-01
2.447278474847737471e+02 3.083100842708936398e+02 1.537900973312797817e+02 7.612156131025115791e+00 1.088117138285714844e+02 3.315002113878565382e+01 2.075833143567862393e+01 -9.429891583529517174e-01 9.134730634771603519e+00 -2.826658598965564595e-01 7.908928505225154559e-01 1.081365858338254782e+01 -2.158234565505168581e-02
8.968076018819033379e+01 4.701697724501396891e+01 4.201345494690624349e+01 2.990099003792100252e+00 2.080670344240559189e+01 1.273153566746244802e+00 2.069958979603774729e+00 5.217437423811913000e+00 1.013139987918761920e+00 1.570234694550804999e-01 -2.021219801275860040e-01 -2.158234565505168581e-02 1.002514296760952828e+00
