1.530161149811713956e+06 8.695348856659780722e+05 5.312924770967974328e+05 3.346785261392063112e+05 1.930055098747216980e+05 1.085863782690725493e+05 6.343950018573494890e+04 2.208941148356451595e+04 9.536537988135412888e+03 1.784908850685981633e+03 3.618574377395966621e+02 1.082937029192605394e+01
8.695348856659780722e+05 7.532297977412256878e+05 3.653377499013631023e+05 2.307458849498719210e+05 1.258199769761837961e+05 7.688548986867610074e+04 4.256965265910887683e+04 1.442109379176667790e+04 7.121160963690959761e+03 1.025725483588100133e+03 2.012070725831570712e+02 -1.219603172468441299e+00
5.312924770967974328e+05 3.653377499013631023e+05 3.058775874173102202e+05 1.437554063288585166e+05 8.502617830047654570e+04 4.516920544881234673e+04 2.599382006043027650e+04 1.033129572879982879e+04 4.370546007406459466e+03 6.512857410931910636e+02 5.200764396582277982e+01 -7.127423684804925053e+00
3.346785261392063112e+05 2.307458849498719210e+05 1.437554063288585166e+05 1.344132185768207419e+05 5.085145623676090327e+04 2.835804433959574089e+04 1.608827172077221621e+04 6.163846982816281525e+03 2.247038453437260614e+03 4.801354161480555831e+02 7.970165555431928794e+01 -1.109407516055743059e+01
1.930055098747216980e+05 1.258199769761837961e+05 8.502617830047654570e+04 5.085145623676090327e+04 5.555460881353539298e+04 1.751991133612287013e+04 9.373017045736884029e+03 3.315452008838754409e+03 1.876967321663106304e+03 1.926874973671154692e+02 3.498810130169439248e+01 -6.370563838220412833e+00
1.085863782690725493e+05 7.688548986867610074e+04 4.516920544881234673e+04 2.835804433959574089e+04 1.751991133612287013e+04 2.169749925896300192e+04 5.835983532538222789e+03 2.063327392281704306e+03 9.872962189942461464e+02 2.157579972503107513e+02 3.098811662026328761e+01 -9.213690204923890903e+00
6.343950018573494890e+04 4.256965265910887683e+04 2.599382006043027650e+04 1.608827172077221621e+04 9.373017045736884029e+03 5.835983532538222789e+03 8.438240233454507688e+03 1.059872411640555811e+03 5.281685655309148615e+02 1.217897296655538923e+02 2.156854485085398121e+00 -4.058807985569792276e-01
2.208941148356451595e+04 1.442109379176667790e+04 1.033129572879982879e+04 6.163846982816281525e+03 3.315452008838754409e+03 2.063327392281704306e+03 1.059872411640555811e+03 2.148476085799352404e+03 1.865424228614392348e+02 5.786448428123463827e+01 6.313701310886752793e+00 3.621554758139010399e+00
9.536537988135412888e+03 7.121160963690959761e+03 4.370546007406459466e+03 2.247038453437260614e+03 1.876967321663106304e+03 9.872962189942461464e+02 5.281685655309148615e+02 1.865424228614392348e+02 5.639801930905739482e+02 2.260579578050066374e+01 1.592150765354112263e+00 -9.548983038514916588e-01
1.784908850685981633e+03 1.025725483588100133e+03 6.512857410931910636e+02 4.801354161480555831e+02 1.926874973671154692e+02 2.157579972503107513e+02 1.217897296655538923e+02 5.786448428123463827e+01 2.260579578050066374e+01 1.145074046131869920e+02 3.364692996733316122e+00 -2.215677789224153038e-01
3.618574377395966621e+02 2.012070725831570712e+02 5.200764396582277982e+01 7.970165555431928794e+01 3.498810130169439248e+01 3.098811662026328761e+01 2.156854485085398121e+00 6.313701310886752793e+00 1.592150765354112263e+00 3.364692996733316122e+00 1.176466082773886157e+01 -2.352932165547771959e-02
1.082937029192605394e+01 -1.219603172468441299e+00 -7.127423684804925053e+00 -1.109407516055743059e+01 -6.370563838220412833e+00 -9.213690204923890903e+00 -4.058807985569792276e-01 3.621554758139010399e+00 -9.548983038514916588e-01 -2.215677789224153038e-01 -2.352932165547771959e-02 1.001956947162428113e+00
