1.126031977665430866e+06 5.423434872148653958e+05 3.006967635435105185e+05 1.841698814433896623e+05 9.344655413676679018e+04 4.380731992785147304e+04 1.478890624103666596e+04 3.902325884266185767e+03 6.877242102260300953e+02 1.490357768549071409e+02
5.423434872148653958e+05 4.241376320008935872e+05 1.803899132463037386e+05 1.111681147923546523e+05 5.492990124772058334e+04 2.574471873319198130e+04 9.382103186763759368e+03 2.674763834556581969e+03 3.693098184824531245e+02 7.641389885980689201e+01
3.006967635435105185e+05 1.803899132463037386e+05 1.493262594181500317e+05 5.955104645386405173e+04 3.216413294731482893e+04 1.467132544953681463e+04 5.102979046333551196e+03 1.180309658056335593e+03 2.328130807508076145e+02 1.938909336289319185e+01
1.841698814433896623e+05 1.111681147923546523e+05 5.955104645386405173e+04 6.197313392809013021e+04 1.902963115717780238e+04 8.984711288127335138e+03 3.654769315966549584e+03 9.213455547220771678e+02 1.381990276575633914e+02 -4.189953372889637651e-01
9.344655413676679018e+04 5.492990124772058334e+04 3.216413294731482893e+04 1.902963115717780238e+04 2.111338168880336161e+04 4.214412071956806358e+03 1.822494484915412841e+03 4.484466392646274926e+02 1.114102638631735545e+02 1.506229517581805766e+01
4.380731992785147304e+04 2.574471873319198130e+04 1.467132544953681463e+04 8.984711288127335138e+03 4.214412071956806358e+03 6.220238241204631777e+03 6.979988400576565937e+02 2.902136303295042126e+02 8.223320341716802773e+01 -3.142312991531556743e-01
1.478890624103666596e+04 9.382103186763759368e+03 5.102979046333551196e+03 3.654769315966549584e+03 1.822494484915412841e+03 6.979988400576565937e+02 1.413261112084835986e+03 5.257738476865913668e+01 7.898081595260999510e-01 3.723616063095819051e+00
3.902325884266185767e+03 2.674763834556581969e+03 1.180309658056335593e+03 9.213455547220771678e+02 4.484466392646274926e+02 2.902136303295042126e+02 5.257738476865913668e+01 3.340250955907876005e+02 8.110196320307316853e+00 -1.026945401613471365e+00
6.877242102260300953e+02 3.693098184824531245e+02 2.328130807508076145e+02 1.381990276575633914e+02 1.114102638631735545e+02 8.223320341716802773e+01 7.898081595260999510e-01 8.110196320307316853e+00 5.801958539033753937e+01 -4.726932788572159594e-01
1.490357768549071409e+02 7.641389885980689201e+01 1.938909336289319185e+01 -4.189953372889637651e-01 1.506229517581805766e+01 -3.142312991531556743e-01 3.723616063095819051e+00 -1.026945401613471365e+00 -4.726932788572159594e-01 4.989735436807086977e+00
