1.612296528680012794e+06 9.100215960041488288e+05 5.532733287926246412e+05 3.472365269111582893e+05 1.997017582898010733e+05 1.121254490580804413e+05 6.540807579743489623e+04 2.274940143145752882e+04 9.813513209934721090e+03 1.835571998566750153e+03 3.719522087837162871e+02 1.112801161405010042e+01
9.100215960041488288e+05 7.829772097707421053e+05 3.778831776443936396e+05 2.377871935351417924e+05 1.293060136888881534e+05 7.885517021905000729e+04 4.359419550605727272e+04 1.475166260734956631e+04 7.278493715264557977e+03 1.047715736321596523e+03 2.054233566272931455e+02 -1.244772119092191875e+00
5.532733287926246412e+05 3.778831776443936396e+05 3.148125559488307917e+05 1.474076637940646033e+05 8.694871364938135957e+04 4.609667699150965200e+04 2.648744387073650796e+04 1.051571828536958310e+04 4.444959265732672065e+03 6.619501299565969248e+02 5.283420039470219365e+01 -7.238444736111420141e+00
3.472365269111582893e+05 2.377871935351417924e+05 1.474076637940646033e+05 1.373185929532060400e+05 5.180902077696984634e+04 2.883333864047009411e+04 1.633318274387267411e+04 6.250683165644448309e+03 2.276848222997841731e+03 4.861932567096739035e+02 8.066902152231678258e+01 -1.122523077787878165e+01
1.997017582898010733e+05 1.293060136888881534e+05 8.694871364938135957e+04 5.180902077696984634e+04 5.644645976431935560e+04 1.776499889601243558e+04 9.489765063720597027e+03 3.352995792036417242e+03 1.896683706802433790e+03 1.945867885983543033e+02 3.531623900282376383e+01 -6.428307926127143190e+00
1.121254490580804413e+05 7.885517021905000729e+04 4.609667699150965200e+04 2.883333864047009411e+04 1.776499889601243558e+04 2.195632390396256960e+04 5.896669374765369867e+03 2.082452347186495899e+03 9.956400126063051630e+02 2.174419742682576953e+02 3.121518546095762758e+01 -9.278314119065086629e+00
6.540807579743489623e+04 4.359419550605727272e+04 2.648744387073650796e+04 1.633318274387267411e+04 9.489765063720597027e+03 5.896669374765369867e+03 8.513093012119756168e+03 1.068078785829203753e+03 5.318267662771706910e+02 1.225546855588833637e+02 2.169373630526393537e+00 -4.081095382348622902e-01
2.274940143145752882e+04 1.475166260734956631e+04 1.051571828536958310e+04 6.250683165644448309e+03 3.352995792036417242e+03 2.082452347186495899e+03 1.068078785829203753e+03 2.162690806487035388e+03 1.876244631784294938e+02 5.816283258148393998e+01 6.343248886851485580e+00 3.637370193389199979e+00
9.813513209934721090e+03 7.278493715264557977e+03 4.444959265732672065e+03 2.276848222997841731e+03 1.896683706802433790e+03 9.956400126063051630e+02 5.318267662771706910e+02 1.876244631784294938e+02 5.667919073661167886e+02 2.270393848299802997e+01 1.598305702247601268e+00 -9.582912193792525457e-01
1.835571998566750153e+03 1.047715736321596523e+03 6.619501299565969248e+02 4.861932567096739035e+02 1.945867885983543033e+02 2.174419742682576953e+02 1.225546855588833637e+02 5.816283258148393998e+01 2.270393848299802997e+01 1.149308411732525599e+02 3.375535779768640943e+00 -2.222125605088274281e-01
3.719522087837162871e+02 2.054233566272931455e+02 5.283420039470219365e+01 8.066902152231678258e+01 3.531623900282376383e+01 3.121518546095762758e+01 2.169373630526393537e+00 6.343248886851485580e+00 1.598305702247601268e+00 3.375535779768640943e+00 1.179698263306097772e+01 -2.358661747115731872e-02
1.112801161405010042e+01 -1.244772119092191875e+00 -7.238444736111420141e+00 -1.122523077787878165e+01 -6.428307926127143190e+00 -9.278314119065086629e+00 -4.081095382348622902e-01 3.637370193389199979e+00 -9.582912193792525457e-01 -2.222125605088274281e-01 -2.358661747115731872e-02 1.004083997821351826e+00
