1.290226324118263321e+06 6.712476170577351004e+05 3.711725324335668702e+05 2.433277240846630884e+05 1.203090798827157996e+05 6.054003176185036136e+04 2.441992494415066540e+04 1.072126983670426307e+04 1.768806710013107704e+03 1.608121643926688193e+02
6.712476170577351004e+05 5.383207034270759905e+05 2.431708069436037331e+05 1.488098384455826017e+05 7.622563246796966996e+04 4.002587057877665211e+04 1.598080339821394773e+04 6.941072274251938325e+03 1.042154072147384795e+03 -6.491980450392919044e-01
3.711725324335668702e+05 2.431708069436037331e+05 1.898691458078592841e+05 8.303303359266405459e+04 4.512250604663810373e+04 2.291475107321732503e+04 9.543389528164858348e+03 3.694897804766774243e+03 5.722186115014433199e+02 8.455528965638958994e+01
2.433277240846630884e+05 1.488098384455826017e+05 8.303303359266405459e+04 8.321387469787504233e+04 2.668579877604237117e+04 1.372812131516239242e+04 5.985078897399920606e+03 2.181998956409549464e+03 3.181172200446434317e+02 7.690696823092900480e+00
1.203090798827157996e+05 7.622563246796966996e+04 4.512250604663810373e+04 2.668579877604237117e+04 2.997392731248864220e+04 7.253081263322964332e+03 3.292171754067327583e+03 1.661655511485557781e+03 2.753131840379762707e+02 -8.265545625634430849e+00
6.054003176185036136e+04 4.002587057877665211e+04 2.291475107321732503e+04 1.372812131516239242e+04 7.253081263322964332e+03 9.546130569163440668e+03 1.491657474097765999e+03 7.584776213997345167e+02 1.510099034887139453e+02 1.408490107526957935e+01
2.441992494415066540e+04 1.598080339821394773e+04 9.543389528164858348e+03 5.985078897399920606e+03 3.292171754067327583e+03 1.491657474097765999e+03 2.773867245079451095e+03 2.651106058208296190e+02 5.854271666847042610e+01 -8.594856752858319737e+00
1.072126983670426307e+04 6.941072274251938325e+03 3.694897804766774243e+03 2.181998956409549464e+03 1.661655511485557781e+03 7.584776213997345167e+02 2.651106058208296190e+02 6.963867055611141268e+02 2.085588819511715997e+01 -3.537745343523717167e+00
1.768806710013107704e+03 1.042154072147384795e+03 5.722186115014433199e+02 3.181172200446434317e+02 2.753131840379762707e+02 1.510099034887139453e+02 5.854271666847042610e+01 2.085588819511715997e+01 1.508874563757611327e+02 -2.404488512525565724e+00
1.608121643926688193e+02 -6.491980450392919044e-01 8.455528965638958994e+01 7.690696823092900480e+00 -8.265545625634430849e+00 1.408490107526957935e+01 -8.594856752858319737e+00 -3.537745343523717167e+00 -2.404488512525565724e+00 1.570265027028965044e+01
