1.840843395299342694e+06 1.042247969332159148e+06 7.603285921239015879e+05 4.840078522983265575e+05 3.418429516430888325e+05 1.966884683192712837e+05 1.189316445326028188e+05 8.012632255544370855e+04 3.643829966950030939e+04 1.652993865679090231e+04 5.142176385660075539e+03 1.014068665484484768e+03 9.429963886476083701e+01
1.042247969332159148e+06 8.893910096238586120e+05 5.144841865648279781e+05 3.374201509338434553e+05 2.215794416228384944e+05 1.363722228392135585e+05 8.339062181900057476e+04 5.067443338529209723e+04 2.519077411621459760e+04 1.082799774816990248e+04 2.927235848514621011e+03 9.363022966364731019e+02 3.889396869649697663e+01
7.603285921239015879e+05 5.144841865648279781e+05 4.950795295054577291e+05 2.458872112775183632e+05 1.662273810532203061e+05 9.790744269514457847e+04 6.028608873280664557e+04 3.708718541978760913e+04 1.795369594938785303e+04 7.987359607231709560e+03 2.117560517920776874e+03 4.708001577812417509e+02 6.895855944178913433e+01
4.840078522983265575e+05 3.374201509338434553e+05 2.458872112775183632e+05 2.244966382941114134e+05 1.056339836933775223e+05 6.353579981693960144e+04 3.840013137204373197e+04 2.543855748101523204e+04 1.311093018179319733e+04 5.011310220165983992e+03 1.708260124616508392e+03 4.415237993114177470e+02 8.788201638320684239e+00
3.418429516430888325e+05 2.215794416228384944e+05 1.662273810532203061e+05 1.056339836933775223e+05 1.138693501939648995e+05 4.317727190076398256e+04 2.488699684820305629e+04 1.663049121288647802e+04 8.497214517407695894e+03 3.850508783284266428e+03 9.013455677635782877e+02 1.744522730841208045e+02 8.013694800494564063e+00
1.966884683192712837e+05 1.363722228392135585e+05 9.790744269514457847e+04 6.353579981693960144e+04 4.317727190076398256e+04 4.912137854863960820e+04 1.611832846841032006e+04 8.764431141118730011e+03 4.662672339643349915e+03 2.284189291554439478e+03 5.234019171188701876e+02 1.576954745118121650e+02 -4.241160228399719401e+00
1.189316445326028188e+05 8.339062181900057476e+04 6.028608873280664557e+04 3.840013137204373197e+04 2.488699684820305629e+04 1.611832846841032006e+04 2.342957105709480311e+04 5.925265543560431979e+03 2.773205065850733263e+03 1.512278522217629870e+03 3.632142952883808675e+02 4.457433909949666884e+01 -9.158788454394443335e+00
8.012632255544370855e+04 5.067443338529209723e+04 3.708718541978760913e+04 2.543855748101523204e+04 1.663049121288647802e+04 8.764431141118730011e+03 5.925265543560431979e+03 9.971991222461139841e+03 2.284406937780018325e+03 8.554300573297873598e+02 2.524382489344226599e+02 8.201341140697772403e+01 1.598033095767437128e+00
3.643829966950030939e+04 2.519077411621459760e+04 1.795369594938785303e+04 1.311093018179319733e+04 8.497214517407695894e+03 4.662672339643349915e+03 2.773205065850733263e+03 2.284406937780018325e+03 3.301603042268000991e+03 3.253242443158655988e+02 1.237956043366929748e+02 4.287826716349955802e+01 4.070572646397570438e+00
1.652993865679090231e+04 1.082799774816990248e+04 7.987359607231709560e+03 5.011310220165983992e+03 3.850508783284266428e+03 2.284189291554439478e+03 1.512278522217629870e+03 8.554300573297873598e+02 3.253242443158655988e+02 8.814221146518234491e+02 7.712911638665526937e+01 1.733914928328232463e+01 -5.196058532250380502e-01
5.142176385660075539e+03 2.927235848514621011e+03 2.117560517920776874e+03 1.708260124616508392e+03 9.013455677635782877e+02 5.234019171188701876e+02 3.632142952883808675e+02 2.524382489344226599e+02 1.237956043366929748e+02 7.712911638665526937e+01 2.247520804531232841e+02 1.772542231379321542e+00 8.313693651602125367e-01
1.014068665484484768e+03 9.363022966364731019e+02 4.708001577812417509e+02 4.415237993114177470e+02 1.744522730841208045e+02 1.576954745118121650e+02 4.457433909949666884e+01 8.201341140697772403e+01 4.287826716349955802e+01 1.733914928328232463e+01 1.772542231379321542e+00 4.018612061075133823e+01 -2.294108861409079048e-01
9.429963886476083701e+01 3.889396869649697663e+01 6.895855944178913433e+01 8.788201638320684239e+00 8.013694800494564063e+00 -4.241160228399719401e+00 -9.158788454394443335e+00 1.598033095767437128e+00 4.070572646397570438e+00 -5.196058532250380502e-01 8.313693651602125367e-01 -2.294108861409079048e-01 2.994106180659540151e+00
