1.956750924279167084e+06 1.122901619783540955e+06 8.260916028171706712e+05 5.398432384591832524e+05 3.519730602343452629e+05 2.235292400984519627e+05 1.446204688963332155e+05 8.438026743540412281e+04 5.137250867157190805e+04 2.124503252957181394e+04 6.459149751796682722e+03 2.371996315310628233e+03 2.982014854788390039e+02
1.122901619783540955e+06 9.475273150928032119e+05 5.646976457872876199e+05 3.761652511926894076e+05 2.373847681946493685e+05 1.541763037730786891e+05 1.009299285398566572e+05 5.597164222027974029e+04 3.415554011096937029e+04 1.454933786830538156e+04 4.379616879133105613e+03 1.589762239735675621e+03 2.288742311660011524e+02
8.260916028171706712e+05 5.646976457872876199e+05 5.405431142700293567e+05 2.699433723471135017e+05 1.766802902566483826e+05 1.151106136317245109e+05 7.665488034479245835e+04 4.286954278964706464e+04 2.386489574266111958e+04 1.035892969828267087e+04 3.511748912057867528e+03 9.310853894405679512e+02 2.237676719163023904e+02
5.398432384591832524e+05 3.761652511926894076e+05 2.699433723471135017e+05 2.522799392678631702e+05 1.173128754232185602e+05 7.267236633664630062e+04 4.915557717901508295e+04 2.776705667190632812e+04 1.735091270532123235e+04 7.689533425890606850e+03 2.201218777127641260e+03 7.460813486859740351e+02 1.311131732209204586e+02
3.519730602343452629e+05 2.373847681946493685e+05 1.766802902566483826e+05 1.173128754232185602e+05 1.211669009282194456e+05 4.663217045513779158e+04 3.079318941446763711e+04 1.744439093622295331e+04 1.168407933093213251e+04 4.827125489613120408e+03 1.382134183500050312e+03 3.743120446332372353e+02 4.733704927150447617e+01
2.235292400984519627e+05 1.541763037730786891e+05 1.151106136317245109e+05 7.267236633664630062e+04 4.663217045513779158e+04 5.754641221314004360e+04 2.063521194315719185e+04 1.046270766363000985e+04 6.615860315279848692e+03 2.910742548169027032e+03 7.419693274010303412e+02 2.373381794232031154e+02 2.674525583696740227e+01
1.446204688963332155e+05 1.009299285398566572e+05 7.665488034479245835e+04 4.915557717901508295e+04 3.079318941446763711e+04 2.063521194315719185e+04 3.097571444182551568e+04 7.255924352103209458e+03 4.900203648318361047e+03 2.165340416719408950e+03 8.103731780788056085e+02 1.170551717288470002e+02 -1.330321679178738670e+01
8.438026743540412281e+04 5.597164222027974029e+04 4.286954278964706464e+04 2.776705667190632812e+04 1.744439093622295331e+04 1.046270766363000985e+04 7.255924352103209458e+03 1.155296372500282996e+04 2.480937524534238946e+03 1.182629112678503361e+03 4.619138477197181487e+02 9.623992629655761277e+01 4.888156651754316684e+00
5.137250867157190805e+04 3.415554011096937029e+04 2.386489574266111958e+04 1.735091270532123235e+04 1.168407933093213251e+04 6.615860315279848692e+03 4.900203648318361047e+03 2.480937524534238946e+03 4.801080974173318282e+03 6.673790088158032177e+02 1.774932273094027835e+02 9.946491015418922643e+01 -2.498092407888992950e-01
2.124503252957181394e+04 1.454933786830538156e+04 1.035892969828267087e+04 7.689533425890606850e+03 4.827125489613120408e+03 2.910742548169027032e+03 2.165340416719408950e+03 1.182629112678503361e+03 6.673790088158032177e+02 1.293633159664651657e+03 1.204763436120299360e+02 3.979972817595240997e+01 7.418988874540511702e+00
6.459149751796682722e+03 4.379616879133105613e+03 3.511748912057867528e+03 2.201218777127641260e+03 1.382134183500050312e+03 7.419693274010303412e+02 8.103731780788056085e+02 4.619138477197181487e+02 1.774932273094027835e+02 1.204763436120299360e+02 3.766584511066459982e+02 8.066403070481603876e+00 3.550617965266991582e+00
2.371996315310628233e+03 1.589762239735675621e+03 9.310853894405679512e+02 7.460813486859740351e+02 3.743120446332372353e+02 2.373381794232031154e+02 1.170551717288470002e+02 9.623992629655761277e+01 9.946491015418922643e+01 3.979972817595240997e+01 8.066403070481603876e+00 7.230460125129077653e+01 -9.899696476357121577e-01
2.982014854788390039e+02 2.288742311660011524e+02 2.237676719163023904e+02 1.311131732209204586e+02 4.733704927150447617e+01 2.674525583696740227e+01 -1.330321679178738670e+01 4.888156651754316684e+00 -2.498092407888992950e-01 7.418988874540511702e+00 3.550617965266991582e+00 -9.899696476357121577e-01 6.941510537629759447e+00
