1.624522325695673469e+06 9.428861949517214671e+05 6.175461918726877775e+05 3.937107196740033105e+05 2.460783987806431833e+05 1.399525424611624330e+05 8.123635948084967094e+04 3.857058562122339208e+04 1.694210374500591934e+04 3.950724085769031262e+03 5.051176734157189685e+02 9.685453104115875078e+01
9.428861949517214671e+05 8.262323005196818849e+05 4.163319506895174272e+05 2.745797406106674462e+05 1.606709140973049798e+05 9.719365523263780051e+04 5.247619511260931904e+04 2.406710390968120919e+04 1.241169756549603699e+04 3.291663864645247941e+03 4.665491936687977841e+02 6.226642820761501440e+01
6.175461918726877775e+05 4.163319506895174272e+05 3.706707373209910002e+05 1.757449269572247576e+05 1.103352009834554192e+05 6.388362985742462479e+04 3.661289507929112006e+04 1.677582595042077810e+04 7.889961941015453704e+03 2.023733426265926482e+03 1.665013231413741437e+02 1.841561574902003784e+01
3.937107196740033105e+05 2.745797406106674462e+05 1.757449269572247576e+05 1.711975561368013732e+05 7.079439554842589132e+04 4.065730312001105631e+04 2.167466209151984731e+04 1.085315059301971633e+04 5.098756944098467102e+03 1.467908103905821463e+03 8.659574679937352926e+01 3.887043937484803990e+01
2.460783987806431833e+05 1.606709140973049798e+05 1.103352009834554192e+05 7.079439554842589132e+04 7.170130972232075874e+04 2.448147487180563621e+04 1.388236252159014111e+04 6.719535050800457611e+03 3.048960872545811981e+03 6.596053170752633150e+02 1.176779807062637246e+02 2.221167964277341866e+01
1.399525424611624330e+05 9.719365523263780051e+04 6.388362985742462479e+04 4.065730312001105631e+04 2.448147487180563621e+04 3.050152240532560245e+04 8.795848667859398120e+03 3.938910405521020039e+03 1.939827865242641565e+03 5.990918233309896550e+02 9.063102546329696452e+01 -1.654895623101845104e+01
8.123635948084967094e+04 5.247619511260931904e+04 3.661289507929112006e+04 2.167466209151984731e+04 1.388236252159014111e+04 8.795848667859398120e+03 1.171213553869627503e+04 2.252171767111730333e+03 1.117587876884627804e+03 3.335398991272203943e+02 5.588606048537083382e+01 -2.556852953228604619e+00
3.857058562122339208e+04 2.406710390968120919e+04 1.677582595042077810e+04 1.085315059301971633e+04 6.719535050800457611e+03 3.938910405521020039e+03 2.252171767111730333e+03 3.767005181505780456e+03 4.474571099222063708e+02 1.056427326794863859e+02 3.073321563566269177e+01 1.146662275343591020e+01
1.694210374500591934e+04 1.241169756549603699e+04 7.889961941015453704e+03 5.098756944098467102e+03 3.048960872545811981e+03 1.939827865242641565e+03 1.117587876884627804e+03 4.474571099222063708e+02 1.073180203813517664e+03 1.037760731614832679e+02 1.766659900965416341e+01 -1.568621443700518592e-02
3.950724085769031262e+03 3.291663864645247941e+03 2.023733426265926482e+03 1.467908103905821463e+03 6.596053170752633150e+02 5.990918233309896550e+02 3.335398991272203943e+02 1.056427326794863859e+02 1.037760731614832679e+02 2.390559472428490722e+02 -1.143132877095291766e+00 -1.764699124160828525e+00
5.051176734157189685e+02 4.665491936687977841e+02 1.665013231413741437e+02 8.659574679937352926e+01 1.176779807062637246e+02 9.063102546329696452e+01 5.588606048537083382e+01 3.073321563566269177e+01 1.766659900965416341e+01 -1.143132877095291766e+00 4.018612061075133823e+01 -3.058811815212107432e-01
9.685453104115875078e+01 6.226642820761501440e+01 1.841561574902003784e+01 3.887043937484803990e+01 2.221167964277341866e+01 -1.654895623101845104e+01 -2.556852953228604619e+00 1.146662275343591020e+01 -1.568621443700518592e-02 -1.764699124160828525e+00 -3.058811815212107432e-01 3.984298466994228072e+00
