1.365350912351209437e+06 7.624555820175718982e+05 4.358273583817738108e+05 2.784316160554355592e+05 1.527558542132087750e+05 8.375735766943657654e+04 3.768306352993809560e+04 1.560104613570135734e+04 4.646946909670474270e+03 6.598484533991527314e+02 2.639989889744218843e+01
7.624555820175718982e+05 6.488104388080292847e+05 2.943663962071031565e+05 1.866713537402294169e+05 1.027746142516379477e+05 5.563197518391565245e+04 2.564000572914384975e+04 1.127313525913253034e+04 3.408818317944247610e+03 1.361857529651204857e+02 1.455288544391204653e+01
4.358273583817738108e+05 2.943663962071031565e+05 2.420474946097648353e+05 1.085126373750155326e+05 6.071111259531472751e+04 3.176257639944538823e+04 1.599548188004754047e+04 6.681094021545564829e+03 1.792291175355435371e+03 2.937655416454357464e+02 2.690577931303802828e+01
2.784316160554355592e+05 1.866713537402294169e+05 1.085126373750155326e+05 1.046345620306466735e+05 3.983658077290580695e+04 1.962295230180748331e+04 9.303589860639964172e+03 3.956637788611810720e+03 1.196120909463539192e+03 5.864095189587199286e+01 -1.745091356112385750e+00
1.527558542132087750e+05 1.027746142516379477e+05 6.071111259531472751e+04 3.983658077290580695e+04 4.012363457555001514e+04 1.176968041635940608e+04 6.284183776870457223e+03 2.591476350044948958e+03 8.529849686544832821e+02 8.242713531274031880e+01 -1.095682078423551431e+01
8.375735766943657654e+04 5.563197518391565245e+04 3.176257639944538823e+04 1.962295230180748331e+04 1.176968041635940608e+04 1.509892256846382043e+04 2.809589240237239210e+03 1.458817942639633657e+03 4.346963744777240208e+02 2.798420655558183157e+01 1.756856016942260013e+00
3.768306352993809560e+04 2.564000572914384975e+04 1.599548188004754047e+04 9.303589860639964172e+03 6.284183776870457223e+03 2.809589240237239210e+03 4.704434924805078481e+03 6.980737972051613269e+02 1.565327338666753576e+02 8.349183711765829230e+01 5.415665534369148659e+00
1.560104613570135734e+04 1.127313525913253034e+04 6.681094021545564829e+03 3.956637788611810720e+03 2.591476350044948958e+03 1.458817942639633657e+03 6.980737972051613269e+02 1.237922710161263694e+03 8.970946036511948307e+01 -3.276458040525298543e+00 1.792149999425567852e+00
4.646946909670474270e+03 3.408818317944247610e+03 1.792291175355435371e+03 1.196120909463539192e+03 8.529849686544832821e+02 4.346963744777240208e+02 1.565327338666753576e+02 8.970946036511948307e+01 2.749479666514757810e+02 3.278418817329892043e+00 -9.725452950930790763e-01
6.598484533991527314e+02 1.361857529651204857e+02 2.937655416454357464e+02 5.864095189587199286e+01 8.242713531274031880e+01 2.798420655558183157e+01 8.349183711765829230e+01 -3.276458040525298543e+00 3.278418817329892043e+00 5.653115605408986255e+01 -1.921561268530679323e-01
2.639989889744218843e+01 1.455288544391204653e+01 2.690577931303802828e+01 -1.745091356112385750e+00 -1.095682078423551431e+01 1.756856016942260013e+00 5.415665534369148659e+00 1.792149999425567852e+00 -9.725452950930790763e-01 -1.921561268530679323e-01 1.999992340715606831e+00
