1.069264215917995898e+05 3.276653891550989283e+04 1.049066454995924141e+04 3.992682401394939916e+03 7.693621415864263327e+02 1.643880241547741718e+02
3.276653891550989283e+04 2.865329388861222105e+04 5.588019537002690413e+03 1.532499260803090465e+03 3.880993004226189669e+02 1.993793818588590483e+01
1.049066454995924141e+04 5.588019537002690413e+03 5.415835865535780613e+03 5.218304753263332714e+02 2.039313801050951724e+02 3.816450151671237023e+01
3.992682401394939916e+03 1.532499260803090465e+03 5.218304753263332714e+02 1.119933357103507888e+03 5.326456493214010379e+01 -2.155747250870959864e+00
7.693621415864263327e+02 3.880993004226189669e+02 2.039313801050951724e+02 5.326456493214010379e+01 2.133566957365027861e+02 -1.138677159925365112e+00
1.643880241547741718e+02 1.993793818588590483e+01 3.816450151671237023e+01 -2.155747250870959864e+00 -1.138677159925365112e+00 3.234266906619345150e+01
