9.445056654434069060e+05 4.762654110545226722e+05 2.719230883395118872e+05 1.396100391306164965e+05 6.078362599508043058e+04 2.442653221104612749e+04 8.464576980229614492e+03 2.164222642583658399e+03 3.728084995982416103e+02
4.762654110545226722e+05 3.722094890678349766e+05 1.618316099525156023e+05 8.650181429042418313e+04 4.042567058730871940e+04 1.514997634218429448e+04 5.614142374960133566e+03 1.647241546733007681e+03 3.082323985641116693e+01
2.719230883395118872e+05 1.618316099525156023e+05 1.334669838514393778e+05 4.995466713108951808e+04 2.363335759614790004e+04 8.435115537072675579e+03 2.746046379452980091e+03 8.408502381109684620e+02 3.401223850326714881e+01
1.396100391306164965e+05 8.650181429042418313e+04 4.995466713108951808e+04 4.396221313363151421e+04 1.257667179850988214e+04 5.160008249340915427e+03 1.719896590930920638e+03 4.362323540296002307e+02 -1.597184273415301803e+01
6.078362599508043058e+04 4.042567058730871940e+04 2.363335759614790004e+04 1.257667179850988214e+04 1.277811204919534975e+04 2.340250391760241655e+03 7.961072870146542755e+02 1.851421216591361087e+02 -3.471498282970035820e-01
2.442653221104612749e+04 1.514997634218429448e+04 8.435115537072675579e+03 5.160008249340915427e+03 2.340250391760241655e+03 3.003814593556941418e+03 3.346800047762703798e+02 1.012989192885451217e+02 1.219528328873304268e+01
8.464576980229614492e+03 5.614142374960133566e+03 2.746046379452980091e+03 1.719896590930920638e+03 7.961072870146542755e+02 3.346800047762703798e+02 7.484932768563775198e+02 1.320009293075514378e+01 -2.423973595390877644e+00
2.164222642583658399e+03 1.647241546733007681e+03 8.408502381109684620e+02 4.362323540296002307e+02 1.851421216591361087e+02 1.012989192885451217e+02 1.320009293075514378e+01 1.499904213937084592e+02 -1.195417481561850792e+00
3.728084995982416103e+02 3.082323985641116693e+01 3.401223850326714881e+01 -1.597184273415301803e+01 -3.471498282970035820e-01 1.219528328873304268e+01 -2.423973595390877644e+00 -1.195417481561850792e+00 1.559629422942552601e+01
