1.453235513640583958e+06 7.754051174798465800e+05 4.595987369451216073e+05 2.754479731667513843e+05 1.428578006477135932e+05 6.343339544392604148e+04 2.747676891315282046e+04 7.977472809503452481e+03 3.209658780612116516e+03 4.718364837906103162e+02 2.296204381140066531e+01
7.754051174798465800e+05 6.014108424285529181e+05 2.946133645874499925e+05 1.774781932654235570e+05 9.087243090588218183e+04 4.231643495847697341e+04 1.665043367192352162e+04 5.745176417646083792e+03 2.038564020473652818e+03 3.741454803050623923e+02 3.657164483094077667e+01
4.595987369451216073e+05 2.946133645874499925e+05 2.413103020341075317e+05 1.062238977419019211e+05 5.607110257450103381e+04 2.644622635948730385e+04 1.140433008143741790e+04 3.436107602692395631e+03 9.709505176787195069e+02 1.543349989023922149e+02 4.738027840955676595e+01
2.754479731667513843e+05 1.774781932654235570e+05 1.062238977419019211e+05 9.533877090231164766e+04 3.407153150972680305e+04 1.627716744378308431e+04 6.542541436202633122e+03 2.073567739558453013e+03 6.161643224276939463e+02 9.235292133130283787e+01 3.076316073929456496e-01
1.428578006477135932e+05 9.087243090588218183e+04 5.607110257450103381e+04 3.407153150972680305e+04 3.094218002827488453e+04 8.230556127806621589e+03 3.795720044150040394e+03 9.077519158835764301e+02 3.829398298115511921e+02 4.492543548908513884e+01 -9.302669103704922504e-01
6.343339544392604148e+04 4.231643495847697341e+04 2.644622635948730385e+04 1.627716744378308431e+04 8.230556127806621589e+03 9.675974031022082272e+03 1.965701620284874934e+03 4.426407397046029928e+02 1.908298112035339784e+02 3.168145133259979573e+01 2.484915577761289907e+00
2.747676891315282046e+04 1.665043367192352162e+04 1.140433008143741790e+04 6.542541436202633122e+03 3.795720044150040394e+03 1.965701620284874934e+03 2.551724091396778931e+03 1.582727171475143280e+02 6.848420229212725019e+01 1.815312622404013609e+01 3.279967062692993984e+00
7.977472809503452481e+03 5.745176417646083792e+03 3.436107602692395631e+03 2.073567739558453013e+03 9.077519158835764301e+02 4.426407397046029928e+02 1.582727171475143280e+02 6.090208839814446264e+02 2.372804381731580392e+01 7.253112109238566418e+00 9.574728634696092477e-01
3.209658780612116516e+03 2.038564020473652818e+03 9.709505176787195069e+02 6.161643224276939463e+02 3.829398298115511921e+02 1.908298112035339784e+02 6.848420229212725019e+01 2.372804381731580392e+01 1.351908548637235867e+02 -1.008312091207119288e+00 -2.519698729513344948e-01
4.718364837906103162e+02 3.741454803050623923e+02 1.543349989023922149e+02 9.235292133130283787e+01 4.492543548908513884e+01 3.168145133259979573e+01 1.815312622404013609e+01 7.253112109238566418e+00 -1.008312091207119288e+00 1.763540683452243485e+01 -3.147828689074677611e-02
2.296204381140066531e+01 3.657164483094077667e+01 4.738027840955676595e+01 3.076316073929456496e-01 -9.302669103704922504e-01 2.484915577761289907e+00 3.279967062692993984e+00 9.574728634696092477e-01 -2.519698729513344948e-01 -3.147828689074677611e-02 1.004906464246565045e+00
