1.673868567406699061e+06 9.443546706344363047e+05 5.656796375635142904e+05 3.514174603514212067e+05 2.026149173088706448e+05 9.394496020550368121e+04 4.282612936639381223e+04 1.584824468037346196e+04 3.803081486008553838e+03 1.720536739817373018e+03 3.501937186145334380e+01
9.443546706344363047e+05 7.338315869029646274e+05 3.787677534010699601e+05 2.336043066239771433e+05 1.337211218722757767e+05 6.598628673728604917e+04 3.006205251416628016e+04 1.070493792296181346e+04 3.328624836156613583e+03 1.314665766744964230e+03 2.218841033588016387e+01
5.656796375635142904e+05 3.787677534010699601e+05 3.089937034662671504e+05 1.458617214607065544e+05 7.912440501301447512e+04 4.040290059343958274e+04 1.917471125289706470e+04 7.208410936314301580e+03 1.710660434692482795e+03 7.349105342254398465e+02 3.632181277645506157e+01
3.514174603514212067e+05 2.336043066239771433e+05 1.458617214607065544e+05 1.250503250127279753e+05 5.158052634867656161e+04 2.538290572936281023e+04 1.273511916794182798e+04 3.849924102911668797e+03 9.906474363636746148e+02 3.712591264972629119e+02 1.727530537427047364e+01
2.026149173088706448e+05 1.337211218722757767e+05 7.912440501301447512e+04 5.158052634867656161e+04 4.879479927177250647e+04 1.445659514879606468e+04 7.361569212847212839e+03 2.190455099473358587e+03 7.694446448124230074e+02 2.476248245980678462e+02 -1.648420259714171054e+00
9.394496020550368121e+04 6.598628673728604917e+04 4.040290059343958274e+04 2.538290572936281023e+04 1.445659514879606468e+04 1.537988184652296695e+04 3.389371586133875553e+03 1.146205254658808371e+03 2.921213848899902814e+02 9.022768683431063153e+01 3.693040784244140173e+00
4.282612936639381223e+04 3.006205251416628016e+04 1.917471125289706470e+04 1.273511916794182798e+04 7.361569212847212839e+03 3.389371586133875553e+03 4.996553729157434645e+03 4.629577759301601532e+02 1.450511557367546516e+02 6.948175067442015518e+01 2.050792261769255553e+00
1.584824468037346196e+04 1.070493792296181346e+04 7.208410936314301580e+03 3.849924102911668797e+03 2.190455099473358587e+03 1.146205254658808371e+03 4.629577759301601532e+02 1.188600616183671718e+03 8.140577812200979224e+01 2.815119146594507527e+01 2.103661192056117457e+00
3.803081486008553838e+03 3.328624836156613583e+03 1.710660434692482795e+03 9.906474363636746148e+02 7.694446448124230074e+02 2.921213848899902814e+02 1.450511557367546516e+02 8.140577812200979224e+01 2.658298677022843890e+02 1.137396205263762639e+01 -4.723385973727710629e-01
1.720536739817373018e+03 1.314665766744964230e+03 7.349105342254398465e+02 3.712591264972629119e+02 2.476248245980678462e+02 9.022768683431063153e+01 6.948175067442015518e+01 2.815119146594507527e+01 1.137396205263762639e+01 5.909976856356802699e+01 -1.121110565291371930e-01
3.501937186145334380e+01 2.218841033588016387e+01 3.632181277645506157e+01 1.727530537427047364e+01 -1.648420259714171054e+00 3.693040784244140173e+00 2.050792261769255553e+00 2.103661192056117457e+00 -4.723385973727710629e-01 -1.121110565291371930e-01 1.004504977998754933e+00
