1.856508097526008729e+06 1.044106434758245130e+06 6.998592297789232107e+05 4.255336045753618819e+05 2.542880310865009669e+05 1.414076111815729528e+05 6.839429351447314548e+04 2.638835240724816322e+04 6.226633997700992950e+03 2.604725011704066674e+03 5.182772281491440935e+02 4.100469889956418967e+01
1.044106434758245130e+06 8.103522908798825229e+05 4.567867702895244583e+05 2.814514536863369867e+05 1.688551832358549873e+05 9.014492490067637118e+04 4.464131757947052392e+04 1.958178679695995015e+04 4.968912388060468402e+03 1.852974213967373089e+03 4.197611946095017856e+02 3.181361989666499213e+01
6.998592297789232107e+05 4.567867702895244583e+05 3.959132010321642738e+05 1.904303242602273531e+05 1.099640592358143331e+05 6.415175884882001264e+04 3.164036663335141202e+04 1.367784728846801409e+04 3.329476314990946321e+03 1.091157410651059990e+03 3.138886081553574172e+02 2.268701854767336812e+01
4.255336045753618819e+05 2.814514536863369867e+05 1.904303242602273531e+05 1.610607193022308056e+05 6.865711771422110905e+04 4.006911982694611652e+04 1.899362079079730393e+04 8.345747742764393479e+03 2.139667997888375794e+03 4.985230948066071619e+02 1.820129762500900767e+02 1.229359349811063673e+01
2.542880310865009669e+05 1.688551832358549873e+05 1.099640592358143331e+05 6.865711771422110905e+04 6.601632780796004226e+04 2.324722660911745697e+04 1.223505726140705519e+04 5.115593716367579873e+03 1.060219753141770980e+03 4.160915457321842723e+02 1.116194094874766449e+02 1.244591738404996839e+01
1.414076111815729528e+05 9.014492490067637118e+04 6.415175884882001264e+04 4.006911982694611652e+04 2.324722660911745697e+04 2.374609355168127513e+04 6.455658215899717106e+03 2.933773701434856775e+03 8.307105845656542442e+02 2.163259777126145877e+02 2.921646687789397490e+01 -9.871786523535449817e-03
6.839429351447314548e+04 4.464131757947052392e+04 3.164036663335141202e+04 1.899362079079730393e+04 1.223505726140705519e+04 6.455658215899717106e+03 8.008133083660012744e+03 1.439698306673140678e+03 3.233100226030442741e+02 1.227971300786282995e+02 3.127658791455197829e+01 4.218754667479306164e+00
2.638835240724816322e+04 1.958178679695995015e+04 1.367784728846801409e+04 8.345747742764393479e+03 5.115593716367579873e+03 2.933773701434856775e+03 1.439698306673140678e+03 2.326638912884908223e+03 9.957443664461172261e+01 6.736890250484653109e+01 1.737608637790454935e+01 -1.262253217748363188e+00
6.226633997700992950e+03 4.968912388060468402e+03 3.329476314990946321e+03 2.139667997888375794e+03 1.060219753141770980e+03 8.307105845656542442e+02 3.233100226030442741e+02 9.957443664461172261e+01 5.533460520048942044e+02 2.473287248263138594e+01 3.357851594986430488e+00 1.129402320569173890e+00
2.604725011704066674e+03 1.852974213967373089e+03 1.091157410651059990e+03 4.985230948066071619e+02 4.160915457321842723e+02 2.163259777126145877e+02 1.227971300786282995e+02 6.736890250484653109e+01 2.473287248263138594e+01 1.207847237643294847e+02 -5.822408771039629949e-01 -2.359644292658353570e-01
5.182772281491440935e+02 4.197611946095017856e+02 3.138886081553574172e+02 1.820129762500900767e+02 1.116194094874766449e+02 2.921646687789397490e+01 3.127658791455197829e+01 1.737608637790454935e+01 3.357851594986430488e+00 -5.822408771039629949e-01 1.083525021025706536e+01 -2.161999210116573658e-02
4.100469889956418967e+01 3.181361989666499213e+01 2.268701854767336812e+01 1.229359349811063673e+01 1.244591738404996839e+01 -9.871786523535449817e-03 4.218754667479306164e+00 -1.262253217748363188e+00 1.129402320569173890e+00 -2.359644292658353570e-01 -2.161999210116573658e-02 1.004010045553212604e+00
