2.190499874896190595e+06 1.293474362906205235e+06 8.843087572990041226e+05 5.695859722401024774e+05 3.569249660447247443e+05 2.284206120821738732e+05 1.365409609026834369e+05 6.330738991110242932e+04 2.646986436123849853e+04 9.570956761820079919e+03 1.973824642717905135e+03 2.970861916492789874e+02 -1.375427486053274784e+01
1.293474362906205235e+06 1.069456909213981824e+06 6.169902467406028882e+05 3.940367672739184927e+05 2.521463521229563339e+05 1.511622563839818467e+05 9.022841602101120225e+04 4.567342655974964146e+04 1.950968042293763574e+04 6.775793434667207293e+03 1.640997721202807725e+03 1.688201234701847966e+02 6.910517668542857450e+01
8.843087572990041226e+05 6.169902467406028882e+05 5.328601346535912016e+05 2.745743368547808495e+05 1.767692590576232469e+05 1.092352596443701914e+05 6.253283296590054670e+04 3.108900990314411683e+04 1.377036352955524853e+04 4.951701830229885672e+03 1.306260692366348849e+03 1.658182168038050008e+02 1.420985130953006603e+01
5.695859722401024774e+05 3.940367672739184927e+05 2.745743368547808495e+05 2.416249450665278709e+05 1.150728329193664686e+05 6.963748162375685934e+04 4.189697339399419434e+04 2.077679643399658744e+04 9.329548072757128466e+03 2.939481624521590675e+03 8.299111949280436420e+02 9.847713666909704955e+01 2.690246200886561923e+01
3.569249660447247443e+05 2.521463521229563339e+05 1.767692590576232469e+05 1.150728329193664686e+05 1.050447660405496135e+05 4.521653057728290878e+04 2.626401321065781303e+04 1.176054267847591109e+04 5.861396883877636355e+03 1.922330517808590912e+03 4.109663414042025238e+02 3.214119991959741185e+01 1.261341428264869080e+01
2.284206120821738732e+05 1.511622563839818467e+05 1.092352596443701914e+05 6.963748162375685934e+04 4.521653057728290878e+04 4.795090412575462688e+04 1.696909527633202742e+04 7.965818811057851235e+03 3.578019160223351719e+03 1.356066211688314297e+03 2.633625315733202683e+02 2.053380001555734080e-01 -5.187545937315458211e+00
1.365409609026834369e+05 9.022841602101120225e+04 6.253283296590054670e+04 4.189697339399419434e+04 2.626401321065781303e+04 1.696909527633202742e+04 1.888705797985651225e+04 4.979922491343071670e+03 2.216787281808111402e+03 8.623382933649585311e+02 1.566867202381660320e+02 2.065287043809491152e+01 6.973380538508390458e+00
6.330738991110242932e+04 4.567342655974964146e+04 3.108900990314411683e+04 2.077679643399658744e+04 1.176054267847591109e+04 7.965818811057851235e+03 4.979922491343071670e+03 6.241719719265784079e+03 9.699708812874197292e+02 3.075643743360642475e+02 1.210958144090066213e+02 7.305888020751506673e+00 5.453552229556973829e-01
2.646986436123849853e+04 1.950968042293763574e+04 1.377036352955524853e+04 9.329548072757128466e+03 5.861396883877636355e+03 3.578019160223351719e+03 2.216787281808111402e+03 9.699708812874197292e+02 1.894034536726159558e+03 2.062684421045121326e+02 4.796185800611875294e+01 5.981611511978679019e+00 -8.498239623160982470e-01
9.570956761820079919e+03 6.775793434667207293e+03 4.951701830229885672e+03 2.939481624521590675e+03 1.922330517808590912e+03 1.356066211688314297e+03 8.623382933649585311e+02 3.075643743360642475e+02 2.062684421045121326e+02 5.417844131715595495e+02 2.010883689299786425e+01 -5.230687014282598968e-01 2.093761989464403950e+00
1.973824642717905135e+03 1.640997721202807725e+03 1.306260692366348849e+03 8.299111949280436420e+02 4.109663414042025238e+02 2.633625315733202683e+02 1.566867202381660320e+02 1.210958144090066213e+02 4.796185800611875294e+01 2.010883689299786425e+01 8.679127805609923030e+01 9.867030321201033516e-01 -1.709631866533948275e-01
2.970861916492789874e+02 1.688201234701847966e+02 1.658182168038050008e+02 9.847713666909704955e+01 3.214119991959741185e+01 2.053380001555734080e-01 2.065287043809491152e+01 7.305888020751506673e+00 5.981611511978679019e+00 -5.230687014282598968e-01 9.867030321201033516e-01 5.965584747718223113e+00 -1.178699525896543393e-02
-1.375427486053274784e+01 6.910517668542857450e+01 1.420985130953006603e+01 2.690246200886561923e+01 1.261341428264869080e+01 -5.187545937315458211e+00 6.973380538508390458e+00 5.453552229556973829e-01 -8.498239623160982470e-01 2.093761989464403950e+00 -1.709631866533948275e-01 -1.178699525896543393e-02 1.003629376090155789e+00
