9.047088156679508975e+05 4.592966743846960599e+05 2.634521361667703604e+05 1.356903842739647662e+05 5.920500267692170746e+04 2.382741659230948426e+04 8.265405601235484937e+03 2.114764450197605584e+03 3.644535062289559733e+02
4.592966743846960599e+05 3.613863160144055728e+05 1.578552386058506090e+05 8.464428564535007172e+04 3.964323053296985745e+04 1.487877243117212311e+04 5.519278863055799775e+03 1.620531048824087065e+03 3.033713872112618049e+01
2.634521361667703604e+05 1.578552386058506090e+05 1.307919069550057611e+05 4.910886291029613494e+04 2.328351867524890986e+04 8.322572048973532219e+03 2.712177848583524792e+03 8.310556408714496683e+02 3.363124375289519463e+01
1.356903842739647662e+05 8.464428564535007172e+04 4.910886291029613494e+04 4.335509474917641637e+04 1.242984455482273552e+04 5.107327499511879978e+03 1.704077787692265247e+03 4.325199122245937815e+02 -1.584307658135523411e+01
5.920500267692170746e+04 3.964323053296985745e+04 2.328351867524890986e+04 1.242984455482273552e+04 1.265627898177410862e+04 2.321373462877412749e+03 7.904930511142190426e+02 1.839640013633475633e+02 -3.450967176137513803e-01
2.382741659230948426e+04 1.487877243117212311e+04 8.322572048973532219e+03 5.107327499511879978e+03 2.321373462877412749e+03 2.984002297785560131e+03 3.328124509327153078e+02 1.008035355256793792e+02 1.214112997422701312e+01
8.265405601235484937e+03 5.519278863055799775e+03 2.712177848583524792e+03 1.704077787692265247e+03 7.904930511142190426e+02 3.328124509327153078e+02 7.450775387655497752e+02 1.314896925180325837e+01 -2.415677023295465631e+00
2.114764450197605584e+03 1.620531048824087065e+03 8.310556408714496683e+02 4.325199122245937815e+02 1.839640013633475633e+02 1.008035355256793792e+02 1.314896925180325837e+01 1.495131529061239632e+02 -1.192152297210870904e+00
3.644535062289559733e+02 3.033713872112618049e+01 3.363124375289519463e+01 -1.584307658135523411e+01 -3.450967176137513803e-01 1.214112997422701312e+01 -2.415677023295465631e+00 -1.192152297210870904e+00 1.556072472148926877e+01
