2.281793373526622541e+06 1.363346769646637840e+06 9.596957831799361156e+05 6.077846428386204643e+05 4.159612692379722139e+05 2.445190484696153144e+05 1.558600632910075074e+05 8.080530988796414749e+04 3.703966617196489824e+04 1.357075057062789347e+04 4.215976110247412180e+03 6.036814568988082783e+02 -8.480234825341549376e-01
1.363346769646637840e+06 1.133192228539677802e+06 6.729990528864369262e+05 4.228589159612273215e+05 2.837946202033463051e+05 1.690821342394687526e+05 1.035158891042095056e+05 5.834754659396440547e+04 2.458915519072755706e+04 9.728544010725590852e+03 2.725523357540869256e+03 5.865858285434931076e+02 6.097583152518657101e+01
9.596957831799361156e+05 6.729990528864369262e+05 5.688041181825376116e+05 3.022759594169225311e+05 2.029387663005324139e+05 1.174592893057055480e+05 7.447790683606125822e+04 4.173537636630167253e+04 1.920019725727132754e+04 6.980314756028171360e+03 2.159577179584943678e+03 3.337353336406426365e+02 1.168494916961791041e+01
6.077846428386204643e+05 4.228589159612273215e+05 3.022759594169225311e+05 2.624345322677317308e+05 1.362933436773356516e+05 7.862166888785891933e+04 4.855313988268951653e+04 2.626395585381750061e+04 1.259936454938407587e+04 4.824410940109069998e+03 1.453882665816928920e+03 2.331605297596067885e+02 2.936636811198694375e+01
4.159612692379722139e+05 2.837946202033463051e+05 2.029387663005324139e+05 1.362933436773356516e+05 1.295043779008694546e+05 5.225213527425131178e+04 3.419843764133160585e+04 1.749226876141232788e+04 8.369092440281905510e+03 2.688870394256464351e+03 8.716759718378787056e+02 1.808219549881067394e+02 1.285612145203965717e+01
2.445190484696153144e+05 1.690821342394687526e+05 1.174592893057055480e+05 7.862166888785891933e+04 5.225213527425131178e+04 5.214899214441442018e+04 1.999717124445669833e+04 1.052374811167771986e+04 4.811162685198127292e+03 1.912512727324169191e+03 5.451856369758877463e+02 3.305462147535919115e+01 7.001283832853111733e+00
1.558600632910075074e+05 1.035158891042095056e+05 7.447790683606125822e+04 4.855313988268951653e+04 3.419843764133160585e+04 1.999717124445669833e+04 2.342813404280531176e+04 6.413753754310101613e+03 3.170034556116119347e+03 1.258424795581812987e+03 3.334846116580322928e+02 5.857817328580376426e+01 5.065233540788196542e-01
8.080530988796414749e+04 5.834754659396440547e+04 4.173537636630167253e+04 2.626395585381750061e+04 1.749226876141232788e+04 1.052374811167771986e+04 6.413753754310101613e+03 8.956152574095047385e+03 1.643198897421612173e+03 5.914793154491004543e+02 1.847583613039848274e+02 4.236912700383730623e+01 2.689244720307705450e+00
3.703966617196489824e+04 2.458915519072755706e+04 1.920019725727132754e+04 1.259936454938407587e+04 8.369092440281905510e+03 4.811162685198127292e+03 3.170034556116119347e+03 1.643198897421612173e+03 2.525383626871746856e+03 3.321931312472375453e+02 8.447804419926573871e+01 2.451996487703933525e+01 -8.202756073728102448e-01
1.357075057062789347e+04 9.728544010725590852e+03 6.980314756028171360e+03 4.824410940109069998e+03 2.688870394256464351e+03 1.912512727324169191e+03 1.258424795581812987e+03 5.914793154491004543e+02 3.321931312472375453e+02 7.633376774267624114e+02 4.876085294856667929e+01 3.433264025124384222e+00 6.939518120704852855e-01
4.215976110247412180e+03 2.725523357540869256e+03 2.159577179584943678e+03 1.453882665816928920e+03 8.716759718378787056e+02 5.451856369758877463e+02 3.334846116580322928e+02 1.847583613039848274e+02 8.447804419926573871e+01 4.876085294856667929e+01 1.611143903439212579e+02 1.737466480552467107e+00 7.113189613410126899e-01
6.036814568988082783e+02 5.865858285434931076e+02 3.337353336406426365e+02 2.331605297596067885e+02 1.808219549881067394e+02 3.305462147535919115e+01 5.857817328580376426e+01 4.236912700383730623e+01 2.451996487703933525e+01 3.433264025124384222e+00 1.737466480552467107e+00 1.747156548148108257e+01 -3.535871850163953972e-02
-8.480234825341549376e-01 6.097583152518657101e+01 1.168494916961791041e+01 2.936636811198694375e+01 1.285612145203965717e+01 7.001283832853111733e+00 5.065233540788196542e-01 2.689244720307705450e+00 -8.202756073728102448e-01 6.939518120704852855e-01 7.113189613410126899e-01 -3.535871850163953972e-02 1.003544319282585917e+00
