1.658252336215636460e+06 9.355607849523820914e+05 5.606298702704848256e+05 3.484694363640305819e+05 2.010303815224828140e+05 9.326108503496827325e+04 4.253507228905561351e+04 1.574708155315463591e+04 3.780128491303873943e+03 1.710641889125725811e+03 3.482781448817468828e+01
9.355607849523820914e+05 7.270108489135511918e+05 3.753931110104818945e+05 2.316486722488602391e+05 1.326776910293990222e+05 6.550708591054596764e+04 2.985826670735076550e+04 1.063679221262686406e+04 3.308593361276700307e+03 1.307128004290213539e+03 2.206742567977917702e+01
5.606298702704848256e+05 3.753931110104818945e+05 3.063597738914462388e+05 1.446968628451323893e+05 7.853751595699724567e+04 4.012508316368237138e+04 1.905213310028227352e+04 7.165308101546401303e+03 1.701026838011702239e+03 7.309809310901920298e+02 3.613780828049914362e+01
3.484694363640305819e+05 2.316486722488602391e+05 1.446968628451323893e+05 1.241190020914421621e+05 5.122572846415773529e+04 2.522205144987576568e+04 1.266057578442431986e+04 3.828980638548585830e+03 9.856032905892300278e+02 3.694744263869945371e+02 1.719711902085620991e+01
2.010303815224828140e+05 1.326776910293990222e+05 7.853751595699724567e+04 5.122572846415773529e+04 4.848694621699165873e+04 1.437321799652569825e+04 7.322675124311305808e+03 2.179788117526572933e+03 7.659657123150320785e+02 2.465757422282378570e+02 -1.641900482815661588e+00
9.326108503496827325e+04 6.550708591054596764e+04 4.012508316368237138e+04 2.522205144987576568e+04 1.437321799652569825e+04 1.529951590872274755e+04 3.373302190926860021e+03 1.141245340779561047e+03 2.909591341810513541e+02 8.989441045552145226e+01 3.680439539684974282e+00
4.253507228905561351e+04 2.985826670735076550e+04 1.905213310028227352e+04 1.266057578442431986e+04 7.322675124311305808e+03 3.373302190926860021e+03 4.975285411392492279e+03 4.611788467633313076e+02 1.445443804310085341e+02 6.925880455479909870e+01 2.044789599762625976e+00
1.574708155315463591e+04 1.063679221262686406e+04 7.165308101546401303e+03 3.828980638548585830e+03 2.179788117526572933e+03 1.141245340779561047e+03 4.611788467633313076e+02 1.184525747996206746e+03 8.115509839628403199e+01 2.807253148432912226e+01 2.098376003454185401e+00
3.780128491303873943e+03 3.308593361276700307e+03 1.701026838011702239e+03 9.856032905892300278e+02 7.659657123150320785e+02 2.909591341810513541e+02 1.445443804310085341e+02 8.115509839628403199e+01 2.651040572085944405e+02 1.134615192290590358e+01 -4.713168580865597090e-01
1.710641889125725811e+03 1.307128004290213539e+03 7.309809310901920298e+02 3.694744263869945371e+02 2.465757422282378570e+02 8.989441045552145226e+01 6.925880455479909870e+01 2.807253148432912226e+01 1.134615192290590358e+01 5.897213076135550125e+01 -1.119005455623667405e-01
3.482781448817468828e+01 2.206742567977917702e+01 3.613780828049914362e+01 1.719711902085620991e+01 -1.641900482815661588e+00 3.680439539684974282e+00 2.044789599762625976e+00 2.098376003454185401e+00 -4.713168580865597090e-01 -1.119005455623667405e-01 1.002902169361529872e+00
