1.839187944544127909e+06 1.034384978993386845e+06 6.936127349033455830e+05 4.219642987376106903e+05 2.523006116997881909e+05 1.403791684836669883e+05 6.793006193649758643e+04 2.622012745225070830e+04 6.189043837588792485e+03 2.589748860441743545e+03 5.154180599338558295e+02 4.078586373683246791e+01
1.034384978993386845e+06 8.028223720189025626e+05 4.527183000469295657e+05 2.790959350339216180e+05 1.675386261960467673e+05 8.949099366677284706e+04 4.433914519305980502e+04 1.945731948734373145e+04 4.939007990532337317e+03 1.842354990965804291e+03 4.174533598917508357e+02 3.164443120691446865e+01
6.936127349033455830e+05 4.527183000469295657e+05 3.925395738762461697e+05 1.889100455885098781e+05 1.091491222330688615e+05 6.371116519976180280e+04 3.143842278609181085e+04 1.359619465710115219e+04 3.310726081311419875e+03 1.085326174576463472e+03 3.122843058312717517e+02 2.257514575265522438e+01
4.219642987376106903e+05 2.790959350339216180e+05 1.889100455885098781e+05 1.598615657266119961e+05 6.818526517368645000e+04 3.981550831383762852e+04 1.888263019662184524e+04 8.300425555633446493e+03 2.128772216972963633e+03 4.961278821027714798e+02 1.811809105010359247e+02 1.223960683358349222e+01
2.523006116997881909e+05 1.675386261960467673e+05 1.091491222330688615e+05 6.818526517368645000e+04 6.560045743057785148e+04 2.311341672396989088e+04 1.217057983580640757e+04 5.090749050373920909e+03 1.055429508206123955e+03 4.143313381763005054e+02 1.111732612113218579e+02 1.239841220740740013e+01
1.403791684836669883e+05 8.949099366677284706e+04 6.371116519976180280e+04 3.981550831383762852e+04 2.311341672396989088e+04 2.362232663842328111e+04 6.425150253497335143e+03 2.921122369078852444e+03 8.274096476403966562e+02 2.155286763095127469e+02 2.911560484468916599e+01 -9.839485908632376182e-03
6.793006193649758643e+04 4.433914519305980502e+04 3.143842278609181085e+04 1.888263019662184524e+04 1.217057983580640757e+04 6.425150253497335143e+03 7.974184937773738966e+03 1.434190680050364790e+03 3.221827374457928954e+02 1.224043540030995274e+02 3.118385135224738391e+01 4.207006532993786685e+00
2.622012745225070830e+04 1.945731948734373145e+04 1.359619465710115219e+04 8.300425555633446493e+03 5.090749050373920909e+03 2.921122369078852444e+03 1.434190680050364790e+03 2.318701109508314858e+03 9.926847214304814315e+01 6.718131525230354839e+01 1.733176255909958385e+01 -1.259261085155006343e+00
6.189043837588792485e+03 4.939007990532337317e+03 3.310726081311419875e+03 2.128772216972963633e+03 1.055429508206123955e+03 8.274096476403966562e+02 3.221827374457928954e+02 9.926847214304814315e+01 5.518334122655498959e+02 2.467239362517420531e+01 3.350425450311961484e+00 1.127108354746170216e+00
2.589748860441743545e+03 1.842354990965804291e+03 1.085326174576463472e+03 4.961278821027714798e+02 4.143313381763005054e+02 2.155286763095127469e+02 1.224043540030995274e+02 6.718131525230354839e+01 2.467239362517420531e+01 1.205242082710587539e+02 -5.811211788693381175e-01 -2.355532403911058115e-01
5.154180599338558295e+02 4.174533598917508357e+02 3.122843058312717517e+02 1.811809105010359247e+02 1.111732612113218579e+02 2.911560484468916599e+01 3.118385135224738391e+01 1.733176255909958385e+01 3.350425450311961484e+00 -5.811211788693381175e-01 1.081694670229676802e+01 -2.158737363906476289e-02
4.078586373683246791e+01 3.164443120691446865e+01 2.257514575265522438e+01 1.223960683358349222e+01 1.239841220740740013e+01 -9.839485908632376182e-03 4.207006532993786685e+00 -1.259261085155006343e+00 1.127108354746170216e+00 -2.355532403911058115e-01 -2.158737363906476289e-02 1.002676572798644195e+00
