1.926655013729173690e+06 1.108001541047971696e+06 7.680582272279569879e+05 4.998550818049885565e+05 2.999542708859293489e+05 1.777055665074745775e+05 9.302199669884864124e+04 4.399134525373324141e+04 1.437359985600399523e+04 3.878589067903099021e+03 1.320559648592144185e+03 1.710228744528549782e+02
1.108001541047971696e+06 8.734694215784475673e+05 5.152455052178754704e+05 3.229162025574371219e+05 1.965567217650164966e+05 1.134260460093158035e+05 6.093168037806345092e+04 3.118606880335075766e+04 9.462979446309867853e+03 2.484139506205830912e+03 9.428199187349021031e+02 1.615660479241469147e+02
7.680582272279569879e+05 5.152455052178754704e+05 4.579300345203914912e+05 2.368959633579934598e+05 1.438804529088168638e+05 8.424995578294922598e+04 4.429797937354930036e+04 2.291973967624260695e+04 6.841644387084737900e+03 1.726565936864527430e+03 8.002792881460993613e+02 1.362935956893518892e+02
4.998550818049885565e+05 3.229162025574371219e+05 2.368959633579934598e+05 1.999161520368116326e+05 8.871918964772121399e+04 5.287727592955135333e+04 2.860373359477281338e+04 1.432319220591332487e+04 5.181666430505487369e+03 1.175415106406627729e+03 4.358571543461059150e+02 7.932126485422733708e+01
2.999542708859293489e+05 1.965567217650164966e+05 1.438804529088168638e+05 8.871918964772121399e+04 8.397357644924645138e+04 3.333127627421981015e+04 1.690741760333532147e+04 9.254301814102553180e+03 2.667189785578463670e+03 6.287662194921751961e+02 2.676695631527373394e+02 4.070572646398114358e+01
1.777055665074745775e+05 1.134260460093158035e+05 8.424995578294922598e+04 5.287727592955135333e+04 3.333127627421981015e+04 3.333438018389807257e+04 1.021640793348707484e+04 4.928051715488243644e+03 1.828867505868869102e+03 4.737158328897245383e+02 1.018819627682169511e+02 2.520970737703914466e+01
9.302199669884864124e+04 6.093168037806345092e+04 4.429797937354930036e+04 2.860373359477281338e+04 1.690741760333532147e+04 1.021640793348707484e+04 1.166197886803539222e+04 3.036694252856187632e+03 1.076968424600120670e+03 1.730816900977090995e+02 9.317611375569816801e+01 1.740385491783483474e+01
4.399134525373324141e+04 3.118606880335075766e+04 2.291973967624260695e+04 1.432319220591332487e+04 9.254301814102553180e+03 4.928051715488243644e+03 3.036694252856187632e+03 3.958165233742413875e+03 5.391822488424882067e+02 1.179917049950024648e+02 6.732523236354043661e+01 4.572531508381016963e+00
1.437359985600399523e+04 9.462979446309867853e+03 6.841644387084737900e+03 5.181666430505487369e+03 2.667189785578463670e+03 1.828867505868869102e+03 1.076968424600120670e+03 5.391822488424882067e+02 1.050717544739757386e+03 8.512908574951704566e+01 2.519206038579778095e+01 2.843126366703460306e+00
3.878589067903099021e+03 2.484139506205830912e+03 1.726565936864527430e+03 1.175415106406627729e+03 6.287662194921751961e+02 4.737158328897245383e+02 1.730816900977090995e+02 1.179917049950024648e+02 8.512908574951704566e+01 2.150579999310664050e+02 1.443131728202633468e+00 -2.431363237732696581e-01
1.320559648592144185e+03 9.428199187349021031e+02 8.002792881460993613e+02 4.358571543461059150e+02 2.676695631527373394e+02 1.018819627682169511e+02 9.317611375569816801e+01 6.732523236354043661e+01 2.519206038579778095e+01 1.443131728202633468e+00 4.103513696715315007e+01 -2.352932165547771959e-01
1.710228744528549782e+02 1.615660479241469147e+02 1.362935956893518892e+02 7.932126485422733708e+01 4.070572646398114358e+01 2.520970737703914466e+01 1.740385491783483474e+01 4.572531508381016963e+00 2.843126366703460306e+00 -2.431363237732696581e-01 -2.352932165547771959e-01 2.994106180659540151e+00
