9.533959450440037763e+05 4.807422226885525743e+05 2.743734635847040918e+05 1.407919172460416448e+05 6.126309756820363691e+04 2.460587650897636559e+04 8.522592620698065730e+03 2.178163755777037295e+03 3.750895980691101386e+02
4.807422226885525743e+05 3.757034283166304231e+05 1.632878490791678196e+05 8.723299483690476336e+04 4.074403840691864025e+04 1.526101683294307986e+04 5.652549639517619653e+03 1.657831435332458796e+03 3.101144430307137512e+01
2.743734635847040918e+05 1.632878490791678196e+05 1.346161470829466416e+05 5.035753138383960322e+04 2.381031069739814120e+04 8.493669317665771814e+03 2.763768273958763984e+03 8.459302019863361011e+02 3.420674259286676033e+01
1.407919172460416448e+05 8.723299483690476336e+04 5.035753138383960322e+04 4.429278238492191304e+04 1.266398584559290248e+04 5.193017207245250574e+03 1.730059929470411589e+03 4.386304774385748146e+02 -1.605449250162909536e+01
6.126309756820363691e+04 4.074403840691864025e+04 2.381031069739814120e+04 1.266398584559290248e+04 1.285945770419420478e+04 2.353872666565754116e+03 8.003531976783913251e+02 1.860533274897911156e+02 -3.487464413167589150e-01
2.460587650897636559e+04 1.526101683294307986e+04 8.493669317665771814e+03 5.193017207245250574e+03 2.353872666565754116e+03 3.019662732418853466e+03 3.362827023525226764e+02 1.017423335627243972e+02 1.224473526533686218e+01
8.522592620698065730e+03 5.652549639517619653e+03 2.763768273958763984e+03 1.730059929470411589e+03 8.003531976783913251e+02 3.362827023525226764e+02 7.517130884063030862e+02 1.325144740025633716e+01 -2.432623162248061188e+00
2.178163755777037295e+03 1.657831435332458796e+03 8.459302019863361011e+02 4.386304774385748146e+02 1.860533274897911156e+02 1.017423335627243972e+02 1.325144740025633716e+01 1.505122935336986245e+02 -1.199191870000992477e+00
3.750895980691101386e+02 3.101144430307137512e+01 3.420674259286676033e+01 -1.605449250162909536e+01 -3.487464413167589150e-01 1.224473526533686218e+01 -2.432623162248061188e+00 -1.199191870000992477e+00 1.564051745194928422e+01
