4.574983200000000070e+05 2.085030239999999758e+05 9.797427999999999884e+04 4.000893200000000070e+04 1.226814199999999983e+04 2.502271200000000135e+03 2.957153200000000197e+02 3.340025600000000150e+00 0.000000000000000000e+00 0.000000000000000000e+00
2.085030239999999758e+05 1.323562360000000044e+05 5.182353599999999278e+04 2.106426559999999881e+04 6.515881999999999607e+03 1.311106080000000020e+03 1.582466520000000116e+02 3.353592000000000239e-01 0.000000000000000000e+00 0.000000000000000000e+00
9.797427999999999884e+04 5.182353599999999278e+04 3.361131599999999889e+04 1.023327239999999802e+04 3.159855599999999868e+03 6.611575200000000905e+02 8.225894800000000373e+01 7.511084000000000094e-01 0.000000000000000000e+00 0.000000000000000000e+00
4.000893200000000070e+04 2.106426559999999881e+04 1.023327239999999802e+04 7.001809600000000501e+03 1.348146760000000086e+03 2.704823600000000283e+02 3.053040520000000413e+01 3.175816000000000194e-01 0.000000000000000000e+00 0.000000000000000000e+00
1.226814199999999983e+04 6.515881999999999607e+03 3.159855599999999868e+03 1.348146760000000086e+03 1.133909799999999905e+03 1.039008919999999989e+02 1.088892560000000032e+01 6.128631200000000251e-02 0.000000000000000000e+00 0.000000000000000000e+00
2.502271200000000135e+03 1.311106080000000020e+03 6.611575200000000905e+02 2.704823600000000283e+02 1.039008919999999989e+02 1.226523240000000072e+02 2.612621572000000114e+00 3.836242636000000011e-02 0.000000000000000000e+00 0.000000000000000000e+00
2.957153200000000197e+02 1.582466520000000116e+02 8.225894800000000373e+01 3.053040520000000413e+01 1.088892560000000032e+01 2.612621572000000114e+00 9.225150400000000417e+00 -9.044795999999999045e-03 0.000000000000000000e+00 0.000000000000000000e+00
3.340025600000000150e+00 3.353592000000000239e-01 7.511084000000000094e-01 3.175816000000000194e-01 6.128631200000000251e-02 3.836242636000000011e-02 -9.044795999999999045e-03 7.968780799999999886e-02 0.000000000000000000e+00 0.000000000000000000e+00
0.000000000000000000e+00 0.000000000000000000e+00 0.000000000000000000e+00 0.000000000000000000e+00 0.000000000000000000e+00 0.000000000000000000e+00 0.000000000000000000e+00 0.000000000000000000e+00 0.000000000000000000e+00 0.000000000000000000e+00
0.000000000000000000e+00 0.000000000000000000e+00 0.000000000000000000e+00 0.000000000000000000e+00 0.000000000000000000e+00 0.000000000000000000e+00 0.000000000000000000e+00 0.000000000000000000e+00 0.000000000000000000e+00 0.000000000000000000e+00
