6.239143199999999488e+05 3.327277199999999721e+05 1.908151879999999946e+05 1.022895119999999879e+05 5.152528400000000693e+04 2.057997000000000116e+04 5.409302399999999579e+03 9.856415999999999258e+02 7.472821319999998479e+01 -1.968803599999999987e+00
3.327277199999999721e+05 2.515381199999999953e+05 1.189033880000000063e+05 6.444666000000000349e+04 3.211538000000000102e+04 1.277916760000000068e+04 3.384741199999999935e+03 5.965761200000000599e+02 5.703440239999999761e+01 -9.279496000000000411e-01
1.908151879999999946e+05 1.189033880000000063e+05 8.830695199999999022e+04 3.680697600000000239e+04 1.876056639999999970e+04 7.318849599999999555e+03 1.913668599999999969e+03 3.616034399999999778e+02 2.559662720000000391e+01 -6.572295999999999694e-01
1.022895119999999879e+05 6.444666000000000349e+04 3.680697600000000239e+04 2.875084399999999732e+04 1.030796759999999995e+04 4.004131199999999808e+03 1.078979759999999942e+03 1.948941560000000095e+02 1.814971759999999890e+01 6.258063999999999849e-01
5.152528400000000693e+04 3.211538000000000102e+04 1.876056639999999970e+04 1.030796759999999995e+04 8.958743199999998978e+03 2.115501559999999699e+03 5.672593600000000151e+02 1.019310760000000187e+02 6.840519879999999553e+00 -3.405055200000000060e-01
2.057997000000000116e+04 1.277916760000000068e+04 7.318849599999999555e+03 4.004131199999999808e+03 2.115501559999999699e+03 1.972451120000000174e+03 2.270824920000000304e+02 4.369519599999999571e+01 2.994842519999999730e+00 -2.712660399999999861e-01
5.409302399999999579e+03 3.384741199999999935e+03 1.913668599999999969e+03 1.078979759999999942e+03 5.672593600000000151e+02 2.270824920000000304e+02 3.057252399999999852e+02 1.115699479999999966e+01 3.814409999999999190e-01 3.142288399999999815e-02
9.856415999999999258e+02 5.965761200000000599e+02 3.616034399999999778e+02 1.948941560000000095e+02 1.019310760000000187e+02 4.369519599999999571e+01 1.115699479999999966e+01 3.117999599999999560e+01 2.986343784000000112e-01 -1.138397199999999915e-02
7.472821319999998479e+01 5.703440239999999761e+01 2.559662720000000391e+01 1.814971759999999890e+01 6.840519879999999553e+00 2.994842519999999730e+00 3.814409999999999190e-01 2.986343784000000112e-01 1.653950759999999853e+00 -7.017516000000000118e-04
-1.968803599999999987e+00 -9.279496000000000411e-01 -6.572295999999999694e-01 6.258063999999999849e-01 -3.405055200000000060e-01 -2.712660399999999861e-01 3.142288399999999815e-02 -1.138397199999999915e-02 -7.017516000000000118e-04 3.984390399999999943e-02
