4.124484000000000233e+05 1.818912600000000093e+05 7.955967999999999302e+04 3.009268400000000474e+04 7.728576000000000931e+03 1.154742119999999886e+03 5.750551199999999596e+01 -2.105488799999999827e+00 0.000000000000000000e+00 0.000000000000000000e+00
1.818912600000000093e+05 1.148214360000000015e+05 4.174963200000000506e+04 1.570393440000000010e+04 4.037025599999999940e+03 6.054658400000000711e+02 2.154245200000000438e+01 -2.137769599999999937e+00 0.000000000000000000e+00 0.000000000000000000e+00
7.955967999999999302e+04 4.174963200000000506e+04 2.707180400000000009e+04 7.104506800000000112e+03 1.799501800000000003e+03 2.863301599999999780e+02 1.409514999999999851e+01 -1.320852799999999938e+00 0.000000000000000000e+00 0.000000000000000000e+00
3.009268400000000474e+04 1.570393440000000010e+04 7.104506800000000112e+03 5.067294399999999769e+03 7.418996000000000777e+02 1.324638999999999953e+02 6.246603720000000415e+00 4.600371999999999101e-02 0.000000000000000000e+00 0.000000000000000000e+00
7.728576000000000931e+03 4.037025599999999940e+03 1.799501800000000003e+03 7.418996000000000777e+02 6.781266399999999521e+02 2.888909120000000286e+01 1.887010039999999833e+00 1.175823800000000002e-01 0.000000000000000000e+00 0.000000000000000000e+00
1.154742119999999886e+03 6.054658400000000711e+02 2.863301599999999780e+02 1.324638999999999953e+02 2.888909120000000286e+01 6.155032800000000037e+01 1.957107355999999909e-01 1.157890159999999946e-01 0.000000000000000000e+00 0.000000000000000000e+00
5.750551199999999596e+01 2.154245200000000438e+01 1.409514999999999851e+01 6.246603720000000415e+00 1.887010039999999833e+00 1.957107355999999909e-01 2.903302800000000072e+00 -2.807006800000000184e-03 0.000000000000000000e+00 0.000000000000000000e+00
-2.105488799999999827e+00 -2.137769599999999937e+00 -1.320852799999999938e+00 4.600371999999999101e-02 1.175823800000000002e-01 1.157890159999999946e-01 -2.807006800000000184e-03 7.968780799999999886e-02 0.000000000000000000e+00 0.000000000000000000e+00
0.000000000000000000e+00 0.000000000000000000e+00 0.000000000000000000e+00 0.000000000000000000e+00 0.000000000000000000e+00 0.000000000000000000e+00 0.000000000000000000e+00 0.000000000000000000e+00 0.000000000000000000e+00 0.000000000000000000e+00
0.000000000000000000e+00 0.000000000000000000e+00 0.000000000000000000e+00 0.000000000000000000e+00 0.000000000000000000e+00 0.000000000000000000e+00 0.000000000000000000e+00 0.000000000000000000e+00 0.000000000000000000e+00 0.000000000000000000e+00
