2.254986745694577694e+05 7.708107770599177456e+04 3.248468347367042588e+04 1.419667363253876465e+04 3.756496442838224539e+03 1.724141205826746500e+03 1.580511259692324870e+02 4.351682759631959385e+01
7.708107770599177456e+04 6.878400310261441336e+04 1.684852184101856983e+04 6.860141327123042174e+03 1.288516081979033743e+03 6.589600473431891032e+02 1.017045322599323924e+02 4.919873668241866227e+00
3.248468347367042588e+04 1.684852184101856983e+04 1.624566465039910690e+04 2.903150650049683009e+03 1.013409965268493806e+03 2.910534860905929690e+02 5.427602133197944312e+01 3.678881428001952170e+00
1.419667363253876465e+04 6.860141327123042174e+03 2.903150650049683009e+03 4.509662212365309642e+03 3.418694166418919167e+02 1.784581335449834683e+02 2.565606727926522979e+01 1.974092388841135248e+00
3.756496442838224539e+03 1.288516081979033743e+03 1.013409965268493806e+03 3.418694166418919167e+02 1.028798663649662103e+03 4.717947579900739186e+01 1.955636149298900150e+01 4.890977394877533690e+00
1.724141205826746500e+03 6.589600473431891032e+02 2.910534860905929690e+02 1.784581335449834683e+02 4.717947579900739186e+01 1.782554173602339631e+02 -4.949886107910618782e-01 -6.345454205300000705e-01
1.580511259692324870e+02 1.017045322599323924e+02 5.427602133197944312e+01 2.565606727926522979e+01 1.955636149298900150e+01 -4.949886107910618782e-01 2.781674754745218436e+01 -1.063118139242985177e-01
4.351682759631959385e+01 4.919873668241866227e+00 3.678881428001952170e+00 1.974092388841135248e+00 4.890977394877533690e+00 -6.345454205300000705e-01 -1.063118139242985177e-01 2.006657708858222033e+00
