1.913122675528184045e+06 1.135409892226371914e+06 7.854882588730861899e+05 5.208842347649621661e+05 3.545621444667261676e+05 2.332364092970797792e+05 1.509035918587166234e+05 7.964587948170176242e+04 4.580018843438974000e+04 1.430697698012475666e+04 5.924846965848463697e+03 1.670664671876263355e+03 2.183105260141047097e+02 6.819691624784962869e+01 9.999086168537017727e+01
1.135409892226371914e+06 9.629455928322508698e+05 5.549014284120363882e+05 3.649751739319702028e+05 2.456978459695831116e+05 1.668604770808475732e+05 1.126634705111119983e+05 5.213096013664904604e+04 3.035410431824237457e+04 9.868481798865712335e+03 4.806614074981186604e+03 9.120190901101714189e+02 6.564997548777400027e+01 3.631793632241858916e+01 2.612677336508263437e+01
7.854882588730861899e+05 5.549014284120363882e+05 5.223157323092230363e+05 2.630348003993523307e+05 1.742357464255321538e+05 1.116596372321738454e+05 7.663509686539278482e+04 4.066910864767450403e+04 2.188949728110940850e+04 6.127117260321115282e+03 3.027984249680653193e+03 5.908148695922104707e+02 1.295252945824871915e+02 4.338017522228880551e+01 3.120683535459857438e+01
5.208842347649621661e+05 3.649751739319702028e+05 2.630348003993523307e+05 2.453313105195298849e+05 1.118870711078194290e+05 7.682539890288845345e+04 5.246586051514440624e+04 2.752423306044809942e+04 1.472775317593641921e+04 4.413748846840044280e+03 1.641787292696772738e+03 6.114112579288351981e+02 2.961543807546337348e+01 4.259612104922020848e+01 2.237287804805582425e+01
3.545621444667261676e+05 2.456978459695831116e+05 1.742357464255321538e+05 1.118870711078194290e+05 1.233955081445109245e+05 4.958460562196206592e+04 3.579799269825652300e+04 1.764562285665749732e+04 9.769985467624861485e+03 2.955449745103166606e+03 1.244245685604025994e+03 2.158540053490292223e+02 5.364806739249392109e+01 2.136036186477622500e+00 2.029497806828246809e+01
2.332364092970797792e+05 1.668604770808475732e+05 1.116596372321738454e+05 7.682539890288845345e+04 4.958460562196206592e+04 5.852495150729529996e+04 2.425993624194564472e+04 1.144330816514132493e+04 5.935316363902132252e+03 2.004441902493694442e+03 9.041753968756712538e+02 2.481208930529257373e+02 3.096760887719637978e+01 3.197338929805745078e+00 1.528524730554324584e+01
1.509035918587166234e+05 1.126634705111119983e+05 7.663509686539278482e+04 5.246586051514440624e+04 3.579799269825652300e+04 2.425993624194564472e+04 2.967462191942818026e+04 8.551891602875499302e+03 4.222221112286343669e+03 1.480752840567618250e+03 5.374973641059382317e+02 1.661884790392496143e+02 1.412546974987371406e+01 8.155231606458803739e+00 1.117365792739613717e+01
7.964587948170176242e+04 5.213096013664904604e+04 4.066910864767450403e+04 2.752423306044809942e+04 1.764562285665749732e+04 1.144330816514132493e+04 8.551891602875499302e+03 1.148993956744029492e+04 2.185483375121280005e+03 9.752970839906317906e+02 3.626272785921879063e+02 8.235155216549652835e+01 8.552648635755595308e+00 8.196675999578689087e+00 1.156849109581635338e+00
4.580018843438974000e+04 3.035410431824237457e+04 2.188949728110940850e+04 1.472775317593641921e+04 9.769985467624861485e+03 5.935316363902132252e+03 4.222221112286343669e+03 2.185483375121280005e+03 3.932783878781255680e+03 4.482577595511102686e+02 1.556881489749562206e+02 7.252902689057563634e+01 4.672814261073069964e-01 1.655031691284740925e+00 6.497986002136717509e-01
1.430697698012475666e+04 9.868481798865712335e+03 6.127117260321115282e+03 4.413748846840044280e+03 2.955449745103166606e+03 2.004441902493694442e+03 1.480752840567618250e+03 9.752970839906317906e+02 4.482577595511102686e+02 1.140697471105152999e+03 8.698152152642624912e+01 2.439335209561791729e+01 -2.304223563067826497e+00 2.985127659788262999e+00 1.980144568350655776e+00
5.924846965848463697e+03 4.806614074981186604e+03 3.027984249680653193e+03 1.641787292696772738e+03 1.244245685604025994e+03 9.041753968756712538e+02 5.374973641059382317e+02 3.626272785921879063e+02 1.556881489749562206e+02 8.698152152642624912e+01 3.174374845167234298e+02 1.074853676009111503e+01 2.366493104395517744e+00 -5.670651481006784289e-01 -5.670286389207676025e-01
1.670664671876263355e+03 9.120190901101714189e+02 5.908148695922104707e+02 6.114112579288351981e+02 2.158540053490292223e+02 2.481208930529257373e+02 1.661884790392496143e+02 8.235155216549652835e+01 7.252902689057563634e+01 2.439335209561791729e+01 1.074853676009111503e+01 5.847082506358859177e+01 -1.530324266477248174e-01 -1.157492143506587134e-01 8.886613259912308216e-01
2.183105260141047097e+02 6.564997548777400027e+01 1.295252945824871915e+02 2.961543807546337348e+01 5.364806739249392109e+01 3.096760887719637978e+01 1.412546974987371406e+01 8.552648635755595308e+00 4.672814261073069964e-01 -2.304223563067826497e+00 2.366493104395517744e+00 -1.530324266477248174e-01 9.847906345860360844e+00 -1.961631246295504616e-02 -1.961504951198142846e-02
6.819691624784962869e+01 3.631793632241858916e+01 4.338017522228880551e+01 4.259612104922020848e+01 2.136036186477622500e+00 3.197338929805745078e+00 8.155231606458803739e+00 8.196675999578689087e+00 1.655031691284740925e+00 2.985127659788262999e+00 -5.670651481006784289e-01 -1.157492143506587134e-01 -1.961631246295504616e-02 1.002340892909431513e+00 -1.961401877702480343e-03
9.999086168537017727e+01 2.612677336508263437e+01 3.120683535459857438e+01 2.237287804805582425e+01 2.029497806828246809e+01 1.528524730554324584e+01 1.117365792739613717e+01 1.156849109581635338e+00 6.497986002136717509e-01 1.980144568350655776e+00 -5.670286389207676025e-01 8.886613259912308216e-01 -1.961504951198142846e-02 -1.961401877702480343e-03 1.002211830257343284e+00
