1.318900800042820629e+06 7.087222897583798040e+05 4.335521435655991663e+05 2.640345496225741226e+05 1.400294558920889103e+05 6.977312887128646253e+04 2.549836509510748874e+04 1.160826926980142161e+04 4.484218121100864664e+03 8.347575874785761698e+02 8.928593257533128735e+01
7.087222897583798040e+05 5.616018472968603019e+05 2.714007233734506299e+05 1.691847305119061202e+05 9.091416163387714187e+04 4.645484562329280743e+04 1.646461733832197933e+04 7.129960929990013028e+03 2.644801636023156334e+03 4.599825521501322783e+02 5.774879844976194221e+01
4.335521435655991663e+05 2.714007233734506299e+05 2.318750629784527409e+05 1.056587541867503169e+05 5.500854227733190055e+04 2.848482816778279084e+04 9.721451005472054021e+03 4.475524036749036895e+03 2.028694191581622590e+03 3.121556672959956131e+02 4.654884134175211585e+01
2.640345496225741226e+05 1.691847305119061202e+05 1.056587541867503169e+05 1.026863655699789670e+05 3.586834891103919654e+04 1.613831858793349602e+04 6.200264490408339043e+03 2.664691755929114152e+03 1.235708993148734862e+03 2.044854914005326236e+02 2.392932012362016536e+01
1.400294558920889103e+05 9.091416163387714187e+04 5.500854227733190055e+04 3.586834891103919654e+04 3.411914776674221503e+04 9.408465929587684514e+03 3.452347563007015196e+03 1.551805821821995551e+03 6.804052374186485395e+02 1.535994117669542334e+02 1.355288927355478634e+01
6.977312887128646253e+04 4.645484562329280743e+04 2.848482816778279084e+04 1.613831858793349602e+04 9.408465929587684514e+03 1.182695862837479581e+04 2.010294262046991207e+03 8.655888419544555745e+02 4.170258539144589918e+02 3.450967176136704495e+01 9.254866517820712346e-01
2.549836509510748874e+04 1.646461733832197933e+04 9.721451005472054021e+03 6.200264490408339043e+03 3.452347563007015196e+03 2.010294262046991207e+03 3.216268074953592532e+03 3.515868888369609522e+02 1.588033134064246497e+02 2.152148620754311992e+01 4.698021223876933661e+00
1.160826926980142161e+04 7.129960929990013028e+03 4.475524036749036895e+03 2.664691755929114152e+03 1.551805821821995551e+03 8.655888419544555745e+02 3.515868888369609522e+02 1.007423592893678119e+03 4.410179188958295526e+01 2.396853565971269973e+01 4.862726475465071196e-01
4.484218121100864664e+03 2.644801636023156334e+03 2.028694191581622590e+03 1.235708993148734862e+03 6.804052374186485395e+02 4.170258539144589918e+02 1.588033134064246497e+02 4.410179188958295526e+01 2.367912500335093569e+02 6.901934352273469742e+00 -6.431347919163910021e-01
8.347575874785761698e+02 4.599825521501322783e+02 3.121556672959956131e+02 2.044854914005326236e+02 1.535994117669542334e+02 3.450967176136704495e+01 2.152148620754311992e+01 2.396853565971269973e+01 6.901934352273469742e+00 3.212536716694559402e+01 -2.509794309917624533e-01
8.928593257533128735e+01 5.774879844976194221e+01 4.654884134175211585e+01 2.392932012362016536e+01 1.355288927355478634e+01 9.254866517820712346e-01 4.698021223876933661e+00 4.862726475465071196e-01 -6.431347919163910021e-01 -2.509794309917624533e-01 3.984298466994228072e+00
