1.809866355107267853e+06 1.086790771297585452e+06 7.810993223830694333e+05 5.189574949237850378e+05 3.592796358469738625e+05 2.426735255456156447e+05 1.568271797978626564e+05 9.190778135806477803e+04 4.932650129250298778e+04 2.184259086017592199e+04 8.809432929561689889e+03 2.036407887531168399e+03 7.424520586241678757e+02 1.171681787370624619e+02 9.795256605177219456e+01
1.086790771297585452e+06 9.727586197663580533e+05 5.670328990467996337e+05 3.689204773572424310e+05 2.576807033674093254e+05 1.726928249202445149e+05 1.122579308749571210e+05 6.624480120710407209e+04 3.471713371195798391e+04 1.460434799192739592e+04 6.932118550404096823e+03 1.437598416060059208e+03 3.772887511920001202e+02 5.156450840797033663e+01 4.429394801642816759e+01
7.810993223830694333e+05 5.670328990467996337e+05 5.336784875670361798e+05 2.702407729136912967e+05 1.879484390454935492e+05 1.264650196039312286e+05 8.217764999367643031e+04 4.952712209282076219e+04 2.624830536034897523e+04 1.035519759804807109e+04 4.314197203595203973e+03 8.420457948613621966e+02 3.425731978661136736e+02 3.157046733123634397e+01 2.357441952198339052e+01
5.189574949237850378e+05 3.689204773572424310e+05 2.702407729136912967e+05 2.583279126535061514e+05 1.260961014089211822e+05 8.344274318801920163e+04 5.238190919918053987e+04 3.261322020059526403e+04 1.693043320146519545e+04 6.739648699261802903e+03 3.037898169813950972e+03 4.888412651605821111e+02 1.709601295950870679e+02 3.318810819505038978e+01 2.210579769532069605e+01
3.592796358469738625e+05 2.576807033674093254e+05 1.879484390454935492e+05 1.260961014089211822e+05 1.293447575951367908e+05 5.961804423236516595e+04 3.880699255900401477e+04 2.350593547052873691e+04 1.142233860930357332e+04 5.428047839890301475e+03 1.919084807426469069e+03 3.225654313517474066e+02 1.159230854661194599e+02 1.153917149520644614e+01 1.756659939261809811e+01
2.426735255456156447e+05 1.726928249202445149e+05 1.264650196039312286e+05 8.344274318801920163e+04 5.961804423236516595e+04 6.264713067121782660e+04 2.722363299772747268e+04 1.569845164502218904e+04 7.314573948475653197e+03 3.271585510165680716e+03 1.444090548060080437e+03 2.971380777493874348e+02 9.168788416098021798e+01 1.873914392178285127e+01 1.595091930560882609e+01
1.568271797978626564e+05 1.122579308749571210e+05 8.217764999367643031e+04 5.238190919918053987e+04 3.880699255900401477e+04 2.722363299772747268e+04 3.245734236618088107e+04 1.013672588570006701e+04 5.049349290175583519e+03 2.174489711666170024e+03 1.018988254487370568e+03 2.515088407290035093e+02 6.953306704554395878e+01 3.666652624645176495e+00 7.580363126672859053e+00
9.190778135806477803e+04 6.624480120710407209e+04 4.952712209282076219e+04 3.261322020059526403e+04 2.350593547052873691e+04 1.569845164502218904e+04 1.013672588570006701e+04 1.475002782617972844e+04 3.162154556699659224e+03 1.411659299711599488e+03 6.951640044270643557e+02 1.915502468204367119e+02 1.664111274083668235e+01 9.150945347176060451e+00 6.731346770271096958e+00
4.932650129250298778e+04 3.471713371195798391e+04 2.624830536034897523e+04 1.693043320146519545e+04 1.142233860930357332e+04 7.314573948475653197e+03 5.049349290175583519e+03 3.162154556699659224e+03 5.414534166152663602e+03 5.849761911144623809e+02 3.233418989663755951e+02 7.539775046817148052e+01 2.966655305395306641e+00 4.809785501740459601e+00 -7.392128553428962690e-01
2.184259086017592199e+04 1.460434799192739592e+04 1.035519759804807109e+04 6.739648699261802903e+03 5.428047839890301475e+03 3.271585510165680716e+03 2.174489711666170024e+03 1.411659299711599488e+03 5.849761911144623809e+02 1.641105479834993957e+03 1.466759088698382243e+02 1.822934195258199708e+01 4.496061213000665191e+00 1.099995787393627911e+00 3.378418434365605627e+00
8.809432929561689889e+03 6.932118550404096823e+03 4.314197203595203973e+03 3.037898169813950972e+03 1.919084807426469069e+03 1.444090548060080437e+03 1.018988254487370568e+03 6.951640044270643557e+02 3.233418989663755951e+02 1.466759088698382243e+02 5.504586762458944804e+02 2.256265869079888020e+01 5.456841847266274748e+00 3.299987362180803796e+00 -9.078396605405358866e-01
2.036407887531168399e+03 1.437598416060059208e+03 8.420457948613621966e+02 4.888412651605821111e+02 3.225654313517474066e+02 2.971380777493874348e+02 2.515088407290035093e+02 1.915502468204367119e+02 7.539775046817148052e+01 1.822934195258199708e+01 2.256265869079888020e+01 9.623296479409927429e+01 2.107835064969879380e+00 -5.823507109730737819e-01 8.098008203093579604e-01
7.424520586241678757e+02 3.772887511920001202e+02 3.425731978661136736e+02 1.709601295950870679e+02 1.159230854661194599e+02 9.168788416098021798e+01 6.953306704554395878e+01 1.664111274083668235e+01 2.966655305395306641e+00 4.496061213000665191e+00 5.456841847266274748e+00 2.107835064969879380e+00 1.461759107846553718e+01 -8.823495620804150397e-02 -2.941165206934718071e-02
1.171681787370624619e+02 5.156450840797033663e+01 3.157046733123634397e+01 3.318810819505038978e+01 1.153917149520644614e+01 1.873914392178285127e+01 3.666652624645176495e+00 9.150945347176060451e+00 4.809785501740459601e+00 1.099995787393627911e+00 3.299987362180803796e+00 -5.823507109730737819e-01 -8.823495620804150397e-02 2.994106180659540151e+00 -5.882330413869430764e-03
9.795256605177219456e+01 4.429394801642816759e+01 2.357441952198339052e+01 2.210579769532069605e+01 1.756659939261809811e+01 1.595091930560882609e+01 7.580363126672859053e+00 6.731346770271096958e+00 -7.392128553428962690e-01 3.378418434365605627e+00 -9.078396605405358866e-01 8.098008203093579604e-01 -2.941165206934718071e-02 -5.882330413869430764e-03 1.001956947162427891e+00
