1.898642741080584005e+06 1.103377432567121461e+06 7.393176589293455472e+05 4.881110376303869998e+05 3.288661905417198432e+05 2.001754947035227669e+05 1.214357430540320929e+05 5.500722039358484471e+04 3.113741612861834437e+04 1.116404147359925264e+04 3.469171821561446450e+03 6.645595017892687792e+02 1.342742533105000007e+02 1.087241428984256402e+02
1.103377432567121461e+06 9.527803147590403678e+05 5.197488699592904886e+05 3.440365214662888902e+05 2.383217760778639640e+05 1.398043465390320634e+05 8.742902822669262241e+04 3.841725816888871486e+04 1.992050328902170804e+04 8.207153158634839201e+03 2.935569569650286212e+03 1.867103062795427775e+02 8.756321228610327978e+01 2.488383594029443202e+01
7.393176589293455472e+05 5.197488699592904886e+05 4.697563585238425294e+05 2.343764113332422858e+05 1.550066245058669883e+05 9.978715756422336563e+04 6.015838575585132639e+04 2.658161761930425928e+04 1.331203549249054777e+04 4.978343720325346112e+03 1.859540815985377094e+03 2.631148796488682251e+02 -1.691680000367026437e+01 2.698541386926195784e+01
4.881110376303869998e+05 3.440365214662888902e+05 2.343764113332422858e+05 2.219559954175353341e+05 1.029250419793955662e+05 6.336814400322313304e+04 4.029579496260965243e+04 1.794806094540880076e+04 9.619734060375545596e+03 3.586566241873572835e+03 1.032870411231278467e+03 1.885544313378003949e+02 6.011540681405534059e+01 2.826627461024866150e+01
3.288661905417198432e+05 2.383217760778639640e+05 1.550066245058669883e+05 1.029250419793955662e+05 1.064050234737174615e+05 4.377329700106354721e+04 2.686843923059131703e+04 1.261959794701688770e+04 5.971487155116034046e+03 2.217868766060191774e+03 7.540941940800976226e+02 1.392205689370468065e+02 3.405614698543627128e+01 1.815067693448673225e+01
2.001754947035227669e+05 1.398043465390320634e+05 9.978715756422336563e+04 6.336814400322313304e+04 4.377329700106354721e+04 4.761274825001929275e+04 1.680776903823591783e+04 7.385421954954359535e+03 3.437294540723286445e+03 1.509907024229876924e+03 4.162491627083326193e+02 1.001613290946839925e+02 1.214757707512963236e+01 1.819285426255054361e+01
1.214357430540320929e+05 8.742902822669262241e+04 6.015838575585132639e+04 4.029579496260965243e+04 2.686843923059131703e+04 1.680776903823591783e+04 2.061644739689070411e+04 4.863929399994618507e+03 2.630356916365190500e+03 1.180223552250085504e+03 3.190564826081534875e+02 4.968565118415259008e+01 1.514281214657468233e+01 6.256787374973614924e+00
5.500722039358484471e+04 3.841725816888871486e+04 2.658161761930425928e+04 1.794806094540880076e+04 1.261959794701688770e+04 7.385421954954359535e+03 4.863929399994618507e+03 6.702659800746567271e+03 9.292985654817709928e+02 6.658496664848113369e+02 9.427004575146924026e+01 2.395564879368069100e+01 2.246355170234996645e+00 3.875881231738617760e+00
3.113741612861834437e+04 1.992050328902170804e+04 1.331203549249054777e+04 9.619734060375545596e+03 5.971487155116034046e+03 3.437294540723286445e+03 2.630356916365190500e+03 9.292985654817709928e+02 2.503207160791877868e+03 2.018997676586745058e+02 9.681149540346045512e+01 8.543280565508137414e+00 3.568363492927378644e+00 3.107569548890189437e-01
1.116404147359925264e+04 8.207153158634839201e+03 4.978343720325346112e+03 3.586566241873572835e+03 2.217868766060191774e+03 1.509907024229876924e+03 1.180223552250085504e+03 6.658496664848113369e+02 2.018997676586745058e+02 8.090264020685976902e+02 3.175388420891411556e+01 1.457069424165495786e+00 3.941607437399074154e+00 -2.181794968696834369e-01
3.469171821561446450e+03 2.935569569650286212e+03 1.859540815985377094e+03 1.032870411231278467e+03 7.540941940800976226e+02 4.162491627083326193e+02 3.190564826081534875e+02 9.427004575146924026e+01 9.681149540346045512e+01 3.175388420891411556e+01 1.969260415458549573e+02 2.494159484734879584e+00 -5.560911565307818938e-01 6.935315517621990500e-01
6.645595017892687792e+02 1.867103062795427775e+02 2.631148796488682251e+02 1.885544313378003949e+02 1.392205689370468065e+02 1.001613290946839925e+02 4.968565118415259008e+01 2.395564879368069100e+01 8.543280565508137414e+00 1.457069424165495786e+00 2.494159484734879584e+00 2.025875777724593618e+01 -2.062520524468320071e-01 9.643228049799191792e-01
1.342742533105000007e+02 8.756321228610327978e+01 -1.691680000367026437e+01 6.011540681405534059e+01 3.405614698543627128e+01 1.214757707512963236e+01 1.514281214657468233e+01 2.246355170234996645e+00 3.568363492927378644e+00 3.941607437399074154e+00 -5.560911565307818938e-01 -2.062520524468320071e-01 4.978332488129231237e+00 -9.817658117803567189e-03
1.087241428984256402e+02 2.488383594029443202e+01 2.698541386926195784e+01 2.826627461024866150e+01 1.815067693448673225e+01 1.819285426255054361e+01 6.256787374973614924e+00 3.875881231738617760e+00 3.107569548890189437e-01 -2.181794968696834369e-01 6.935315517621990500e-01 9.643228049799191792e-01 -9.817658117803567189e-03 1.003207489293498123e+00
