1.700698865338190924e+06 1.012340227005817811e+06 6.533177627229894279e+05 4.234335254536964349e+05 2.860702201355085708e+05 1.594967617311451759e+05 9.207650031977485924e+04 4.286021036990222638e+04 1.642537631213175337e+04 7.046184780235726976e+03 1.921639699602746532e+03 2.274089330233772444e+02 2.233775759130697338e+02
1.012340227005817811e+06 8.477419593214917695e+05 4.591442435958509450e+05 2.903082666503114742e+05 1.977124369468678487e+05 1.112559896140014462e+05 6.278324387544333877e+04 2.907633766721059510e+04 1.078294301875420570e+04 4.536264980602869400e+03 1.180905281459512935e+03 2.160187805654331328e+01 1.666072050889061984e+01
6.533177627229894279e+05 4.591442435958509450e+05 4.123856501162062050e+05 1.941242389237063180e+05 1.258118691641122568e+05 7.921615937438514084e+04 4.356686648718353536e+04 1.951295860539644127e+04 7.618727685632395151e+03 2.983831710203226976e+03 8.325144588140893802e+02 7.974479264402091871e+00 6.304877815265540875e+01
4.234335254536964349e+05 2.903082666503114742e+05 1.941242389237063180e+05 1.820891046219848213e+05 8.388532776759026456e+04 4.847737513259860134e+04 2.827994071713837911e+04 1.321716702984369113e+04 4.580174616365620750e+03 1.969247360419055894e+03 6.520916203598912944e+02 1.742934501629463284e+01 3.532731568889416707e+01
2.860702201355085708e+05 1.977124369468678487e+05 1.258118691641122568e+05 8.388532776759026456e+04 8.845561222576434375e+04 3.330985674840561842e+04 1.888337670275623532e+04 7.955285220262247094e+03 3.259073793375819150e+03 1.321092979882944746e+03 3.080301928991237901e+02 4.733903439401858293e+01 2.404500595509583150e+01
1.594967617311451759e+05 1.112559896140014462e+05 7.921615937438514084e+04 4.847737513259860134e+04 3.330985674840561842e+04 3.831172778903049038e+04 1.144509342412127990e+04 4.651550813607235796e+03 1.573437111530676020e+03 6.934561678302171686e+02 2.768930572416540485e+02 4.949784965590522745e+01 2.007051137212193126e+01
9.207650031977485924e+04 6.278324387544333877e+04 4.356686648718353536e+04 2.827994071713837911e+04 1.888337670275623532e+04 1.144509342412127990e+04 1.411089301894551136e+04 2.925861343974589090e+03 1.687346479218512286e+03 5.967663420406692012e+02 1.297093071794322157e+02 -5.476449615313453201e+00 1.301759720589311087e+01
4.286021036990222638e+04 2.907633766721059510e+04 1.951295860539644127e+04 1.321716702984369113e+04 7.955285220262247094e+03 4.651550813607235796e+03 2.925861343974589090e+03 4.464200550702326836e+03 5.229744677754854365e+02 3.595907797534375732e+02 5.372528444667288738e+01 1.007643199895802155e+01 1.652934846297255955e+00
1.642537631213175337e+04 1.078294301875420570e+04 7.618727685632395151e+03 4.580174616365620750e+03 3.259073793375819150e+03 1.573437111530676020e+03 1.687346479218512286e+03 5.229744677754854365e+02 1.357916368273789203e+03 1.118113365068334275e+02 2.111364463218331622e+01 3.964690698947989311e+00 1.686268051975310378e-01
7.046184780235726976e+03 4.536264980602869400e+03 2.983831710203226976e+03 1.969247360419055894e+03 1.321092979882944746e+03 6.934561678302171686e+02 5.967663420406692012e+02 3.595907797534375732e+02 1.118113365068334275e+02 3.674338869719399554e+02 2.459598423719266336e+01 3.450967176136743753e+00 -1.066662581714992175e+00
1.921639699602746532e+03 1.180905281459512935e+03 8.325144588140893802e+02 6.520916203598912944e+02 3.080301928991237901e+02 2.768930572416540485e+02 1.297093071794322157e+02 5.372528444667288738e+01 2.111364463218331622e+01 2.459598423719266336e+01 7.617225730599987799e+01 -5.490175052944801237e-01 5.803899341684504165e-01
2.274089330233772444e+02 2.160187805654331328e+01 7.974479264402091871e+00 1.742934501629463284e+01 4.733903439401858293e+01 4.949784965590522745e+01 -5.476449615313453201e+00 1.007643199895802155e+01 3.964690698947989311e+00 3.450967176136743753e+00 -5.490175052944801237e-01 1.080584097027814749e+01 9.392120894144860843e-01
2.233775759130697338e+02 1.666072050889061984e+01 6.304877815265540875e+01 3.532731568889416707e+01 2.404500595509583150e+01 2.007051137212193126e+01 1.301759720589311087e+01 1.652934846297255955e+00 1.686268051975310378e-01 -1.066662581714992175e+00 5.803899341684504165e-01 9.392120894144860843e-01 2.994106180659540151e+00
