1.664268920538659586e+04 2.540935367128509824e+03 5.467037886649959546e+02 1.613680094668708875e+02 2.472539550629713645e+01 -4.886255797120736766e+00
2.540935367128509824e+03 3.294369736635335357e+03 2.582068542935904247e+02 3.786456087407626825e+01 8.272517338704773238e+00 1.799993106643991370e+00
5.467037886649959546e+02 2.582068542935904247e+02 7.455265566537780160e+02 7.333305249292698669e-01 1.226269813611275872e+01 -4.470571114540681235e-01
1.613680094668708875e+02 3.786456087407626825e+01 7.333305249292698669e-01 1.202642453115605292e+02 1.386269200868562868e+00 -4.274493434078453502e-01
2.472539550629713645e+01 8.272517338704773238e+00 1.226269813611275872e+01 1.386269200868562868e+00 1.649993681090375475e+01 -6.666641135718692768e-02
-4.886255797120736766e+00 1.799993106643991370e+00 -4.470571114540681235e-01 -4.274493434078453502e-01 -6.666641135718692768e-02 1.999992340715606831e+00
