1.775270079198700143e+06 1.049580461047070334e+06 6.742542522687623277e+05 4.356312018261644989e+05 2.936748188168769702e+05 1.634934675932177634e+05 9.428744074883231951e+04 4.385835303031909280e+04 1.679975707906507159e+04 7.204399404201822108e+03 1.964352111661839217e+03 2.324289068422010871e+02 2.282765695726280057e+02
1.049580461047070334e+06 8.729817268194585340e+05 4.706527525626316783e+05 2.966506961357226246e+05 2.015952428721566102e+05 1.132724169529473875e+05 6.385589935533959215e+04 2.955220941365538602e+04 1.095411296259135270e+04 4.606747409366374086e+03 1.198987545476714558e+03 2.192938036545191594e+01 1.691094098910530974e+01
6.742542522687623277e+05 4.706527525626316783e+05 4.207895917226648889e+05 1.974584485298894579e+05 1.276961755103786709e+05 8.028317403911706060e+04 4.410863162167393602e+04 1.974164601375961138e+04 7.704285020197353333e+03 3.016340012057388321e+03 8.413978095379816295e+02 8.058369341418528009e+00 6.370311289455115400e+01
4.356312018261644989e+05 2.966506961357226246e+05 1.974584485298894579e+05 1.846351674576421210e+05 8.487441452998774184e+04 4.897611791080556577e+04 2.854172811707454457e+04 1.333009134398186507e+04 4.617069752050406350e+03 1.984452700935479470e+03 6.569808662927995329e+02 1.755740844423874236e+01 3.558189956830783274e+01
2.936748188168769702e+05 2.015952428721566102e+05 1.276961755103786709e+05 8.487441452998774184e+04 8.930514909582215478e+04 3.357981876578746596e+04 1.901698870179734513e+04 8.005912210281673651e+03 3.278226190554763889e+03 1.328416270622487673e+03 3.096689855316910780e+02 4.758379348890790084e+01 2.416594043535629055e+01
1.634934675932177634e+05 1.132724169529473875e+05 8.028317403911706060e+04 4.897611791080556577e+04 3.357981876578746596e+04 3.856486336021823809e+04 1.150895546112989541e+04 4.674200244553040648e+03 1.580332918787219342e+03 6.962645638789402938e+02 2.779527439585198749e+02 4.967987276422891796e+01 2.014149604428219931e+01
9.428744074883231951e+04 6.385589935533959215e+04 4.410863162167393602e+04 2.854172811707454457e+04 1.901698870179734513e+04 1.150895546112989541e+04 1.417514712729631356e+04 2.937107173836612674e+03 1.693011763181141987e+03 5.985715989514292232e+02 1.300728175003650335e+02 -5.490978557156592110e+00 1.305030391042936344e+01
4.385835303031909280e+04 2.955220941365538602e+04 1.974164601375961138e+04 1.333009134398186507e+04 8.005912210281673651e+03 4.674200244553040648e+03 2.937107173836612674e+03 4.478192173011621890e+03 5.243595348788935553e+02 3.604236747860928176e+02 5.383777565723542580e+01 1.009602475295639934e+01 1.655916785242941058e+00
1.679975707906507159e+04 1.095411296259135270e+04 7.704285020197353333e+03 4.617069752050406350e+03 3.278226190554763889e+03 1.580332918787219342e+03 1.693011763181141987e+03 5.243595348788935553e+02 1.360853452205248686e+03 1.120160501235550896e+02 2.114760770856068461e+01 3.970476165680321579e+00 1.688492119766171196e-01
7.204399404201822108e+03 4.606747409366374086e+03 3.016340012057388321e+03 1.984452700935479470e+03 1.328416270622487673e+03 6.962645638789402938e+02 5.985715989514292232e+02 3.604236747860928176e+02 1.120160501235550896e+02 3.679846498728579718e+02 2.462738636972500217e+01 3.454857903610267567e+00 -1.067715546808180926e+00
1.964352111661839217e+03 1.198987545476714558e+03 8.413978095379816295e+02 6.569808662927995329e+02 3.096689855316910780e+02 2.779527439585198749e+02 1.300728175003650335e+02 5.383777565723542580e+01 2.114760770856068461e+01 2.462738636972500217e+01 7.625258406107505493e+01 -5.495145237666801963e-01 5.808339590295745758e-01
2.324289068422010871e+02 2.192938036545191594e+01 8.058369341418528009e+00 1.755740844423874236e+01 4.758379348890790084e+01 4.967987276422891796e+01 -5.490978557156592110e+00 1.009602475295639934e+01 3.970476165680321579e+00 3.454857903610267567e+00 -5.495145237666801963e-01 1.081401078743414779e+01 9.397904892936257415e-01
2.282765695726280057e+02 1.691094098910530974e+01 6.370311289455115400e+01 3.558189956830783274e+01 2.416594043535629055e+01 2.014149604428219931e+01 1.305030391042936344e+01 1.655916785242941058e+00 1.688492119766171196e-01 -1.067715546808180926e+00 5.808339590295745758e-01 9.397904892936257415e-01 2.995530280627332509e+00
