2.276190279258126684e+05 7.780564292430251953e+04 3.277781987658210710e+04 1.431726392316008241e+04 3.786283232592779314e+03 1.736824143502348306e+03 1.591421356816914852e+02 4.379892280455779741e+01
7.780564292430251953e+04 6.943037514925036521e+04 1.700051105716676830e+04 6.918393214425682345e+03 1.298729503191205367e+03 6.638055012996954929e+02 1.024062920831177763e+02 4.951752164291352898e+00
3.277781987658210710e+04 1.700051105716676830e+04 1.638610612216215668e+04 2.926711130814827357e+03 1.021062064120935133e+03 2.930843817529010948e+02 5.463015673017572738e+01 3.701338859007459625e+00
1.431726392316008241e+04 6.918393214425682345e+03 2.926711130814827357e+03 4.543874281963659996e+03 3.442700390065051579e+02 1.796090535310766541e+02 2.580991267752801477e+01 1.985100677959491078e+00
3.786283232592779314e+03 1.298729503191205367e+03 1.021062064120935133e+03 3.442700390065051579e+02 1.035442658562321185e+03 4.745715213449716430e+01 1.966261111233101389e+01 4.915496635255788505e+00
1.736824143502348306e+03 6.638055012996954929e+02 2.930843817529010948e+02 1.796090535310766541e+02 4.745715213449716430e+01 1.792025557274417054e+02 -4.973947989213066689e-01 -6.373637534364876567e-01
1.591421356816914852e+02 1.024062920831177763e+02 5.463015673017572738e+01 2.580991267752801477e+01 1.966261111233101389e+01 -4.973947989213066689e-01 2.793939219015645392e+01 -1.067359567662931469e-01
4.379892280455779741e+01 4.951752164291352898e+00 3.701338859007459625e+00 1.985100677959491078e+00 4.915496635255788505e+00 -6.373637534364876567e-01 -1.067359567662931469e-01 2.013822232560376513e+00
