1.617739230104037793e+06 9.397786558721563779e+05 5.849749322958667763e+05 3.824865293254738790e+05 2.468460860367334099e+05 1.213367863021328958e+05 6.328083804825896368e+04 3.046623038361552972e+04 1.150340300473740353e+04 3.806732480344375290e+03 2.763460005131076969e+02 1.722169875268441217e+02 1.057760655021977243e+02
9.397786558721563779e+05 7.638843765457316767e+05 4.008403708013479481e+05 2.542905751739508123e+05 1.650606776781577501e+05 8.462332298053152044e+04 4.389785149413284671e+04 2.015023263544420479e+04 7.010035899065716876e+03 2.586958720286608695e+03 6.678013641186899463e+01 4.377630294001016864e+01 5.729389823107366198e+01
5.849749322958667763e+05 4.008403708013479481e+05 3.407144834158683661e+05 1.638884115793332167e+05 1.044644548389607517e+05 5.322253343086947280e+04 2.856589452399948641e+04 1.223095315964853216e+04 4.366469552430527983e+03 1.617299688650391090e+03 2.225128733422605194e+02 2.457637646915171459e+01 7.762323214143246730e+01
3.824865293254738790e+05 2.542905751739508123e+05 1.638884115793332167e+05 1.528949732882369717e+05 6.971325066922602127e+04 3.520085734965581651e+04 1.875719287226898814e+04 8.046524086534357593e+03 3.376994910405485825e+03 9.855236767628518919e+02 1.196916984846071159e+02 1.719601257654449489e+00 5.000373007149800486e+01
2.468460860367334099e+05 1.650606776781577501e+05 1.044644548389607517e+05 6.971325066922602127e+04 7.477824695830242126e+04 2.380835588098868902e+04 1.192174650066381218e+04 5.796946427135148951e+03 2.103184102389288455e+03 7.250756545815718255e+02 1.189289563076087575e+02 1.597248785045967523e+01 2.336461640388871430e+01
1.213367863021328958e+05 8.462332298053152044e+04 5.322253343086947280e+04 3.520085734965581651e+04 2.380835588098868902e+04 2.609451183167807903e+04 6.413869554727158175e+03 2.816353920213152378e+03 1.141101512325683871e+03 3.114066505566296428e+02 1.229524703106953609e+02 1.529405907605995707e-01 1.817247942524678095e+01
6.328083804825896368e+04 4.389785149413284671e+04 2.856589452399948641e+04 1.875719287226898814e+04 1.192174650066381218e+04 6.413869554727158175e+03 8.986238134810697375e+03 1.602686019125195116e+03 7.110992375182364640e+02 2.653813366217129897e+02 4.503904320218777180e+00 -3.688221169495982554e+00 8.584280850639910199e+00
3.046623038361552972e+04 2.015023263544420479e+04 1.223095315964853216e+04 8.046524086534357593e+03 5.796946427135148951e+03 2.816353920213152378e+03 1.602686019125195116e+03 2.828975440504575090e+03 2.782773656657316224e+02 1.443033689362412417e+02 2.798028500196883428e+00 2.158815261890401072e+00 3.447045622527340036e+00
1.150340300473740353e+04 7.010035899065716876e+03 4.366469552430527983e+03 3.376994910405485825e+03 2.103184102389288455e+03 1.141101512325683871e+03 7.110992375182364640e+02 2.782773656657316224e+02 7.825460227251194283e+02 4.400375304935282372e+01 3.250967942064989735e+00 -3.125478226569357254e+00 4.274493434078494580e+00
3.806732480344375290e+03 2.586958720286608695e+03 1.617299688650391090e+03 9.855236767628518919e+02 7.250756545815718255e+02 3.114066505566296428e+02 2.653813366217129897e+02 1.443033689362412417e+02 4.400375304935282372e+01 2.238873778822843974e+02 2.758812964104763843e+00 -6.078408094331763656e-02 2.941165206934712173e-01
2.763460005131076969e+02 6.678013641186899463e+01 2.225128733422605194e+02 1.196916984846071159e+02 1.189289563076087575e+02 1.229524703106953609e+02 4.503904320218777180e+00 2.798028500196883428e+00 3.250967942064989735e+00 2.758812964104763843e+00 2.746460070235638540e+01 -1.705875820022134670e-01 8.901926692989066137e-01
1.722169875268441217e+02 4.377630294001016864e+01 2.457637646915171459e+01 1.719601257654449489e+00 1.597248785045967523e+01 1.529405907605995707e-01 -3.688221169495982554e+00 2.158815261890401072e+00 -3.125478226569357254e+00 -6.078408094331763656e-02 -1.705875820022134670e-01 2.994106180659540151e+00 -1.176466082773885459e-02
1.057760655021977243e+02 5.729389823107366198e+01 7.762323214143246730e+01 5.000373007149800486e+01 2.336461640388871430e+01 1.817247942524678095e+01 8.584280850639910199e+00 3.447045622527340036e+00 4.274493434078494580e+00 2.941165206934712173e-01 8.901926692989066137e-01 -1.176466082773885459e-02 1.999992340715606831e+00
