1.888970621159218252e+06 1.126694118392858421e+06 8.060669322459048126e+05 5.338628365633928915e+05 3.687991565449843183e+05 2.487340840054237924e+05 1.605798271133907838e+05 9.404115628657910565e+04 5.044712771984886786e+04 2.233136500158038689e+04 9.004510023082424595e+03 2.081177712216569034e+03 7.586881686054227885e+02 1.197227481170578187e+02 1.000816165620623224e+02
1.126694118392858421e+06 1.001720500353461248e+06 5.812386561151122442e+05 3.769745674994417932e+05 2.627366166872155154e+05 1.758201245812126726e+05 1.141742256966213026e+05 6.732848894498714071e+04 3.526804469907865132e+04 1.483114498476377048e+04 7.038165942925195850e+03 1.459363130408848519e+03 3.829571137054783208e+02 5.233584831965790585e+01 4.495357902260344218e+01
8.060669322459048126e+05 5.812386561151122442e+05 5.445411302166940877e+05 2.748747977820673841e+05 1.907577484842338308e+05 1.281650065815380513e+05 8.319735480496712262e+04 5.010659811466789688e+04 2.654260530394208035e+04 1.046780580179136814e+04 4.360118299578024562e+03 8.508759618197797181e+02 3.461261605065020035e+02 3.189584821028290662e+01 2.381582603041817237e+01
5.338628365633928915e+05 3.769745674994417932e+05 2.748747977820673841e+05 2.619319283642156515e+05 1.275787025248653081e+05 8.429866143375152024e+04 5.286523670435488748e+04 3.289111264428472350e+04 1.706645841402127189e+04 6.791529371424458986e+03 3.060585730016769503e+03 4.924152104243497661e+02 1.721904014088819395e+02 3.342479092510529881e+01 2.226198519381647145e+01
3.687991565449843183e+05 2.627366166872155154e+05 1.907577484842338308e+05 1.275787025248653081e+05 1.305824368909071345e+05 6.009927687290508766e+04 3.908033349875840213e+04 2.365493930389243542e+04 1.148919982185925255e+04 5.457998428215377317e+03 1.929234058225221816e+03 3.242207749007914686e+02 1.165047006274408545e+02 1.159632146822773180e+01 1.765244275579459199e+01
2.487340840054237924e+05 1.758201245812126726e+05 1.281650065815380513e+05 8.429866143375152024e+04 6.009927687290508766e+04 6.305917576871953497e+04 2.737473596800973974e+04 1.577453993451700444e+04 7.346481191659598153e+03 3.284759667375989011e+03 1.449575239663705588e+03 2.982200986968970824e+02 9.201127544910515610e+01 1.880403058168106867e+01 1.600510089765366928e+01
1.605798271133907838e+05 1.141742256966213026e+05 8.319735480496712262e+04 5.286523670435488748e+04 3.908033349875840213e+04 2.737473596800973974e+04 3.260420134732604129e+04 1.017546669411619041e+04 5.066202006817021356e+03 2.181018919254940101e+03 1.021814984305746293e+03 2.521672067552620717e+02 6.970713581797197378e+01 3.675595588397557734e+00 7.598352914071734077e+00
9.404115628657910565e+04 6.732848894498714071e+04 5.010659811466789688e+04 3.289111264428472350e+04 2.365493930389243542e+04 1.577453993451700444e+04 1.017546669411619041e+04 1.479604006921849395e+04 3.170488674704669393e+03 1.414907321377842891e+03 6.966046832333565817e+02 1.919172857715228417e+02 1.667109935538607601e+01 9.166846108851375519e+00 6.742600669301291205e+00
5.044712771984886786e+04 3.526804469907865132e+04 2.654260530394208035e+04 1.706645841402127189e+04 1.148919982185925255e+04 7.346481191659598153e+03 5.066202006817021356e+03 3.170488674704669393e+03 5.426185861600989483e+03 5.860393049571965776e+02 3.238557051099802493e+02 7.550578368808761809e+01 2.970567460867950871e+00 4.815818844341292149e+00 -7.400915403636011414e-01
2.233136500158038689e+04 1.483114498476377048e+04 1.046780580179136814e+04 6.791529371424458986e+03 5.457998428215377317e+03 3.284759667375989011e+03 2.181018919254940101e+03 1.414907321377842891e+03 5.860393049571965776e+02 1.643539087343385518e+03 1.468599387523544522e+02 1.824936719988360068e+01 4.500487227653991340e+00 1.101007917620624887e+00 3.381305060909964411e+00
9.004510023082424595e+03 7.038165942925195850e+03 4.360118299578024562e+03 3.060585730016769503e+03 1.929234058225221816e+03 1.449575239663705588e+03 1.021814984305746293e+03 6.966046832333565817e+02 3.238557051099802493e+02 1.468599387523544522e+02 5.510237137417940403e+02 2.258229649784351523e+01 5.460968839144547005e+00 3.302270995929122321e+00 -9.084082743481740607e-01
2.081177712216569034e+03 1.459363130408848519e+03 8.508759618197797181e+02 4.924152104243497661e+02 3.242207749007914686e+02 2.982200986968970824e+02 2.521672067552620717e+02 1.919172857715228417e+02 7.550578368808761809e+01 1.824936719988360068e+01 2.258229649784351523e+01 9.630170156477230137e+01 2.109100233211934405e+00 -5.826628205440511632e-01 8.101816553894898298e-01
7.586881686054227885e+02 3.829571137054783208e+02 3.461261605065020035e+02 1.721904014088819395e+02 1.165047006274408545e+02 9.201127544910515610e+01 6.970713581797197378e+01 1.667109935538607601e+01 2.970567460867950871e+00 4.500487227653991340e+00 5.460968839144547005e+00 2.109100233211934405e+00 1.462469788249710234e+01 -8.827218386574105236e-02 -2.942213018162290888e-02
1.197227481170578187e+02 5.233584831965790585e+01 3.189584821028290662e+01 3.342479092510529881e+01 1.159632146822773180e+01 1.880403058168106867e+01 3.675595588397557734e+00 9.166846108851375519e+00 4.815818844341292149e+00 1.101007917620624887e+00 3.302270995929122321e+00 -5.826628205440511632e-01 -8.827218386574105236e-02 2.995177030678541019e+00 -5.884048048365579132e-03
1.000816165620623224e+02 4.495357902260344218e+01 2.381582603041817237e+01 2.226198519381647145e+01 1.765244275579459199e+01 1.600510089765366928e+01 7.598352914071734077e+00 6.742600669301291205e+00 -7.400915403636011414e-01 3.381305060909964411e+00 -9.084082743481740607e-01 8.101816553894898298e-01 -2.942213018162290888e-02 -5.884048048365579132e-03 1.002183739737692036e+00
