2.083485275362070883e+06 1.194158475394901820e+06 8.073305053922622465e+05 5.464227126689836150e+05 3.645559964577527717e+05 2.272514562611036235e+05 1.229011399831427552e+05 7.310896349489073327e+04 2.486906202040786593e+04 1.055770862977188335e+04 2.545178722606506653e+03 5.544279627910960926e+02
1.194158475394901820e+06 1.034516916108530364e+06 5.608292997943875380e+05 3.785984073541213293e+05 2.525594193387454725e+05 1.546794841434832488e+05 8.365704200924176257e+04 5.278425188544685079e+04 1.978671638625651758e+04 7.429040433341558128e+03 1.734416640947092446e+03 5.987136258073911677e+02
8.073305053922622465e+05 5.608292997943875380e+05 4.902931041463996517e+05 2.538119480140541855e+05 1.703167427201718674e+05 1.043580590411178273e+05 5.861698910769986105e+04 3.572646777796896640e+04 1.117786103921024915e+04 4.978513609701902169e+03 1.107075458695216184e+03 3.730613260083098339e+02
5.464227126689836150e+05 3.785984073541213293e+05 2.538119480140541855e+05 2.499176210523783811e+05 1.169555286424309161e+05 6.754432168474209902e+04 3.975262486975888896e+04 2.338338915802509291e+04 8.569765833860255952e+03 3.159490109772859341e+03 5.931668576845163443e+02 3.273017658602979623e+02
3.645559964577527717e+05 2.525594193387454725e+05 1.703167427201718674e+05 1.169555286424309161e+05 1.200591744356230629e+05 4.905754913983098959e+04 2.455261114140986319e+04 1.568703109758075880e+04 6.565315215292947869e+03 2.425562956953602225e+03 4.959136087714213659e+02 1.518601423856621579e+02
2.272514562611036235e+05 1.546794841434832488e+05 1.043580590411178273e+05 6.754432168474209902e+04 4.905754913983098959e+04 4.787297125402405800e+04 1.662944148982132901e+04 1.010656113382815420e+04 3.409487912789549227e+03 1.170359491225379543e+03 2.915836083635388150e+02 1.135804220795045438e+02
1.229011399831427552e+05 8.365704200924176257e+04 5.861698910769986105e+04 3.975262486975888896e+04 2.455261114140986319e+04 1.662944148982132901e+04 1.856475453006731914e+04 5.672573393374238549e+03 2.118471848105798927e+03 7.919208930653134075e+02 1.847065920983951059e+02 7.596077145120901264e+01
7.310896349489073327e+04 5.278425188544685079e+04 3.572646777796896640e+04 2.338338915802509291e+04 1.568703109758075880e+04 1.010656113382815420e+04 5.672573393374238549e+03 8.018335829101324634e+03 1.494126140194716527e+03 5.440247517448201506e+02 1.066119348445375437e+02 1.016117535470973543e+01
2.486906202040786593e+04 1.978671638625651758e+04 1.117786103921024915e+04 8.569765833860255952e+03 6.565315215292947869e+03 3.409487912789549227e+03 2.118471848105798927e+03 1.494126140194716527e+03 2.180549519356743986e+03 2.007843806736636907e+02 4.105809182927811918e+01 1.692899070815908757e+01
1.055770862977188335e+04 7.429040433341558128e+03 4.978513609701902169e+03 3.159490109772859341e+03 2.425562956953602225e+03 1.170359491225379543e+03 7.919208930653134075e+02 5.440247517448201506e+02 2.007843806736636907e+02 5.624446565686782833e+02 1.234338334666771253e+01 1.304690864212373924e+01
2.545178722606506653e+03 1.734416640947092446e+03 1.107075458695216184e+03 5.931668576845163443e+02 4.959136087714213659e+02 2.915836083635388150e+02 1.847065920983951059e+02 1.066119348445375437e+02 4.105809182927811918e+01 1.234338334666771253e+01 9.616752203113679798e+01 4.070504035284363553e+00
5.544279627910960926e+02 5.987136258073911677e+02 3.730613260083098339e+02 3.273017658602979623e+02 1.518601423856621579e+02 1.135804220795045438e+02 7.596077145120901264e+01 1.016117535470973543e+01 1.692899070815908757e+01 1.304690864212373924e+01 4.070504035284363553e+00 1.653363775988745843e+01
