1.820103302177858539e+06 1.109623476013045525e+06 7.050613802489701193e+05 4.652735495344817173e+05 3.152640357841695659e+05 1.705876741587158467e+05 9.179649943130026804e+04 4.397690609334102191e+04 1.860530129709978792e+04 5.721005541491872464e+03 9.523943918718643999e+02 4.396512574629612118e+02
1.109623476013045525e+06 9.677871956679620780e+05 4.997013725897164550e+05 3.354513506305499468e+05 2.273433960194735555e+05 1.252259282708012179e+05 6.655605883862519113e+04 3.221838641855731112e+04 1.383426858812536011e+04 3.714715185680243849e+03 6.671896017555425260e+02 2.932616220066523738e+02
7.050613802489701193e+05 4.997013725897164550e+05 4.235323682124138577e+05 2.216318825984762225e+05 1.386622258339954424e+05 8.114408336364688876e+04 4.370789143730260548e+04 2.045472166543405183e+04 7.984400795033499890e+03 2.385692824399348410e+03 5.205568299753606425e+02 2.055070561157412214e+02
4.652735495344817173e+05 3.354513506305499468e+05 2.216318825984762225e+05 2.017600567399673164e+05 9.668459051550459117e+04 5.281144284833178972e+04 2.984415629535706103e+04 1.458505002661550316e+04 6.163968550978115672e+03 1.507845205862373405e+03 3.074164697592217408e+02 1.409935776900323958e+02
3.152640357841695659e+05 2.273433960194735555e+05 1.386622258339954424e+05 9.668459051550459117e+04 9.665725336529678316e+04 3.466903193538513005e+04 1.839402367484816932e+04 1.000101267994512455e+04 4.020110094553843737e+03 1.268779454735530862e+03 1.051643031391568144e+02 9.492120511180485209e+01
1.705876741587158467e+05 1.252259282708012179e+05 8.114408336364688876e+04 5.281144284833178972e+04 3.466903193538513005e+04 3.640955272076753317e+04 1.126623528555725352e+04 5.457586942451770483e+03 1.984439459101275588e+03 5.769311238850781365e+02 1.487582538363394633e+02 4.962922170181491310e+01
9.179649943130026804e+04 6.655605883862519113e+04 4.370789143730260548e+04 2.984415629535706103e+04 1.839402367484816932e+04 1.126623528555725352e+04 1.421741221885702544e+04 3.123548822193592059e+03 1.448951313758779179e+03 4.155748790790531757e+02 3.906259550170160111e+01 1.865483051918560520e+01
4.397690609334102191e+04 3.221838641855731112e+04 2.045472166543405183e+04 1.458505002661550316e+04 1.000101267994512455e+04 5.457586942451770483e+03 3.123548822193592059e+03 5.019306267975303854e+03 6.471190903833836501e+02 2.157481933662925258e+02 2.968616082199349293e+01 2.099599802390474679e+01
1.860530129709978792e+04 1.383426858812536011e+04 7.984400795033499890e+03 6.163968550978115672e+03 4.020110094553843737e+03 1.984439459101275588e+03 1.448951313758779179e+03 6.471190903833836501e+02 1.296026409212595809e+03 1.109642809272346824e+02 9.137219909544477048e+00 7.850950325711113287e+00
5.721005541491872464e+03 3.714715185680243849e+03 2.385692824399348410e+03 1.507845205862373405e+03 1.268779454735530862e+03 5.769311238850781365e+02 4.155748790790531757e+02 2.157481933662925258e+02 1.109642809272346824e+02 2.770499193860317746e+02 1.483131575016945902e+01 4.572531508381171506e+00
9.523943918718643999e+02 6.671896017555425260e+02 5.205568299753606425e+02 3.074164697592217408e+02 1.051643031391568144e+02 1.487582538363394633e+02 3.906259550170160111e+01 2.968616082199349293e+01 9.137219909544477048e+00 1.483131575016945902e+01 3.875867509698568369e+01 5.235274068343798159e-01
4.396512574629612118e+02 2.932616220066523738e+02 2.055070561157412214e+02 1.409935776900323958e+02 9.492120511180485209e+01 4.962922170181491310e+01 1.865483051918560520e+01 2.099599802390474679e+01 7.850950325711113287e+00 4.572531508381171506e+00 5.235274068343798159e-01 6.931346004342812783e+00
