2.104060077341650613e+06 1.226703475960333366e+06 8.441811144641615683e+05 6.271359735651239753e+05 3.985154624764571199e+05 2.488599037321377255e+05 1.577063352234841150e+05 8.668034264220461773e+04 4.131379935685366218e+04 1.800735943073843009e+04 4.695563300789093773e+03 1.416563301148335313e+03 2.029311902649153581e+02
1.226703475960333366e+06 1.081239981799155241e+06 5.996946971399385948e+05 4.371338580930109019e+05 2.767265075171251665e+05 1.779541517614565964e+05 1.096092241251876403e+05 5.997481219453476660e+04 2.962759786709674881e+04 1.338236066697234855e+04 3.165906289369036131e+03 9.729028858856987654e+02 2.086938613940049549e+02
8.441811144641615683e+05 5.996946971399385948e+05 5.355937556058710907e+05 2.961225676944406587e+05 1.964005107076429704e+05 1.185895312468824995e+05 7.513888341272616526e+04 4.132931695842757472e+04 2.047373621978213123e+04 8.337553294292025384e+03 2.231221582049440713e+03 5.631865910074433259e+02 1.449931139640566471e+02
6.271359735651239753e+05 4.371338580930109019e+05 2.961225676944406587e+05 2.977083307667526533e+05 1.422768892225615855e+05 8.490745165496625123e+04 5.447695524778377148e+04 3.038931051427036073e+04 1.468139968926882102e+04 6.021052352141809934e+03 1.417009956383044482e+03 4.385287506838118361e+02 6.309628405384933103e+01
3.985154624764571199e+05 2.767265075171251665e+05 1.964005107076429704e+05 1.422768892225615855e+05 1.355137224992024712e+05 5.790019762539800286e+04 3.365427066191870108e+04 2.072341151870473914e+04 9.731706104447008329e+03 4.769463750393625560e+03 1.249771506291759579e+03 3.223623745052410641e+02 6.568545613210051215e+01
2.488599037321377255e+05 1.779541517614565964e+05 1.185895312468824995e+05 8.490745165496625123e+04 5.790019762539800286e+04 5.702124607059644768e+04 2.262737398377114732e+04 1.227695875157489536e+04 6.265572509524918132e+03 2.196447265984893875e+03 7.009111826391682598e+02 1.478088250152963496e+02 4.478321378180659451e+01
1.577063352234841150e+05 1.096092241251876403e+05 7.513888341272616526e+04 5.447695524778377148e+04 3.365427066191870108e+04 2.262737398377114732e+04 2.666766799239501051e+04 7.698764385996089914e+03 3.415121358564907950e+03 1.749639258580535625e+03 3.792084300196823961e+02 1.616063407156585470e+02 4.304433609613124645e+01
8.668034264220461773e+04 5.997481219453476660e+04 4.132931695842757472e+04 3.038931051427036073e+04 2.072341151870473914e+04 1.227695875157489536e+04 7.698764385996089914e+03 1.025415823526641543e+04 2.366231812750371773e+03 1.030174504908403151e+03 2.358839613679688227e+02 6.934745838534591655e+01 6.740870529068319073e+00
4.131379935685366218e+04 2.962759786709674881e+04 2.047373621978213123e+04 1.468139968926882102e+04 9.731706104447008329e+03 6.265572509524918132e+03 3.415121358564907950e+03 2.366231812750371773e+03 3.468047032354188559e+03 4.864671400893832924e+02 1.420520136530805644e+02 4.310692874778797545e+01 7.927226711516278890e+00
1.800735943073843009e+04 1.338236066697234855e+04 8.337553294292025384e+03 6.021052352141809934e+03 4.769463750393625560e+03 2.196447265984893875e+03 1.749639258580535625e+03 1.030174504908403151e+03 4.864671400893832924e+02 1.178742352301176425e+03 4.744523926632906807e+01 2.973517122745606045e+01 3.483506569390893315e+00
4.695563300789093773e+03 3.165906289369036131e+03 2.231221582049440713e+03 1.417009956383044482e+03 1.249771506291759579e+03 7.009111826391682598e+02 3.792084300196823961e+02 2.358839613679688227e+02 1.420520136530805644e+02 4.744523926632906807e+01 2.103631251827825679e+02 2.901018765375859232e+00 4.825965905971975722e+00
1.416563301148335313e+03 9.729028858856987654e+02 5.631865910074433259e+02 4.385287506838118361e+02 3.223623745052410641e+02 1.478088250152963496e+02 1.616063407156585470e+02 6.934745838534591655e+01 4.310692874778797545e+01 2.973517122745606045e+01 2.901018765375859232e+00 3.306891705969214001e+01 6.167815972887219500e-01
2.029311902649153581e+02 2.086938613940049549e+02 1.449931139640566471e+02 6.309628405384933103e+01 6.568545613210051215e+01 4.478321378180659451e+01 4.304433609613124645e+01 6.740870529068319073e+00 7.927226711516278890e+00 3.483506569390893315e+00 4.825965905971975722e+00 6.167815972887219500e-01 5.962044769412375267e+00
