1.917802080062930007e+06 1.161289033080794616e+06 7.342114356717324117e+05 4.827197234945796081e+05 3.261916329000598635e+05 1.761423422972845437e+05 9.464338050786459644e+04 4.529020404843463621e+04 1.914508256228010941e+04 5.883367850275413730e+03 9.789460640708510937e+02 4.517921759954763843e+02
1.161289033080794616e+06 1.006008153671426116e+06 5.168466439714271692e+05 3.456791341677824385e+05 2.336348742930094013e+05 1.284302474967214657e+05 6.815671678313153097e+04 3.295644297768942488e+04 1.413948787349409031e+04 3.794338707503324713e+03 6.811584442177874053e+02 2.993247020371244389e+02
7.342114356717324117e+05 5.168466439714271692e+05 4.358803533853011322e+05 2.272507816097029136e+05 1.417891579361113836e+05 8.280555033236919553e+04 4.453592221103986230e+04 2.081898965596693233e+04 8.119874844647333703e+03 2.424681108882221906e+03 5.288062192211393722e+02 2.087101614539687660e+02
4.827197234945796081e+05 3.456791341677824385e+05 2.272507816097029136e+05 2.061108260880242742e+05 9.849962581284085172e+04 5.369366941355869494e+04 3.029719081984794684e+04 1.478994165207581318e+04 6.245394591017859057e+03 1.526825225187494652e+03 3.111343769940420998e+02 1.426621120526710627e+02
3.261916329000598635e+05 2.336348742930094013e+05 1.417891579361113836e+05 9.849962581284085172e+04 9.820271035361883696e+04 3.515187316405624733e+04 1.862222216367956935e+04 1.011379674272337252e+04 4.062086069665474042e+03 1.281239768653763804e+03 1.061453374003947800e+02 9.578208082514555599e+01
1.761423422972845437e+05 1.284302474967214657e+05 8.280555033236919553e+04 5.369366941355869494e+04 3.515187316405624733e+04 3.684171465524205996e+04 1.138285785126350493e+04 5.507932884751712663e+03 2.001090645143885013e+03 5.814146554682911301e+02 1.498412469693065816e+02 4.997769496854880344e+01
9.464338050786459644e+04 6.815671678313153097e+04 4.453592221103986230e+04 3.029719081984794684e+04 1.862222216367956935e+04 1.138285785126350493e+04 1.434303492466728312e+04 3.147634378227876368e+03 1.458917404794222193e+03 4.181761867197254219e+02 3.928795357995551285e+01 1.875763454069834069e+01
4.529020404843463621e+04 3.295644297768942488e+04 2.081898965596693233e+04 1.478994165207581318e+04 1.011379674272337252e+04 5.507932884751712663e+03 3.147634378227876368e+03 5.052370129349452327e+03 6.508435503398612809e+02 2.168566076255798976e+02 2.982413307388933532e+01 2.108816381962275699e+01
1.914508256228010941e+04 1.413948787349409031e+04 8.119874844647333703e+03 6.245394591017859057e+03 4.062086069665474042e+03 2.001090645143885013e+03 1.458917404794222193e+03 6.508435503398612809e+02 1.302408361596620807e+03 1.114421869393076179e+02 9.172100421023044348e+00 7.878896653362815528e+00
5.883367850275413730e+03 3.794338707503324713e+03 2.424681108882221906e+03 1.526825225187494652e+03 1.281239768653763804e+03 5.814146554682911301e+02 4.181761867197254219e+02 2.168566076255798976e+02 1.114421869393076179e+02 2.780721850076562305e+02 1.487878618699645017e+01 4.585988692934088284e+00
9.789460640708510937e+02 6.811584442177874053e+02 5.288062192211393722e+02 3.111343769940420998e+02 1.061453374003947800e+02 1.498412469693065816e+02 3.928795357995551285e+01 2.982413307388933532e+01 9.172100421023044348e+00 1.487878618699645017e+01 3.886378059134409568e+01 5.248122885564321383e-01
4.517921759954763843e+02 2.993247020371244389e+02 2.087101614539687660e+02 1.426621120526710627e+02 9.578208082514555599e+01 4.997769496854880344e+01 1.875763454069834069e+01 2.108816381962275699e+01 7.878896653362815528e+00 4.585988692934088284e+00 5.248122885564321383e-01 6.946572986894246071e+00
