1.899910089470524807e+06 1.150475041983705014e+06 7.276560670292371651e+05 4.786691324555056635e+05 3.236404494693252491e+05 1.748601778018644254e+05 9.400003949171297427e+04 4.500107016879578441e+04 1.902945460056584852e+04 5.849494388522314694e+03 9.735480246069748773e+02 4.493627298198157973e+02
1.150475041983705014e+06 9.966576185433794744e+05 5.122409851430840790e+05 3.427844852201679605e+05 2.318116518951768812e+05 1.274976209742668289e+05 6.769460628608775733e+04 3.274662220744956358e+04 1.405433789607301151e+04 3.772558953713729352e+03 6.774143205510300731e+02 2.977203463735816626e+02
7.276560670292371651e+05 5.122409851430840790e+05 4.321634670149529120e+05 2.254350866288456600e+05 1.407371488658572489e+05 8.223606910029482970e+04 4.425109155652519257e+04 2.069445342076998350e+04 8.074101031280042662e+03 2.411696765882684758e+03 5.261031667430861489e+02 2.076718749822127847e+02
4.786691324555056635e+05 3.427844852201679605e+05 2.254350866288456600e+05 2.045748761174606043e+05 9.782180544239813753e+04 5.335330750787781290e+04 3.011974347196557574e+04 1.470944002168604857e+04 6.213554258196222690e+03 1.519472228200678956e+03 3.097117830482391696e+02 1.420293525717264913e+02
3.236404494693252491e+05 2.318116518951768812e+05 1.407371488658572489e+05 9.782180544239813753e+04 9.758300060547422618e+04 3.494912733782373107e+04 1.852379689237188722e+04 1.006453005131049940e+04 4.043700055514351789e+03 1.275802506846631331e+03 1.057207540923982663e+02 9.541207178498288499e+01
1.748601778018644254e+05 1.274976209742668289e+05 8.223606910029482970e+04 5.335330750787781290e+04 3.494912733782373107e+04 3.664923111355653964e+04 1.132888032398639007e+04 5.484096508879635621e+03 1.993121362993059620e+03 5.792635281249916943e+02 1.493234029530838995e+02 4.981182461350727664e+01
9.400003949171297427e+04 6.769460628608775733e+04 4.425109155652519257e+04 3.011974347196557574e+04 1.852379689237188722e+04 1.132888032398639007e+04 1.428194564552079828e+04 3.135532976480316847e+03 1.453812274333440428e+03 4.168311359327026366e+02 3.917117070011460100e+01 1.870444997290532996e+01
4.500107016879578441e+04 3.274662220744956358e+04 2.069445342076998350e+04 1.470944002168604857e+04 1.006453005131049940e+04 5.484096508879635621e+03 3.135532976480316847e+03 5.035041147951160383e+03 6.488360980944420362e+02 2.162490887812869289e+02 2.974786106817236586e+01 2.103712613532504605e+01
1.902945460056584852e+04 1.405433789607301151e+04 8.074101031280042662e+03 6.213554258196222690e+03 4.043700055514351789e+03 1.993121362993059620e+03 1.453812274333440428e+03 6.488360980944420362e+02 1.298841352913828587e+03 1.111685102372293699e+02 9.151815373644941687e+00 7.862552916491020838e+00
5.849494388522314694e+03 3.772558953713729352e+03 2.411696765882684758e+03 1.519472228200678956e+03 1.275802506846631331e+03 5.792635281249916943e+02 4.168311359327026366e+02 2.162490887812869289e+02 1.111685102372293699e+02 2.774680213340290607e+02 1.485009322804584286e+01 4.577774388899762847e+00
9.735480246069748773e+02 6.774143205510300731e+02 5.261031667430861489e+02 3.097117830482391696e+02 1.057207540923982663e+02 1.493234029530838995e+02 3.917117070011460100e+01 2.974786106817236586e+01 9.151815373644941687e+00 1.485009322804584286e+01 3.879832819904669350e+01 5.240004869812435739e-01
4.493627298198157973e+02 2.977203463735816626e+02 2.076718749822127847e+02 1.420293525717264913e+02 9.541207178498288499e+01 4.981182461350727664e+01 1.870444997290532996e+01 2.103712613532504605e+01 7.862552916491020838e+00 4.577774388899762847e+00 5.240004869812435739e-01 6.936781682486595102e+00
