1.856333262091433164e+06 1.044929226391894859e+06 6.752399045747037744e+05 4.557120280494371546e+05 2.739281948634853470e+05 1.409662183841797814e+05 7.575740115209360374e+04 3.297094715497584548e+04 1.121285799335543743e+04 1.906590468600544909e+03 9.326020428118620202e+02 2.990179104108613206e+00
1.044929226391894859e+06 8.587314683096229564e+05 4.368535280691606458e+05 3.073212983402044047e+05 1.836746277871521597e+05 9.653973419489845401e+04 5.119523915986939392e+04 2.107082658333310610e+04 7.667750583559311053e+03 1.111411972208869201e+03 7.444451093326041473e+02 7.747175835705998992e+00
6.752399045747037744e+05 4.368535280691606458e+05 3.834869635056345724e+05 1.952623715435603226e+05 1.154162949925099092e+05 6.283732607987161464e+04 3.312612707899676752e+04 1.467798532169629652e+04 5.048069123938041230e+03 6.092230996933079723e+02 4.466111601018826605e+02 -8.021307235771768518e+00
4.557120280494371546e+05 3.073212983402044047e+05 1.952623715435603226e+05 1.906364003088008903e+05 7.981256526824500179e+04 4.085909311697798694e+04 2.203000164334911824e+04 1.029764349387965922e+04 3.615156539596681796e+03 7.351543325401169113e+02 3.158439066650346945e+02 9.227711388001722526e+00
2.739281948634853470e+05 1.836746277871521597e+05 1.154162949925099092e+05 7.981256526824500179e+04 7.514448322052242293e+04 2.426874900137575969e+04 1.269735369758411616e+04 5.891556296152147297e+03 1.931447170304669726e+03 1.779221440274172892e+02 1.550337888414707379e+02 1.266303075430431946e+01
1.409662183841797814e+05 9.653973419489845401e+04 6.283732607987161464e+04 4.085909311697798694e+04 2.426874900137575969e+04 2.871892147606417711e+04 7.843115120705572735e+03 3.150480737008260803e+03 1.114323850740829357e+03 2.212979854027336444e+02 9.758067886457992302e+01 7.007818723795044669e+00
7.575740115209360374e+04 5.119523915986939392e+04 3.312612707899676752e+04 2.203000164334911824e+04 1.269735369758411616e+04 7.843115120705572735e+03 9.893115582495272974e+03 1.988026564131675968e+03 6.711071470690283149e+02 1.128443525660586886e+02 5.410324581837621594e+01 1.449153012433512133e+00
3.297094715497584548e+04 2.107082658333310610e+04 1.467798532169629652e+04 1.029764349387965922e+04 5.891556296152147297e+03 3.150480737008260803e+03 1.988026564131675968e+03 2.951572832256239053e+03 3.390748409528477509e+02 7.388135325048675384e+01 2.121993908934572204e+01 -8.232216597780219747e-01
1.121285799335543743e+04 7.667750583559311053e+03 5.048069123938041230e+03 3.615156539596681796e+03 1.931447170304669726e+03 1.114323850740829357e+03 6.711071470690283149e+02 3.390748409528477509e+02 6.572817246378577920e+02 3.090958392677123712e+01 1.303786681375826539e+01 -9.445396043089175631e-02
1.906590468600544909e+03 1.111411972208869201e+03 6.092230996933079723e+02 7.351543325401169113e+02 1.779221440274172892e+02 2.212979854027336444e+02 1.128443525660586886e+02 7.388135325048675384e+01 3.090958392677123712e+01 1.314023174885230958e+02 1.087798212227155936e+01 -2.379585415007277049e-01
9.326020428118620202e+02 7.444451093326041473e+02 4.466111601018826605e+02 3.158439066650346945e+02 1.550337888414707379e+02 9.758067886457992302e+01 5.410324581837621594e+01 2.121993908934572204e+01 1.303786681375826539e+01 1.087798212227155936e+01 2.119454109853738544e+01 -4.324348198978422014e-02
2.990179104108613206e+00 7.747175835705998992e+00 -8.021307235771768518e+00 9.227711388001722526e+00 1.266303075430431946e+01 7.007818723795044669e+00 1.449153012433512133e+00 -8.232216597780219747e-01 -9.445396043089175631e-02 -2.379585415007277049e-01 -4.324348198978422014e-02 1.004180062171775578e+00
