2.064047555832133861e+06 1.183039916588710621e+06 8.001235442254181253e+05 5.418387991019333713e+05 3.617050117908686516e+05 2.255975282590800198e+05 1.220659515499382396e+05 7.264241476741697988e+04 2.471904576403224928e+04 1.049697283613166837e+04 2.531117494916533360e+03 5.514700856651300001e+02
1.183039916588710621e+06 1.024904024868165958e+06 5.558332862668625312e+05 3.754294255827321904e+05 2.505890096683555457e+05 1.535566207817154936e+05 8.309010416184022324e+04 5.244839294155509560e+04 1.966772803171053602e+04 7.386442006090199357e+03 1.724867036814547191e+03 5.955306863359470526e+02
8.001235442254181253e+05 5.558332862668625312e+05 4.861137390238902299e+05 2.517849937767186784e+05 1.690534531909484940e+05 1.036406381946577312e+05 5.824230577527560672e+04 3.551290090624017466e+04 1.111494775979735641e+04 4.951884691765298157e+03 1.101406585189426551e+03 3.712218120015885461e+02
5.418387991019333713e+05 3.754294255827321904e+05 2.517849937767186784e+05 2.480563383336360566e+05 1.161510472405814653e+05 6.711639171178662218e+04 3.951996337992558256e+04 2.325622371841338827e+04 8.526157375909531766e+03 3.144296517281848992e+03 5.904498172624985273e+02 3.258646684109585294e+02
3.617050117908686516e+05 2.505890096683555457e+05 1.690534531909484940e+05 1.161510472405814653e+05 1.193017047020431783e+05 4.877469093215488101e+04 2.442290565484904801e+04 1.561066556507941459e+04 6.535651630498972736e+03 2.415282691201287889e+03 4.939250636295186609e+02 1.512800475941333787e+02
2.255975282590800198e+05 1.535566207817154936e+05 1.036406381946577312e+05 6.711639171178662218e+04 4.877469093215488101e+04 4.762296635890099424e+04 1.655063615951065731e+04 1.006286048427678361e+04 3.395938758089841940e+03 1.166036327491520751e+03 2.905731799102764512e+02 1.132084149663122616e+02
1.220659515499382396e+05 8.309010416184022324e+04 5.824230577527560672e+04 3.951996337992558256e+04 2.442290565484904801e+04 1.655063615951065731e+04 1.848575559767235973e+04 5.650789576230199600e+03 2.111078385713477928e+03 7.893789990864063384e+02 1.841559618324453140e+02 7.574876664707822727e+01
7.264241476741697988e+04 5.244839294155509560e+04 3.551290090624017466e+04 2.325622371841338827e+04 1.561066556507941459e+04 1.006286048427678361e+04 5.650789576230199600e+03 7.990873756027558557e+03 1.489532358054112819e+03 5.425046219772651739e+02 1.063384263133052485e+02 1.013704003042899870e+01
2.471904576403224928e+04 1.966772803171053602e+04 1.111494775979735641e+04 8.526157375909531766e+03 6.535651630498972736e+03 3.395938758089841940e+03 2.111078385713477928e+03 1.489532358054112819e+03 2.174609506737275751e+03 2.002937320860543480e+02 4.096715601812619667e+01 1.689471742373869034e+01
1.049697283613166837e+04 7.386442006090199357e+03 4.951884691765298157e+03 3.144296517281848992e+03 2.415282691201287889e+03 1.166036327491520751e+03 7.893789990864063384e+02 5.425046219772651739e+02 2.002937320860543480e+02 5.612280045961578026e+02 1.231950834649573601e+01 1.302415607645867546e+01
2.531117494916533360e+03 1.724867036814547191e+03 1.101406585189426551e+03 5.904498172624985273e+02 4.939250636295186609e+02 2.905731799102764512e+02 1.841559618324453140e+02 1.063384263133052485e+02 4.096715601812619667e+01 1.231950834649573601e+01 9.600353071192103016e+01 4.064337654925406440e+00
5.514700856651300001e+02 5.955306863359470526e+02 3.712218120015885461e+02 3.258646684109585294e+02 1.512800475941333787e+02 1.132084149663122616e+02 7.574876664707822727e+01 1.013704003042899870e+01 1.689471742373869034e+01 1.302415607645867546e+01 4.064337654925406440e+00 1.651173922717010356e+01
