3.130211613841624931e+05 1.198023983361276041e+05 5.380288525463425322e+04 2.248397262118073559e+04 7.862213964123191545e+03 1.817325145184500570e+03 2.122444752233207410e+01 1.198973739734925914e+01
1.198023983361276041e+05 9.545253573663826683e+04 2.824093473891435133e+04 1.117361518063232688e+04 4.063649239484575446e+03 7.445703213759760501e+02 -3.097747746803381474e+01 1.039158991089761130e+01
5.380288525463425322e+04 2.824093473891435133e+04 2.383686048156969628e+04 5.405746298773730814e+03 1.877629503113969577e+03 4.778211119137605465e+02 1.061557330283241996e+01 1.056351441714389416e+01
2.248397262118073559e+04 1.117361518063232688e+04 5.405746298773730814e+03 5.797564183957197201e+03 8.366331096928305442e+02 2.247084615024262746e+02 -4.523649114242099145e+00 2.835980992621109475e+00
7.862213964123191545e+03 4.063649239484575446e+03 1.877629503113969577e+03 8.366331096928305442e+02 1.478879651240070189e+03 5.632801654990871754e+01 1.239018740239839111e+01 3.756440089639232927e+00
1.817325145184500570e+03 7.445703213759760501e+02 4.778211119137605465e+02 2.247084615024262746e+02 5.632801654990871754e+01 2.466291398020434542e+02 -7.608967638580463877e-01 -8.075285439272721355e-01
2.122444752233207410e+01 -3.097747746803381474e+01 1.061557330283241996e+01 -4.523649114242099145e+00 1.239018740239839111e+01 -7.608967638580463877e-01 3.646618968337135414e+01 8.853176969538351093e-01
1.198973739734925914e+01 1.039158991089761130e+01 1.056351441714389416e+01 2.835980992621109475e+00 3.756440089639232927e+00 -8.075285439272721355e-01 8.853176969538351093e-01 2.013374250411507749e+00
