3.066127926527264208e+04 5.948086008092878728e+03 1.877874000177120706e+03 3.118214718285397566e+02 -7.502740360452081703e+00 2.191156980737102078e+00
5.948086008092878728e+03 6.054296333602616869e+03 5.907459496242387331e+02 9.128890088243231560e+01 6.306319291296749618e+00 3.509035689567976402e+00
1.877874000177120706e+03 5.907459496242387331e+02 1.239845920947810328e+03 4.560305318433534438e+01 2.133006274826545923e+00 3.202946291617394969e+00
3.118214718285397566e+02 9.128890088243231560e+01 4.560305318433534438e+01 1.714087547012697996e+02 1.189561700660137999e+00 -3.612359015386045202e-01
-7.502740360452081703e+00 6.306319291296749618e+00 2.133006274826545923e+00 1.189561700660137999e+00 2.631903909399593289e+01 -4.976354757009169433e-02
2.191156980737102078e+00 3.509035689567976402e+00 3.202946291617394969e+00 -3.612359015386045202e-01 -4.976354757009169433e-02 1.015393896345974545e+00
