1.997131910493580624e+06 1.172238463670063997e+06 8.107396029886280885e+05 6.045209103825133061e+05 3.851943895435364684e+05 2.410299475262365886e+05 1.529751474910083343e+05 8.417313646929766401e+04 4.015263250370648166e+04 1.751185842578741358e+04 4.568429563306335695e+03 1.378698641625876689e+03 1.975561061730508641e+02
1.172238463670063997e+06 1.040222455520560965e+06 5.798340578658638988e+05 4.242206616549184546e+05 2.692857020614846260e+05 1.735209668467783195e+05 1.070401234063874581e+05 5.863400290286456584e+04 2.898965760700944520e+04 1.310215374481544677e+04 3.101023418261897859e+03 9.533022315324737974e+02 2.045403931511085602e+02
8.107396029886280885e+05 5.798340578658638988e+05 5.204492676421746146e+05 2.888140135492576519e+05 1.920766310790673597e+05 1.162143000371411908e+05 7.374517640480566479e+04 4.060768762374300422e+04 2.013321505355732370e+04 8.203854856560616099e+03 2.196438647217128164e+03 5.546037584108357805e+02 1.428190608951364879e+02
6.045209103825133061e+05 4.242206616549184546e+05 2.888140135492576519e+05 2.914349290022467030e+05 1.396593886818675091e+05 8.351469193208811339e+04 5.366431213115538412e+04 2.996917150286478500e+04 1.449063274114287924e+04 5.946420364505240286e+03 1.400080912680288293e+03 4.334434380995660376e+02 6.238015326227893809e+01
3.851943895435364684e+05 2.692857020614846260e+05 1.920766310790673597e+05 1.396593886818675091e+05 1.333841460472272302e+05 5.710607149941670650e+04 3.324283739722077735e+04 2.049275289233610602e+04 9.631502330337134481e+03 4.723217205816394198e+03 1.238214865905043098e+03 3.194948548756999003e+02 6.511739768153276486e+01
2.410299475262365886e+05 1.735209668467783195e+05 1.162143000371411908e+05 8.351469193208811339e+04 5.710607149941670650e+04 5.635341555830145808e+04 2.239614952454902232e+04 1.216497302017007314e+04 6.213654635207388310e+03 2.179568123590172490e+03 6.958404724246437354e+02 1.467915947013026425e+02 4.448610414328859264e+01
1.529751474910083343e+05 1.070401234063874581e+05 7.374517640480566479e+04 5.366431213115538412e+04 3.324283739722077735e+04 2.239614952454902232e+04 2.643503601778441225e+04 7.640064858819931942e+03 3.391939951210375511e+03 1.738816870339805973e+03 3.770338502073773839e+02 1.607366393357858669e+02 4.282336541296972143e+01
8.417313646929766401e+04 5.863400290286456584e+04 4.060768762374300422e+04 2.996917150286478500e+04 2.049275289233610602e+04 1.216497302017007314e+04 7.640064858819931942e+03 1.018725510395505808e+04 2.352775303403374892e+03 1.024937251312592252e+03 2.347912576927870418e+02 6.905071595160669062e+01 6.713699779029453474e+00
4.015263250370648166e+04 2.898965760700944520e+04 2.013321505355732370e+04 1.449063274114287924e+04 9.631502330337134481e+03 6.213654635207388310e+03 3.391939951210375511e+03 2.352775303403374892e+03 3.451231881005481227e+03 4.844020664749375555e+02 1.415131835432599132e+02 4.295865901248788532e+01 7.901930522631204212e+00
1.751185842578741358e+04 1.310215374481544677e+04 8.203854856560616099e+03 5.946420364505240286e+03 4.723217205816394198e+03 2.179568123590172490e+03 1.738816870339805973e+03 1.024937251312592252e+03 4.844020664749375555e+02 1.174450404218756830e+03 4.729393652751073773e+01 2.965086683951133750e+01 3.474496497792324057e+00
4.568429563306335695e+03 3.101023418261897859e+03 2.196438647217128164e+03 1.400080912680288293e+03 1.238214865905043098e+03 6.958404724246437354e+02 3.770338502073773839e+02 2.347912576927870418e+02 1.415131835432599132e+02 4.729393652751073773e+01 2.097874318802394100e+02 2.894106563623756401e+00 4.815667832154442607e+00
1.378698641625876689e+03 9.533022315324737974e+02 5.546037584108357805e+02 4.334434380995660376e+02 3.194948548756999003e+02 1.467915947013026425e+02 1.607366393357858669e+02 6.905071595160669062e+01 4.295865901248788532e+01 2.965086683951133750e+01 2.894106563623756401e+00 3.300183439861213230e+01 6.156839166516674400e-01
1.975561061730508641e+02 2.045403931511085602e+02 1.428190608951364879e+02 6.238015326227893809e+01 6.511739768153276486e+01 4.448610414328859264e+01 4.282336541296972143e+01 6.713699779029453474e+00 7.901930522631204212e+00 3.474496497792324057e+00 4.815667832154442607e+00 6.156839166516674400e-01 5.952918378835864388e+00
