1.977346082344959956e+06 1.141064398742316989e+06 7.752879760110951029e+05 5.266807869148652535e+05 3.523441839760018047e+05 2.200859296954245074e+05 1.192049199566518946e+05 7.098943793873718823e+04 2.416829960056697746e+04 1.026645087909335416e+04 2.476096399753155310e+03 5.395704826498210878e+02
1.141064398742316989e+06 9.952718590384764830e+05 5.422484488646765240e+05 3.674120988200646243e+05 2.457663215444073721e+05 1.508253204299843637e+05 8.169523223333194619e+04 5.160400629593362100e+04 1.936049056184581423e+04 7.273430968784474317e+03 1.698864082168804998e+03 5.866487337287953778e+02
7.752879760110951029e+05 5.422484488646765240e+05 4.764166205858315807e+05 2.475427598392941873e+05 1.665634229035486351e+05 1.022659436506389029e+05 5.752825615710676357e+04 3.510206164958117006e+04 1.099169908203422165e+04 4.898575357784098742e+03 1.089797787232707833e+03 3.673691813373772561e+02
5.266807869148652535e+05 3.674120988200646243e+05 2.475427598392941873e+05 2.446482375909879629e+05 1.148021701509962586e+05 6.643561028028774308e+04 3.915890689756801294e+04 2.305988031602293995e+04 8.458281333174634710e+03 3.120284128813712869e+03 5.860742261250363754e+02 3.235026826643494360e+02
3.523441839760018047e+05 2.457663215444073721e+05 1.665634229035486351e+05 1.148021701509962586e+05 1.181704317615138134e+05 4.838403235281452362e+04 2.425194437827638467e+04 1.551223863266513945e+04 6.497598645838186712e+03 2.402004526636970695e+03 4.913216478184303924e+02 1.505072667460636353e+02
2.200859296954245074e+05 1.508253204299843637e+05 1.022659436506389029e+05 6.643561028028774308e+04 4.838403235281452362e+04 4.731178547876002995e+04 1.645922128055567737e+04 1.001428321735935788e+04 3.381187051213640643e+03 1.161350454386990805e+03 2.894714404433111099e+02 1.127976072395524056e+02
1.192049199566518946e+05 8.169523223333194619e+04 5.752825615710676357e+04 3.915890689756801294e+04 2.425194437827638467e+04 1.645922128055567737e+04 1.840235893704549380e+04 5.629233343929177863e+03 2.104046844183315443e+03 7.870067899556111115e+02 1.836443947442040212e+02 7.555069105893407766e+01
7.098943793873718823e+04 5.160400629593362100e+04 3.510206164958117006e+04 2.305988031602293995e+04 1.551223863266513945e+04 1.001428321735935788e+04 5.629233343929177863e+03 7.965961649964041499e+03 1.485609996898050667e+03 5.412528291481901306e+02 1.061172406662053476e+02 1.011760831185571163e+01
2.416829960056697746e+04 1.936049056184581423e+04 1.099169908203422165e+04 8.458281333174634710e+03 6.497598645838186712e+03 3.381187051213640643e+03 2.104046844183315443e+03 1.485609996898050667e+03 2.169936787925814315e+03 1.999286461065872231e+02 4.090180414443759815e+01 1.687052362697764352e+01
1.026645087909335416e+04 7.273430968784474317e+03 4.898575357784098742e+03 3.120284128813712869e+03 2.402004526636970695e+03 1.161350454386990805e+03 7.870067899556111115e+02 5.412528291481901306e+02 1.999286461065872231e+02 5.603880499844742644e+02 1.230387444900996030e+01 1.300975409867436738e+01
2.476096399753155310e+03 1.698864082168804998e+03 1.089797787232707833e+03 5.860742261250363754e+02 4.913216478184303924e+02 2.894714404433111099e+02 1.836443947442040212e+02 1.061172406662053476e+02 4.090180414443759815e+01 1.230387444900996030e+01 9.590355429092261375e+01 4.060768762374530105e+00
5.395704826498210878e+02 5.866487337287953778e+02 3.673691813373772561e+02 3.235026826643494360e+02 1.505072667460636353e+02 1.127976072395524056e+02 7.555069105893407766e+01 1.011760831185571163e+01 1.687052362697764352e+01 1.300975409867436738e+01 4.060768762374530105e+00 1.649993681090375475e+01
