4.471669769999499840e+04 9.955609221338741918e+03 2.954513427509806206e+03 6.034561908915630966e+02 2.491341539289236096e+02 4.948695575099295496e+01 2.570848242536984074e+01
9.955609221338741918e+03 1.003187946054993336e+04 1.191231361053407909e+03 2.241867011975229218e+02 1.066699719907029618e+02 4.322592878224267743e+00 1.066330178317611654e+01
2.954513427509806206e+03 1.191231361053407909e+03 2.010289483038763365e+03 9.859702003586151875e+01 6.227478054132000729e+00 -5.765588617709368480e-01 1.917061320847182282e+00
6.034561908915630966e+02 2.241867011975229218e+02 9.859702003586151875e+01 3.554629788859832047e+02 8.518011353812871889e+00 7.788812408997568548e-01 3.580721082180403636e-01
2.491341539289236096e+02 1.066699719907029618e+02 6.227478054132000729e+00 8.518011353812871889e+00 5.344537056939557118e+01 4.982826444149636713e-01 1.918468661817286591e+00
4.948695575099295496e+01 4.322592878224267743e+00 -5.765588617709368480e-01 7.788812408997568548e-01 4.982826444149636713e-01 5.005568119141957872e+00 -9.855045670270129107e-03
2.570848242536984074e+01 1.066330178317611654e+01 1.917061320847182282e+00 3.580721082180403636e-01 1.918468661817286591e+00 -9.855045670270129107e-03 1.005362684377823168e+00
