1.310005318007300608e+06 7.048281026651873253e+05 4.902548292335501756e+05 3.160809805606728187e+05 1.618990863652404805e+05 9.731359356501535513e+04 4.317066400226005499e+04 2.267061469062448305e+04 7.174627019894630394e+03 1.333367516644297439e+03 5.701361816964758873e+02 3.566494020718069535e-01
7.048281026651873253e+05 6.177292263504619477e+05 3.293957576812136685e+05 2.047057927698767744e+05 1.073426808613858739e+05 6.381136528375195485e+04 2.754634049234170379e+04 1.397750583328637913e+04 5.071368140630238486e+03 8.071814523607880574e+02 3.433383284272379683e+02 -1.657125923162078074e+00
4.902548292335501756e+05 3.293957576812136685e+05 3.045536217150025186e+05 1.411338124543541635e+05 7.242705036351649323e+04 4.378940122507703200e+04 1.867368201694697200e+04 9.835036792708846406e+03 3.378241802135374655e+03 7.789074701732525909e+02 2.356198068532401919e+02 -3.526738550361102842e+00
3.160809805606728187e+05 2.047057927698767744e+05 1.411338124543541635e+05 1.396659430014309473e+05 5.163340596373360313e+04 2.957953422479274741e+04 1.382165881125718261e+04 7.521572198715509330e+03 2.180483730028218815e+03 4.738528747737815365e+02 1.042836177328754275e+02 7.785314567532462426e+00
1.618990863652404805e+05 1.073426808613858739e+05 7.242705036351649323e+04 5.163340596373360313e+04 4.826874709426645859e+04 1.521146134592342059e+04 6.447999099085360285e+03 3.594573047992322245e+03 1.091983045345593837e+03 1.918239724565887059e+02 1.078655583911672835e+02 2.177645256986704680e+01
9.731359356501535513e+04 6.381136528375195485e+04 4.378940122507703200e+04 2.957953422479274741e+04 1.521146134592342059e+04 1.906444763539734777e+04 4.258710376840809658e+03 2.262636941924527946e+03 6.639133999479743125e+02 2.579616027189073080e+01 5.964204982062928906e+01 -6.300903596299900933e+00
4.317066400226005499e+04 2.754634049234170379e+04 1.867368201694697200e+04 1.382165881125718261e+04 6.447999099085360285e+03 4.258710376840809658e+03 5.782587144485500176e+03 9.998915091044908650e+02 3.188465497868110674e+02 6.004481929645129412e+01 4.577572164024254420e+01 2.821423311507092357e+00
2.267061469062448305e+04 1.397750583328637913e+04 9.835036792708846406e+03 7.521572198715509330e+03 3.594573047992322245e+03 2.262636941924527946e+03 9.998915091044908650e+02 2.010077118331159454e+03 2.296983422418677492e+02 7.093507633926161304e+01 2.298331999356641120e+01 2.077750014735981754e+00
7.174627019894630394e+03 5.071368140630238486e+03 3.378241802135374655e+03 2.180483730028218815e+03 1.091983045345593837e+03 6.639133999479743125e+02 3.188465497868110674e+02 2.296983422418677492e+02 4.741335187011908374e+02 4.229778006477356911e+00 6.196245166759467793e+00 -7.635067196171068105e-01
1.333367516644297439e+03 8.071814523607880574e+02 7.789074701732525909e+02 4.738528747737815365e+02 1.918239724565887059e+02 2.579616027189073080e+01 6.004481929645129412e+01 7.093507633926161304e+01 4.229778006477356911e+00 7.169287076965747474e+01 1.986720733834521635e-01 -1.396243189320520162e-01
5.701361816964758873e+02 3.433383284272379683e+02 2.356198068532401919e+02 1.042836177328754275e+02 1.078655583911672835e+02 5.964204982062928906e+01 4.577572164024254420e+01 2.298331999356641120e+01 6.196245166759467793e+00 1.986720733834521635e-01 1.275469036738916984e+01 9.808753857562605427e-01
3.566494020718069535e-01 -1.657125923162078074e+00 -3.526738550361102842e+00 7.785314567532462426e+00 2.177645256986704680e+01 -6.300903596299900933e+00 2.821423311507092357e+00 2.077750014735981754e+00 -7.635067196171068105e-01 -1.396243189320520162e-01 9.808753857562605427e-01 1.004202872893039888e+00
