1.582079978431458352e+06 8.681037813427161891e+05 6.231269685395007255e+05 4.231341442472896306e+05 2.996701464838113170e+05 1.751070215570492437e+05 8.902597474734568095e+04 5.557947146342159249e+04 2.581816975271946285e+04 1.045408153308101464e+04 3.780432581063842918e+03 1.119470222617165518e+03 7.000561425540608695e+01
8.681037813427161891e+05 7.848829549518673448e+05 4.381090045457826927e+05 2.973418573611271568e+05 2.081738851183819352e+05 1.259734156042528193e+05 6.459275655347951397e+04 4.096291763588419417e+04 1.884673566660662254e+04 8.288219239356261824e+03 2.428727953707071720e+03 8.309928960137958711e+02 2.917635885278284036e+01
6.231269685395007255e+05 4.381090045457826927e+05 4.156040848495724495e+05 2.108357259048467095e+05 1.461895107325717108e+05 8.457788589964018320e+04 4.550643160834019363e+04 2.960961797787298565e+04 1.248335807537553046e+04 6.023557323999385517e+03 1.857396808376229274e+03 5.940761562647255687e+02 1.072682166505192782e+02
4.231341442472896306e+05 2.973418573611271568e+05 2.108357259048467095e+05 2.092293791154173377e+05 1.011551263360606681e+05 5.472413552337493456e+04 3.292804644590252428e+04 1.857287004875086495e+04 8.965659782246410032e+03 3.839702942314067968e+03 1.385971162794220618e+03 3.264614948625256829e+02 6.037623936795413471e+01
2.996701464838113170e+05 2.081738851183819352e+05 1.461895107325717108e+05 1.011551263360606681e+05 1.051702952730666584e+05 4.130934768172375334e+04 2.338976140563339504e+04 1.287143305976888587e+04 6.124007919699978629e+03 2.730750326476963892e+03 9.023337992731081840e+02 3.412692812910392490e+02 1.300387176826032309e+01
1.751070215570492437e+05 1.259734156042528193e+05 8.457788589964018320e+04 5.472413552337493456e+04 4.130934768172375334e+04 4.377212844619678799e+04 1.232382927455146091e+04 8.466028362329871015e+03 3.566827516745067442e+03 1.526664741633173435e+03 5.690566442377125895e+02 1.438818019232422216e+02 2.612342936799339910e+01
8.902597474734568095e+04 6.459275655347951397e+04 4.550643160834019363e+04 3.292804644590252428e+04 2.338976140563339504e+04 1.232382927455146091e+04 1.821316750472333661e+04 3.971241654252649823e+03 2.313824472179820077e+03 9.219219595514136927e+02 2.360226255261240453e+02 7.729382163825215457e+01 1.602542882418472914e+01
5.557947146342159249e+04 4.096291763588419417e+04 2.960961797787298565e+04 1.857287004875086495e+04 1.287143305976888587e+04 8.466028362329871015e+03 3.971241654252649823e+03 8.269409507469812525e+03 1.583282171866724184e+03 6.025114180782252333e+02 1.655758364895974069e+02 5.707429122897124074e+01 1.234308998510276822e+01
2.581816975271946285e+04 1.884673566660662254e+04 1.248335807537553046e+04 8.965659782246410032e+03 6.124007919699978629e+03 3.566827516745067442e+03 2.313824472179820077e+03 1.583282171866724184e+03 2.500129641047712994e+03 2.832106801061688657e+02 7.282325052370421758e+01 1.385877045507643679e+01 -2.437245568146612307e+00
1.045408153308101464e+04 8.288219239356261824e+03 6.023557323999385517e+03 3.839702942314067968e+03 2.730750326476963892e+03 1.526664741633173435e+03 9.219219595514136927e+02 6.025114180782252333e+02 2.832106801061688657e+02 7.437069557791435273e+02 4.607041180142650205e+01 7.576441573063959822e+00 3.862730305107741735e+00
3.780432581063842918e+03 2.428727953707071720e+03 1.857396808376229274e+03 1.385971162794220618e+03 9.023337992731081840e+02 5.690566442377125895e+02 2.360226255261240453e+02 1.655758364895974069e+02 7.282325052370421758e+01 4.607041180142650205e+01 1.618503605608127600e+02 -2.101952734556009617e+00 2.564696060447071879e+00
1.119470222617165518e+03 8.309928960137958711e+02 5.940761562647255687e+02 3.264614948625256829e+02 3.412692812910392490e+02 1.438818019232422216e+02 7.729382163825215457e+01 5.707429122897124074e+01 1.385877045507643679e+01 7.576441573063959822e+00 -2.101952734556009617e+00 2.858028270418694561e+01 -2.745087526472400619e-01
7.000561425540608695e+01 2.917635885278284036e+01 1.072682166505192782e+02 6.037623936795413471e+01 1.300387176826032309e+01 2.612342936799339910e+01 1.602542882418472914e+01 1.234308998510276822e+01 -2.437245568146612307e+00 3.862730305107741735e+00 2.564696060447071879e+00 -2.745087526472400619e-01 6.978404647653769111e+00
