1.665715024804511108e+06 9.631362095580445603e+05 6.987990767805624055e+05 4.770690906361232046e+05 3.420128117769540404e+05 2.410033986083217605e+05 1.460409073801030754e+05 9.595055018936929991e+04 4.298305499749089358e+04 2.379617161392463458e+04 1.050403428295714548e+04 3.793769784888774666e+03 4.418414451537709056e+02 8.453300960091401350e+01
9.631362095580445603e+05 8.782870129327974282e+05 4.806877003075978719e+05 3.310441439792354358e+05 2.404638594981303322e+05 1.686297306766051042e+05 1.006445792716851574e+05 6.630928331310118665e+04 2.995768527234633075e+04 1.614660875226453936e+04 7.686484288893390840e+03 2.336810658660257104e+03 3.510653222069690287e+02 1.020701973414376198e+02
6.987990767805624055e+05 4.806877003075978719e+05 4.759059558749684365e+05 2.437267450415937055e+05 1.762433583817915642e+05 1.227811886137331021e+05 7.499161476864322321e+04 4.971098609457367274e+04 2.253235488528522546e+04 1.266682011787789452e+04 4.967579015093408088e+03 1.858092884142023195e+03 2.745989483802952691e+02 5.613311836275229183e+01
4.770690906361232046e+05 3.310441439792354358e+05 2.437267450415937055e+05 2.423123269288812298e+05 1.150497319480363367e+05 8.872504060570085130e+04 5.089158549484696414e+04 3.043498932678546771e+04 1.511913425576594818e+04 6.997424182658271093e+03 3.177987829397036421e+03 1.313555753845880645e+03 1.518268695355749287e+02 5.160764549767968390e+01
3.420128117769540404e+05 2.404638594981303322e+05 1.762433583817915642e+05 1.150497319480363367e+05 1.370925710609628586e+05 6.100897812126747158e+04 3.778417294664740621e+04 2.327922849560397299e+04 1.065180038373129901e+04 6.125860853781123296e+03 3.160860444009213097e+03 7.707597933525948974e+02 1.537601954649539380e+02 1.928620065027776675e+01
2.410033986083217605e+05 1.686297306766051042e+05 1.227811886137331021e+05 8.872504060570085130e+04 6.100897812126747158e+04 6.782868925901319017e+04 2.610332748419581912e+04 1.664751271632776479e+04 8.362466013840879896e+03 3.942679018539497520e+03 1.942545501893923074e+03 5.467077102186601678e+02 1.175446478835597333e+02 2.712146476154991603e+01
1.460409073801030754e+05 1.006445792716851574e+05 7.499161476864322321e+04 5.089158549484696414e+04 3.778417294664740621e+04 2.610332748419581912e+04 3.255785962829635901e+04 9.360262192623242299e+03 4.504990590569200322e+03 3.003937515557951428e+03 9.081180908468088546e+02 3.429594708966482131e+02 1.404778933904207463e+02 7.843107218601952368e-02
9.595055018936929991e+04 6.630928331310118665e+04 4.971098609457367274e+04 3.043498932678546771e+04 2.327922849560397299e+04 1.664751271632776479e+04 9.360262192623242299e+03 1.566484981292108932e+04 3.421108466955820404e+03 1.869788917781332430e+03 9.973530432251559432e+02 1.664542644980631962e+02 4.315277591614492536e+01 2.701166126048766358e+01
4.298305499749089358e+04 2.995768527234633075e+04 2.253235488528522546e+04 1.511913425576594818e+04 1.065180038373129901e+04 8.362466013840879896e+03 4.504990590569200322e+03 3.421108466955820404e+03 5.309107118921816436e+03 8.621633648767992781e+02 3.059380440485487043e+02 1.022447064770736347e+02 1.791757844064632721e+01 -4.682335009440084406e+00
2.379617161392463458e+04 1.614660875226453936e+04 1.266682011787789452e+04 6.997424182658271093e+03 6.125860853781123296e+03 3.942679018539497520e+03 3.003937515557951428e+03 1.869788917781332430e+03 8.621633648767992781e+02 2.058045059570030844e+03 2.733852275381900085e+02 8.078204357366800537e+01 2.889008543931719686e+01 3.427437854481103052e+00
1.050403428295714548e+04 7.686484288893390840e+03 4.967579015093408088e+03 3.177987829397036421e+03 3.160860444009213097e+03 1.942545501893923074e+03 9.081180908468088546e+02 9.973530432251559432e+02 3.059380440485487043e+02 2.733852275381900085e+02 5.911487164954335185e+02 4.275081667119850692e+01 9.423493323018959700e+00 4.086258860834662165e+00
3.793769784888774666e+03 2.336810658660257104e+03 1.858092884142023195e+03 1.313555753845880645e+03 7.707597933525948974e+02 5.467077102186601678e+02 3.429594708966482131e+02 1.664542644980631962e+02 1.022447064770736347e+02 8.078204357366800537e+01 4.275081667119850692e+01 1.554013656504072856e+02 -4.333316738217146025e+00 8.548986868156904784e-01
4.418414451537709056e+02 3.510653222069690287e+02 2.745989483802952691e+02 1.518268695355749287e+02 1.537601954649539380e+02 1.175446478835597333e+02 1.404778933904207463e+02 4.315277591614492536e+01 1.791757844064632721e+01 2.889008543931719686e+01 9.423493323018959700e+00 -4.333316738217146025e+00 2.314500940177159549e+01 -1.725483588068367768e-01
8.453300960091401350e+01 1.020701973414376198e+02 5.613311836275229183e+01 5.160764549767968390e+01 1.928620065027776675e+01 2.712146476154991603e+01 7.843107218601952368e-02 2.701166126048766358e+01 -4.682335009440084406e+00 3.427437854481103052e+00 4.086258860834662165e+00 8.548986868156904784e-01 -1.725483588068367768e-01 3.984298466994228072e+00
