1.651228330284150084e+06 8.999776685862363083e+05 6.430296247150064446e+05 4.352784026553146541e+05 3.076062464243195136e+05 1.794783416833848751e+05 9.115551870002207579e+04 5.686950237526531419e+04 2.640467692647149306e+04 1.068807514652239661e+04 3.864124335166900437e+03 1.144086889896266257e+03 7.153615682728302261e+01
8.999776685862363083e+05 8.082512253061598167e+05 4.490740935019302997e+05 3.038270844502571854e+05 2.122556728027908830e+05 1.282533685260877392e+05 6.569486682992246642e+04 4.163295972553919273e+04 1.914577426548761287e+04 8.416978828080082167e+03 2.465868170443397958e+03 8.435778399670308545e+02 2.961455522837404430e+01
6.430296247150064446e+05 4.490740935019302997e+05 4.240430782489865087e+05 2.144415749946764554e+05 1.483691538323373825e+05 8.571188564535375917e+04 4.606963250622352643e+04 2.995529196477271398e+04 1.262299968466352038e+04 6.088949898396965182e+03 1.877111311912858582e+03 6.002944416968923633e+02 1.083776005496669228e+02
4.352784026553146541e+05 3.038270844502571854e+05 2.144415749946764554e+05 2.121397558753257617e+05 1.023410616257145593e+05 5.528378224543048418e+04 3.323093383339166758e+04 1.873071632046239392e+04 9.037493787124756636e+03 3.869203688617896660e+03 1.396285216446597133e+03 3.288431341716236034e+02 6.080917951836570268e+01
3.076062464243195136e+05 2.122556728027908830e+05 1.483691538323373825e+05 1.023410616257145593e+05 1.061738917964841530e+05 4.164182910332315078e+04 2.355401754488233200e+04 1.295283673026690667e+04 6.159764706994915286e+03 2.745797993311777645e+03 9.070887765226848387e+02 3.430177818352489680e+02 1.306888046202023723e+01
1.794783416833848751e+05 1.282533685260877392e+05 8.571188564535375917e+04 5.528378224543048418e+04 4.164182910332315078e+04 4.405913255054595356e+04 1.239200821923849071e+04 8.506962629226376521e+03 3.582344144851028886e+03 1.532805611630484691e+03 5.712087921696054309e+02 1.444049636207927563e+02 2.621517208608348781e+01
9.115551870002207579e+04 6.569486682992246642e+04 4.606963250622352643e+04 3.323093383339166758e+04 2.355401754488233200e+04 1.239200821923849071e+04 1.829528770354039807e+04 3.986381540736796978e+03 2.321524913341305364e+03 9.246881834439649310e+02 2.366741163820198040e+02 7.749590888039203662e+01 1.606534017931850045e+01
5.686950237526531419e+04 4.163295972553919273e+04 2.995529196477271398e+04 1.873071632046239392e+04 1.295283673026690667e+04 8.506962629226376521e+03 3.986381540736796978e+03 8.295180363569768815e+03 1.587449968108190433e+03 6.039002592570259367e+02 1.659177582887628830e+02 5.718383908890206158e+01 1.236525132717213538e+01
2.640467692647149306e+04 1.914577426548761287e+04 1.262299968466352038e+04 9.037493787124756636e+03 6.159764706994915286e+03 3.582344144851028886e+03 2.321524913341305364e+03 1.587449968108190433e+03 2.505501369943894588e+03 2.837265335052236424e+02 7.293842216619154328e+01 1.387867078170812896e+01 -2.440443360567001285e+00
1.068807514652239661e+04 8.416978828080082167e+03 6.088949898396965182e+03 3.869203688617896660e+03 2.745797993311777645e+03 1.532805611630484691e+03 9.246881834439649310e+02 6.039002592570259367e+02 2.837265335052236424e+02 7.448183676242521187e+02 4.612821060995811706e+01 7.584844130306175103e+00 3.866535837149392751e+00
3.864124335166900437e+03 2.465868170443397958e+03 1.877111311912858582e+03 1.396285216446597133e+03 9.070887765226848387e+02 5.712087921696054309e+02 2.366741163820198040e+02 1.659177582887628830e+02 7.293842216619154328e+01 4.612821060995811706e+01 1.620146041439225257e+02 -2.103779927271469230e+00 2.566607959167899633e+00
1.144086889896266257e+03 8.435778399670308545e+02 6.002944416968923633e+02 3.288431341716236034e+02 3.430177818352489680e+02 1.444049636207927563e+02 7.749590888039203662e+01 5.718383908890206158e+01 1.387867078170812896e+01 7.584844130306175103e+00 -2.103779927271469230e+00 2.860096915292583830e+01 -2.746734589715735253e-01
7.153615682728302261e+01 2.961455522837404430e+01 1.083776005496669228e+02 6.080917951836570268e+01 1.306888046202023723e+01 2.621517208608348781e+01 1.606534017931850045e+01 1.236525132717213538e+01 -2.440443360567001285e+00 3.866535837149392751e+00 2.566607959167899633e+00 -2.746734589715735253e-01 6.981727915565371312e+00
