1.524257900829272112e+06 8.012884310041128192e+05 5.577476268958547153e+05 3.753202462777945329e+05 2.064032087197624205e+05 1.253049446067731915e+05 6.024913718816964683e+04 2.871007165690902912e+04 1.162481797820068459e+04 4.039311825721751575e+03 1.038008572871132628e+03 3.176507928767286515e+01 2.150294613356532025e+01
8.012884310041128192e+05 6.959982803541870089e+05 3.700288600037481519e+05 2.526258954895476927e+05 1.408727221672676096e+05 8.233648598543851404e+04 4.033020394043128908e+04 2.017080592992859602e+04 8.274915171937571358e+03 2.792526152390393236e+03 8.372294640399481978e+02 4.333673188485119709e+01 -6.599892287512094669e+00
5.577476268958547153e+05 3.700288600037481519e+05 3.434385082380907843e+05 1.698112885970784700e+05 9.303599593363633903e+04 5.519126049769682140e+04 2.760810428291595963e+04 1.299486245776925534e+04 5.346736448608066894e+03 1.736938599965662434e+03 5.593677580791767241e+02 3.658272557751138265e+01 6.339642095260705768e-02
3.753202462777945329e+05 2.526258954895476927e+05 1.698112885970784700e+05 1.698472945877291786e+05 6.590773722109531809e+04 3.909883505038573639e+04 1.773914063678278762e+04 9.682890365992374427e+03 3.913786428081501981e+03 1.611975524832808333e+03 2.109604480619375124e+02 1.704273768345288786e+01 -5.203840831782226672e+00
2.064032087197624205e+05 1.408727221672676096e+05 9.303599593363633903e+04 6.590773722109531809e+04 6.423790664593553083e+04 2.246128121295627352e+04 1.130159759588546876e+04 5.481103048844819568e+03 1.816974845727020465e+03 7.791649859962012670e+02 1.839763428253831989e+02 1.885268092948527752e+01 1.582423706549550602e+01
1.253049446067731915e+05 8.233648598543851404e+04 5.519126049769682140e+04 3.909883505038573639e+04 2.246128121295627352e+04 2.571544190988607079e+04 6.196491018469369010e+03 3.437210214379568242e+03 1.227860750448240879e+03 3.588774414167291980e+02 6.317686629353824657e+01 5.655714905974682516e+00 -3.896103004983836327e-01
6.024913718816964683e+04 4.033020394043128908e+04 2.760810428291595963e+04 1.773914063678278762e+04 1.130159759588546876e+04 6.196491018469369010e+03 9.687516969605667327e+03 1.701717792197858444e+03 7.181493830441736463e+02 1.617126313104581072e+02 7.211789088748255949e+01 1.021866787996040848e+01 1.533264590646708503e-01
2.871007165690902912e+04 2.017080592992859602e+04 1.299486245776925534e+04 9.682890365992374427e+03 5.481103048844819568e+03 3.437210214379568242e+03 1.701717792197858444e+03 3.392342647093154937e+03 4.090344202338831678e+02 1.658131059442025332e+02 4.480289415729458113e+01 1.591251349273750781e+00 2.596867047874971579e+00
1.162481797820068459e+04 8.274915171937571358e+03 5.346736448608066894e+03 3.913786428081501981e+03 1.816974845727020465e+03 1.227860750448240879e+03 7.181493830441736463e+02 4.090344202338831678e+02 8.644637358140770402e+02 5.487806432326232198e+01 2.106121372023913807e+01 -4.634034160718495388e-01 5.419020630964509477e-01
4.039311825721751575e+03 2.792526152390393236e+03 1.736938599965662434e+03 1.611975524832808333e+03 7.791649859962012670e+02 3.588774414167291980e+02 1.617126313104581072e+02 1.658131059442025332e+02 5.487806432326232198e+01 1.878958632433584910e+02 3.879493421787137741e+00 6.752539918069339064e-01 -3.297482457299196756e-01
1.038008572871132628e+03 8.372294640399481978e+02 5.593677580791767241e+02 2.109604480619375124e+02 1.839763428253831989e+02 6.317686629353824657e+01 7.211789088748255949e+01 4.480289415729458113e+01 2.106121372023913807e+01 3.879493421787137741e+00 3.650645828948814398e+01 -7.261100858048868956e-02 -7.260507253187134524e-02
3.176507928767286515e+01 4.333673188485119709e+01 3.658272557751138265e+01 1.704273768345288786e+01 1.885268092948527752e+01 5.655714905974682516e+00 1.021866787996040848e+01 1.591251349273750781e+00 -4.634034160718495388e-01 6.752539918069339064e-01 -7.261100858048868956e-02 1.002633666765957221e+00 -1.961940704699198425e-03
2.150294613356532025e+01 -6.599892287512094669e+00 6.339642095260705768e-02 -5.203840831782226672e+00 1.582423706549550602e+01 -3.896103004983836327e-01 1.533264590646708503e-01 2.596867047874971579e+00 5.419020630964509477e-01 -3.297482457299196756e-01 -7.260507253187134524e-02 -1.961940704699198425e-03 1.002469740137512888e+00
