1.604781535990814678e+06 8.812944020586970728e+05 5.958809223327172222e+05 4.050949078640207299e+05 2.498627096177403873e+05 1.572173577849893773e+05 7.428652983738566400e+04 4.387127962155704881e+04 1.735019933871029207e+04 8.041178008515400506e+03 2.313315021524221265e+03 1.413701564287909775e+02 2.967612658987473395e+01
8.812944020586970728e+05 7.687220523809344741e+05 4.147402059713155613e+05 2.872957916696164757e+05 1.760323336873993976e+05 1.108292591599520383e+05 5.612865763848138886e+04 3.341427149807601381e+04 1.200878513188019497e+04 5.546509569038841619e+03 1.781405845745294982e+03 7.127582716315768607e+01 5.126845693793648451e+01
5.958809223327172222e+05 4.147402059713155613e+05 3.901536776089058258e+05 1.869360365038281016e+05 1.163457183506102883e+05 7.024856945904095483e+04 3.492059841449744999e+04 2.136018311032925703e+04 7.154313098940865530e+03 3.620142489566204858e+03 1.155937842420976949e+03 7.270065854362191260e+01 1.172026177391610524e+01
4.050949078640207299e+05 2.872957916696164757e+05 1.869360365038281016e+05 1.971425801699930162e+05 7.812408655589754926e+04 4.956784248698462761e+04 2.555465896786762823e+04 1.410651066370614353e+04 5.658055798355739171e+03 3.016508656878246256e+03 7.010436745650958983e+02 2.901450508955996810e+01 1.135542524129992792e+01
2.498627096177403873e+05 1.760323336873993976e+05 1.163457183506102883e+05 7.812408655589754926e+04 8.409316346178384265e+04 3.231979594616534814e+04 1.519637178436692011e+04 9.138018131644210371e+03 3.027349522711075679e+03 1.775361077654705923e+03 4.877951923821378273e+02 -6.350136822935954051e+00 3.521472374987304477e+01
1.572173577849893773e+05 1.108292591599520383e+05 7.024856945904095483e+04 4.956784248698462761e+04 3.231979594616534814e+04 3.657994448026160535e+04 9.111518540059554653e+03 5.599643524328573221e+03 2.080247355742234049e+03 1.025270675848207475e+03 2.532819710510576954e+02 1.699520641557215583e+01 4.321040454560209021e+00
7.428652983738566400e+04 5.612865763848138886e+04 3.492059841449744999e+04 2.555465896786762823e+04 1.519637178436692011e+04 9.111518540059554653e+03 1.378189314259499042e+04 3.161108697897018828e+03 1.339874140517209980e+03 4.695946238599136677e+02 1.148654463023319465e+02 1.336834358306443926e+00 1.420000868585021614e+01
4.387127962155704881e+04 3.341427149807601381e+04 2.136018311032925703e+04 1.410651066370614353e+04 9.138018131644210371e+03 5.599643524328573221e+03 3.161108697897018828e+03 5.884175238953550434e+03 5.979846403648034538e+02 2.734354243030700218e+02 1.006297926587858313e+02 8.451633217970881518e+00 3.822568333569186461e+00
1.735019933871029207e+04 1.200878513188019497e+04 7.154313098940865530e+03 5.658055798355739171e+03 3.027349522711075679e+03 2.080247355742234049e+03 1.339874140517209980e+03 5.979846403648034538e+02 1.495966941200016890e+03 1.410692918574048633e+02 3.918564317604737113e+01 -2.415264638050973023e+00 1.205508200685666997e+00
8.041178008515400506e+03 5.546509569038841619e+03 3.620142489566204858e+03 3.016508656878246256e+03 1.775361077654705923e+03 1.025270675848207475e+03 4.695946238599136677e+02 2.734354243030700218e+02 1.410692918574048633e+02 4.235299266487678551e+02 1.421792474429616249e+01 -1.154239284143555588e+00 6.202228957421213051e-01
2.313315021524221265e+03 1.781405845745294982e+03 1.155937842420976949e+03 7.010436745650958983e+02 4.877951923821378273e+02 2.532819710510576954e+02 1.148654463023319465e+02 1.006297926587858313e+02 3.918564317604737113e+01 1.421792474429616249e+01 7.839958775156679849e+01 2.131295944182342250e+00 -2.943387077148422182e-01
1.413701564287909775e+02 7.127582716315768607e+01 7.270065854362191260e+01 2.901450508955996810e+01 -6.350136822935954051e+00 1.699520641557215583e+01 1.336834358306443926e+00 8.451633217970881518e+00 -2.415264638050973023e+00 -1.154239284143555588e+00 2.131295944182342250e+00 5.957396898569222721e+00 -2.354388893129825966e-02
2.967612658987473395e+01 5.126845693793648451e+01 1.172026177391610524e+01 1.135542524129992792e+01 3.521472374987304477e+01 4.321040454560209021e+00 1.420000868585021614e+01 3.822568333569186461e+00 1.205508200685666997e+00 6.202228957421213051e-01 -2.943387077148422182e-01 -2.354388893129825966e-02 2.000964172051912016e+00
