1.243269589684356004e+06 6.734704169178286102e+05 4.707904695830361452e+05 3.046573666001346428e+05 1.564758282022431958e+05 9.424492338801109872e+04 4.187170043006609922e+04 2.201318824606215640e+04 6.972341925773598632e+03 1.296604838370004472e+03 5.546586601613598759e+02 3.470574944111395332e-01
6.734704169178286102e+05 5.942600300704040565e+05 3.184687646876384970e+05 1.986490588501150487e+05 1.044523842969393736e+05 6.221936172120014817e+04 2.689916757365406738e+04 1.366445747373905397e+04 4.961894723136281755e+03 7.902636402281140136e+02 3.362889082073036207e+02 -1.623523194236345946e+00
4.707904695830361452e+05 3.184687646876384970e+05 2.959259706266275025e+05 1.376442022816929966e+05 7.082999149053153815e+04 4.291083762700212537e+04 1.832632393411379235e+04 9.662937504068699127e+03 3.321877474427466041e+03 7.664029472926125663e+02 2.319383274420605119e+02 -3.472535720987489416e+00
3.046573666001346428e+05 1.986490588501150487e+05 1.376442022816929966e+05 1.367177509277230711e+05 5.068211178725316131e+04 2.909355916988807803e+04 1.361485766368770783e+04 7.417359829350920336e+03 2.152054503467681116e+03 4.679746784057832656e+02 1.030348995293340266e+02 7.694088181340997146e+00
1.564758282022431958e+05 1.044523842969393736e+05 7.082999149053153815e+04 5.068211178725316131e+04 4.750939452590765723e+04 1.500258176094697774e+04 6.368944236579669450e+03 3.554492269867143932e+03 1.080701743636079300e+03 1.899639783854951531e+02 1.068662574055670973e+02 2.158030951168167633e+01
9.424492338801109872e+04 6.221936172120014817e+04 4.291083762700212537e+04 2.909355916988807803e+04 1.500258176094697774e+04 1.884086706163321651e+04 4.215044642139235293e+03 2.241954159183049342e+03 6.583896354563928526e+02 2.559794118435159049e+01 5.920957716920963776e+01 -6.256838783552775674e+00
4.187170043006609922e+04 2.689916757365406738e+04 1.832632393411379235e+04 1.361485766368770783e+04 6.368944236579669450e+03 4.215044642139235293e+03 5.731834911783866119e+03 9.922295334346582649e+02 3.166654539466298957e+02 5.967232049509445346e+01 4.551159041210650713e+01 2.805871607415638902e+00
2.201318824606215640e+04 1.366445747373905397e+04 9.662937504068699127e+03 7.417359829350920336e+03 3.554492269867143932e+03 2.241954159183049342e+03 9.922295334346582649e+02 1.996915881909135805e+03 2.283834390952831654e+02 7.057423952880074580e+01 2.287638297953816391e+01 2.068619528877334357e+00
6.972341925773598632e+03 4.961894723136281755e+03 3.321877474427466041e+03 2.152054503467681116e+03 1.080701743636079300e+03 6.583896354563928526e+02 3.166654539466298957e+02 2.283834390952831654e+02 4.718099578356395227e+02 4.211748576330459848e+00 6.172525380953590712e+00 -7.607814001937717174e-01
1.296604838370004472e+03 7.902636402281140136e+02 7.664029472926125663e+02 4.679746784057832656e+02 1.899639783854951531e+02 2.559794118435159049e+01 5.967232049509445346e+01 7.057423952880074580e+01 4.211748576330459848e+00 7.143305976922576406e+01 1.980384572669373622e-01 -1.392151531282432020e-01
5.546586601613598759e+02 3.362889082073036207e+02 2.319383274420605119e+02 1.030348995293340266e+02 1.068662574055670973e+02 5.920957716920963776e+01 4.551159041210650713e+01 2.287638297953816391e+01 6.172525380953590712e+00 1.980384572669373622e-01 1.271955913159033358e+01 9.784276255069488393e-01
3.470574944111395332e-01 -1.623523194236345946e+00 -3.472535720987489416e+00 7.694088181340997146e+00 2.158030951168167633e+01 -6.256838783552775674e+00 2.805871607415638902e+00 2.068619528877334357e+00 -7.607814001937717174e-01 -1.392151531282432020e-01 9.784276255069488393e-01 1.001956947162426559e+00
