3.812789084600806236e+05 1.561426922231548524e+05 7.699028946734353667e+04 3.118812761899704492e+04 1.366004572592798286e+04 3.474857280724364500e+03 8.801534920592652043e+02 1.257054009443928351e+02 9.008985106521464559e+01
1.561426922231548524e+05 1.192931098150011676e+05 3.894250772630774009e+04 1.575872984555084258e+04 6.536165164808715417e+03 1.623327116547558262e+03 4.836844221644252002e+02 6.271936764947345466e+01 4.232336732779491939e+01
7.699028946734353667e+04 3.894250772630774009e+04 3.591562520058349764e+04 8.388052190364443959e+03 3.665187924372564794e+03 9.804119316333097913e+02 2.100540975256821241e+02 4.633511667005388546e+01 3.953906426523010964e+01
3.118812761899704492e+04 1.575872984555084258e+04 8.388052190364443959e+03 8.993485165880663772e+03 1.510145197054181381e+03 3.329163721033461343e+02 8.236831200860783042e+01 4.342532389198780152e+01 -1.252936378154067665e+00
1.366004572592798286e+04 6.536165164808715417e+03 3.665187924372564794e+03 1.510145197054181381e+03 2.895281068929648427e+03 1.801483297015548146e+02 1.865090896557489231e+01 1.349994829983005928e+01 2.492147318675901779e+00
3.474857280724364500e+03 1.623327116547558262e+03 9.804119316333097913e+02 3.329163721033461343e+02 1.801483297015548146e+02 4.504767062013401073e+02 6.713699779029536074e+00 -6.666641135719253430e-01 1.450974835421155129e+00
8.801534920592652043e+02 4.836844221644252002e+02 2.100540975256821241e+02 8.236831200860783042e+01 1.865090896557489231e+01 6.713699779029536074e+00 7.818009275393399093e+01 7.372520785383012143e-01 2.588225382102550487e+00
1.257054009443928351e+02 6.271936764947345466e+01 4.633511667005388546e+01 4.342532389198780152e+01 1.349994829983005928e+01 -6.666641135719253430e-01 7.372520785383012143e-01 8.876436594528975377e+00 -5.294097372482486907e-02
9.008985106521464559e+01 4.232336732779491939e+01 3.953906426523010964e+01 -1.252936378154067665e+00 2.492147318675901779e+00 1.450974835421155129e+00 2.588225382102550487e+00 -5.294097372482486907e-02 2.994106180659540151e+00
