4.280296549109286570e+04 9.594771098456625623e+03 2.860843945910109596e+03 5.861663826348773227e+02 2.425559338391032043e+02 4.824687405455549793e+01 2.510970776000687366e+01
9.594771098456625623e+03 9.734456838018704730e+03 1.161360258271116209e+03 2.192540622929784888e+02 1.045643054369479898e+02 4.243121005204056218e+00 1.048623435112476088e+01
2.860843945910109596e+03 1.161360258271116209e+03 1.969114027596383949e+03 9.688198191643364510e+01 6.133309844861337012e+00 -5.686252733405902093e-01 1.894110393265878489e+00
5.861663826348773227e+02 2.192540622929784888e+02 9.688198191643364510e+01 3.503810111021455214e+02 8.415654045442728659e+00 7.705852842169297334e-01 3.549006016368013716e-01
2.425559338391032043e+02 1.045643054369479898e+02 6.133309844861337012e+00 8.415654045442728659e+00 5.292528751038789636e+01 4.941157547650324444e-01 1.905875054093695509e+00
4.824687405455549793e+01 4.243121005204056218e+00 -5.686252733405902093e-01 7.705852842169297334e-01 4.941157547650324444e-01 4.970569199719669484e+00 -9.803884023115723434e-03
2.510970776000687366e+01 1.048623435112476088e+01 1.894110393265878489e+00 3.549006016368013716e-01 1.905875054093695509e+00 -9.803884023115723434e-03 1.001956947162427003e+00
