1.165098610621072119e+06 6.157055302943591960e+05 4.137391802267672610e+05 2.349455982781797939e+05 1.391912845922145643e+05 7.098468305498226255e+04 3.279712930020780186e+04 1.237369182869206998e+04 4.575390320962310398e+03 7.960851865610596860e+02 2.609990004634495619e+01
6.157055302943591960e+05 5.331350700402958319e+05 2.651054278744186740e+05 1.502993655814651866e+05 8.995635157648085442e+04 4.422589925743249478e+04 2.163745439087511477e+04 7.885944309342956331e+03 3.103364585766663367e+03 5.372469621363122769e+02 2.109599764093980667e+01
4.137391802267672610e+05 2.651054278744186740e+05 2.493458607771734241e+05 1.000005974241769873e+05 5.941010581301932689e+04 3.093989327553140902e+04 1.401848749047301135e+04 5.452398727026788038e+03 2.158870163640549890e+03 3.798769765740678963e+02 6.355661934505277344e+01
2.349455982781797939e+05 1.502993655814651866e+05 1.000005974241769873e+05 9.806305190313511412e+04 3.628573162633772881e+04 1.941870602517599764e+04 9.530787029767308923e+03 2.894879109684706236e+03 1.090654646696328200e+03 1.848110569429445604e+02 2.273324627280009125e+01
1.391912845922145643e+05 8.995635157648085442e+04 5.941010581301932689e+04 3.628573162633772881e+04 3.918419307525078329e+04 1.032981730309096747e+04 5.272026868770235524e+03 2.022319706190095076e+03 4.651786106824610556e+02 1.283622535146775476e+02 1.294700924092639305e+01
7.098468305498226255e+04 4.422589925743249478e+04 3.093989327553140902e+04 1.941870602517599764e+04 1.032981730309096747e+04 1.285913310687453850e+04 2.673323095423191262e+03 1.118299638864784583e+03 3.643946829247935852e+02 6.557818023062213797e+01 8.060753443806198959e+00
3.279712930020780186e+04 2.163745439087511477e+04 1.401848749047301135e+04 9.530787029767308923e+03 5.272026868770235524e+03 2.673323095423191262e+03 4.534570869443442461e+03 3.543986427748001802e+02 1.939757277277560092e+02 5.312920829806756728e+01 9.301925161131924469e+00
1.237369182869206998e+04 7.885944309342956331e+03 5.452398727026788038e+03 2.894879109684706236e+03 2.022319706190095076e+03 1.118299638864784583e+03 3.543986427748001802e+02 1.176385690924889104e+03 5.120372547592940293e+01 2.913910409350460640e+01 6.411740151118212605e-01
4.575390320962310398e+03 3.103364585766663367e+03 2.158870163640549890e+03 1.090654646696328200e+03 4.651786106824610556e+02 3.643946829247935852e+02 1.939757277277560092e+02 5.120372547592940293e+01 2.412461349336131207e+02 -2.027443215980331281e+00 -1.843130196345751926e-01
7.960851865610596860e+02 5.372469621363122769e+02 3.798769765740678963e+02 1.848110569429445604e+02 1.283622535146775476e+02 6.557818023062213797e+01 5.312920829806756728e+01 2.913910409350460640e+01 -2.027443215980331281e+00 3.300183439861213230e+01 8.098008203093584045e-01
2.609990004634495619e+01 2.109599764093980667e+01 6.355661934505277344e+01 2.273324627280009125e+01 1.294700924092639305e+01 8.060753443806198959e+00 9.301925161131924469e+00 6.411740151118212605e-01 -1.843130196345751926e-01 8.098008203093584045e-01 2.994106180659540151e+00
