1.773096215969164623e+06 9.974227073662041221e+05 6.703161591032815631e+05 4.665205634493372636e+05 2.975558397955233813e+05 1.645846954411914339e+05 9.535257988758494321e+04 5.130469670919443888e+04 2.159540365622218815e+04 7.888357699286680145e+03 2.038092565608815903e+03 3.642119765617937901e+02 2.878117059190540061e+01 0.000000000000000000e+00 0.000000000000000000e+00 0.000000000000000000e+00 0.000000000000000000e+00 0.000000000000000000e+00 0.000000000000000000e+00 0.000000000000000000e+00
9.974227073662041221e+05 8.871069692679712316e+05 4.875788155031526112e+05 3.204270865878667682e+05 2.128041461766259163e+05 1.130301694120324537e+05 7.167178356441989308e+04 3.994734619997873961e+04 1.506318655406140169e+04 6.767988660484721549e+03 1.529155636483496210e+03 3.374903237235035363e+02 2.916500485379453167e+01 0.000000000000000000e+00 0.000000000000000000e+00 0.000000000000000000e+00 0.000000000000000000e+00 0.000000000000000000e+00 0.000000000000000000e+00 0.000000000000000000e+00
6.703161591032815631e+05 4.875788155031526112e+05 4.373267051542030531e+05 2.191800318084001483e+05 1.464310836575785943e+05 7.962731377672262897e+04 4.832233297646831488e+04 2.598156594975512053e+04 9.512526689258804254e+03 4.133039262266890546e+03 1.004141635313917845e+03 1.560731841702605607e+02 1.430556572173481378e+01 0.000000000000000000e+00 0.000000000000000000e+00 0.000000000000000000e+00 0.000000000000000000e+00 0.000000000000000000e+00 0.000000000000000000e+00 0.000000000000000000e+00
4.665205634493372636e+05 3.204270865878667682e+05 2.191800318084001483e+05 2.162183751712048543e+05 9.989457791716896463e+04 5.358052126861348370e+04 3.262403827675681532e+04 1.702285577581073812e+04 6.680746436934944541e+03 3.063560800476787335e+03 7.082224901230700880e+02 1.885551048940189673e+02 6.316506940545671078e+00 0.000000000000000000e+00 0.000000000000000000e+00 0.000000000000000000e+00 0.000000000000000000e+00 0.000000000000000000e+00 0.000000000000000000e+00 0.000000000000000000e+00
2.975558397955233813e+05 2.128041461766259163e+05 1.464310836575785943e+05 9.989457791716896463e+04 1.023769013754335901e+05 3.528882553263556474e+04 2.269532875520732341e+04 1.241308704885481347e+04 4.917705286597675695e+03 2.001767350955321035e+03 5.251328585108698235e+02 9.068624013087853086e+01 -6.566868057088459665e+00 0.000000000000000000e+00 0.000000000000000000e+00 0.000000000000000000e+00 0.000000000000000000e+00 0.000000000000000000e+00 0.000000000000000000e+00 0.000000000000000000e+00
1.645846954411914339e+05 1.130301694120324537e+05 7.962731377672262897e+04 5.358052126861348370e+04 3.528882553263556474e+04 3.874822470965587127e+04 1.195169952362173171e+04 5.995925492246994509e+03 2.837170175552515047e+03 8.009259050172446450e+02 1.848254423657087102e+02 3.371438310324982979e+01 5.063407688045745481e+00 0.000000000000000000e+00 0.000000000000000000e+00 0.000000000000000000e+00 0.000000000000000000e+00 0.000000000000000000e+00 0.000000000000000000e+00 0.000000000000000000e+00
9.535257988758494321e+04 7.167178356441989308e+04 4.832233297646831488e+04 3.262403827675681532e+04 2.269532875520732341e+04 1.195169952362173171e+04 1.789934752924695567e+04 4.102439410915575536e+03 1.537380892330540291e+03 7.241493744743771686e+02 2.139113970967348735e+02 3.221690204339606112e+01 1.120549220233520021e-01 0.000000000000000000e+00 0.000000000000000000e+00 0.000000000000000000e+00 0.000000000000000000e+00 0.000000000000000000e+00 0.000000000000000000e+00 0.000000000000000000e+00
5.130469670919443888e+04 3.994734619997873961e+04 2.598156594975512053e+04 1.702285577581073812e+04 1.241308704885481347e+04 5.995925492246994509e+03 4.102439410915575536e+03 6.101413565144574022e+03 9.062145169781157392e+02 3.545812550996740242e+02 9.983472832850571876e+01 1.847229368050349052e+01 4.881712813891663671e+00 0.000000000000000000e+00 0.000000000000000000e+00 0.000000000000000000e+00 0.000000000000000000e+00 0.000000000000000000e+00 0.000000000000000000e+00 0.000000000000000000e+00
2.159540365622218815e+04 1.506318655406140169e+04 9.512526689258804254e+03 6.680746436934944541e+03 4.917705286597675695e+03 2.837170175552515047e+03 1.537380892330540291e+03 9.062145169781157392e+02 1.829497909730492665e+03 1.565418678483756310e+02 2.967664419103216389e+01 -2.682470569736630672e+00 -2.047923977864841927e+00 0.000000000000000000e+00 0.000000000000000000e+00 0.000000000000000000e+00 0.000000000000000000e+00 0.000000000000000000e+00 0.000000000000000000e+00 0.000000000000000000e+00
7.888357699286680145e+03 6.767988660484721549e+03 4.133039262266890546e+03 3.063560800476787335e+03 2.001767350955321035e+03 8.009259050172446450e+02 7.241493744743771686e+02 3.545812550996740242e+02 1.565418678483756310e+02 4.758310214624163450e+02 3.215992864052061861e+01 -1.562601323679587262e+00 -8.126072957750366532e-01 0.000000000000000000e+00 0.000000000000000000e+00 0.000000000000000000e+00 0.000000000000000000e+00 0.000000000000000000e+00 0.000000000000000000e+00 0.000000000000000000e+00
2.038092565608815903e+03 1.529155636483496210e+03 1.004141635313917845e+03 7.082224901230700880e+02 5.251328585108698235e+02 1.848254423657087102e+02 2.139113970967348735e+02 9.983472832850571876e+01 2.967664419103216389e+01 3.215992864052061861e+01 1.012475115080643633e+02 -2.315895551043977818e+00 8.202731553454603031e-01 0.000000000000000000e+00 0.000000000000000000e+00 0.000000000000000000e+00 0.000000000000000000e+00 0.000000000000000000e+00 0.000000000000000000e+00 0.000000000000000000e+00
3.642119765617937901e+02 3.374903237235035363e+02 1.560731841702605607e+02 1.885551048940189673e+02 9.068624013087853086e+01 3.371438310324982979e+01 3.221690204339606112e+01 1.847229368050349052e+01 -2.682470569736630672e+00 -1.562601323679587262e+00 -2.315895551043977818e+00 1.744899251208054380e+01 -3.531739505260092504e-02 0.000000000000000000e+00 0.000000000000000000e+00 0.000000000000000000e+00 0.000000000000000000e+00 0.000000000000000000e+00 0.000000000000000000e+00 0.000000000000000000e+00
2.878117059190540061e+01 2.916500485379453167e+01 1.430556572173481378e+01 6.316506940545671078e+00 -6.566868057088459665e+00 5.063407688045745481e+00 1.120549220233520021e-01 4.881712813891663671e+00 -2.047923977864841927e+00 -8.126072957750366532e-01 8.202731553454603031e-01 -3.531739505260092504e-02 1.002495228677636518e+00 0.000000000000000000e+00 0.000000000000000000e+00 0.000000000000000000e+00 0.000000000000000000e+00 0.000000000000000000e+00 0.000000000000000000e+00 0.000000000000000000e+00
0.000000000000000000e+00 0.000000000000000000e+00 0.000000000000000000e+00 0.000000000000000000e+00 0.000000000000000000e+00 0.000000000000000000e+00 0.000000000000000000e+00 0.000000000000000000e+00 0.000000000000000000e+00 0.000000000000000000e+00 0.000000000000000000e+00 0.000000000000000000e+00 0.000000000000000000e+00 0.000000000000000000e+00 0.000000000000000000e+00 0.000000000000000000e+00 0.000000000000000000e+00 0.000000000000000000e+00 0.000000000000000000e+00 0.000000000000000000e+00
0.000000000000000000e+00 0.000000000000000000e+00 0.000000000000000000e+00 0.000000000000000000e+00 0.000000000000000000e+00 0.000000000000000000e+00 0.000000000000000000e+00 0.000000000000000000e+00 0.000000000000000000e+00 0.000000000000000000e+00 0.000000000000000000e+00 0.000000000000000000e+00 0.000000000000000000e+00 0.000000000000000000e+00 0.000000000000000000e+00 0.000000000000000000e+00 0.000000000000000000e+00 0.000000000000000000e+00 0.000000000000000000e+00 0.000000000000000000e+00
0.000000000000000000e+00 0.000000000000000000e+00 0.000000000000000000e+00 0.000000000000000000e+00 0.000000000000000000e+00 0.000000000000000000e+00 0.000000000000000000e+00 0.000000000000000000e+00 0.000000000000000000e+00 0.000000000000000000e+00 0.000000000000000000e+00 0.000000000000000000e+00 0.000000000000000000e+00 0.000000000000000000e+00 0.000000000000000000e+00 0.000000000000000000e+00 0.000000000000000000e+00 0.000000000000000000e+00 0.000000000000000000e+00 0.000000000000000000e+00
0.000000000000000000e+00 0.000000000000000000e+00 0.000000000000000000e+00 0.000000000000000000e+00 0.000000000000000000e+00 0.000000000000000000e+00 0.000000000000000000e+00 0.000000000000000000e+00 0.000000000000000000e+00 0.000000000000000000e+00 0.000000000000000000e+00 0.000000000000000000e+00 0.000000000000000000e+00 0.000000000000000000e+00 0.000000000000000000e+00 0.000000000000000000e+00 0.000000000000000000e+00 0.000000000000000000e+00 0.000000000000000000e+00 0.000000000000000000e+00
0.000000000000000000e+00 0.000000000000000000e+00 0.000000000000000000e+00 0.000000000000000000e+00 0.000000000000000000e+00 0.000000000000000000e+00 0.000000000000000000e+00 0.000000000000000000e+00 0.000000000000000000e+00 0.000000000000000000e+00 0.000000000000000000e+00 0.000000000000000000e+00 0.000000000000000000e+00 0.000000000000000000e+00 0.000000000000000000e+00 0.000000000000000000e+00 0.000000000000000000e+00 0.000000000000000000e+00 0.000000000000000000e+00 0.000000000000000000e+00
0.000000000000000000e+00 0.000000000000000000e+00 0.000000000000000000e+00 0.000000000000000000e+00 0.000000000000000000e+00 0.000000000000000000e+00 0.000000000000000000e+00 0.000000000000000000e+00 0.000000000000000000e+00 0.000000000000000000e+00 0.000000000000000000e+00 0.000000000000000000e+00 0.000000000000000000e+00 0.000000000000000000e+00 0.000000000000000000e+00 0.000000000000000000e+00 0.000000000000000000e+00 0.000000000000000000e+00 0.000000000000000000e+00 0.000000000000000000e+00
0.000000000000000000e+00 0.000000000000000000e+00 0.000000000000000000e+00 0.000000000000000000e+00 0.000000000000000000e+00 0.000000000000000000e+00 0.000000000000000000e+00 0.000000000000000000e+00 0.000000000000000000e+00 0.000000000000000000e+00 0.000000000000000000e+00 0.000000000000000000e+00 0.000000000000000000e+00 0.000000000000000000e+00 0.000000000000000000e+00 0.000000000000000000e+00 0.000000000000000000e+00 0.000000000000000000e+00 0.000000000000000000e+00 0.000000000000000000e+00
