1.785731649648739723e+06 1.089065549293564633e+06 7.436524630045305239e+05 5.058472058248007670e+05 3.585895134841226973e+05 2.207168159114584269e+05 1.387350580343244364e+05 7.535844876587949693e+04 4.180500307627367874e+04 1.353537085339775331e+04 6.616786091919331739e+03 2.442399660162573582e+03 5.798439245126656942e+02 8.068347607162505142e+01 0.000000000000000000e+00 0.000000000000000000e+00 0.000000000000000000e+00 0.000000000000000000e+00 0.000000000000000000e+00 0.000000000000000000e+00
1.089065549293564633e+06 9.636583276565606939e+05 5.553448711997107603e+05 3.716231648884132737e+05 2.653373509981070529e+05 1.590264781812675064e+05 9.925359163660340710e+04 5.532355558175774786e+04 3.160616206525505186e+04 1.040127077409192498e+04 5.653015601165554472e+03 1.629235520297300582e+03 3.244105306539334492e+02 3.902038366362924648e+01 0.000000000000000000e+00 0.000000000000000000e+00 0.000000000000000000e+00 0.000000000000000000e+00 0.000000000000000000e+00 0.000000000000000000e+00
7.436524630045305239e+05 5.553448711997107603e+05 5.328255053318600403e+05 2.703115398858422996e+05 1.916116071760321502e+05 1.124890951711533999e+05 7.199899837519619905e+04 4.134734697240006790e+04 2.441305734559490884e+04 7.267328038678359007e+03 3.550114762067932134e+03 1.299585779019459096e+03 2.865058193651290139e+02 8.295505066828404495e+00 0.000000000000000000e+00 0.000000000000000000e+00 0.000000000000000000e+00 0.000000000000000000e+00 0.000000000000000000e+00 0.000000000000000000e+00
5.058472058248007670e+05 3.716231648884132737e+05 2.703115398858422996e+05 2.608646355045870005e+05 1.248064490559631668e+05 8.193767574819725996e+04 4.968767097792806453e+04 2.781519483707698237e+04 1.392200799399594143e+04 4.721130506011063517e+03 2.683262626707261461e+03 9.451663413434401946e+02 1.679484236343592158e+02 1.378751167776695397e+01 0.000000000000000000e+00 0.000000000000000000e+00 0.000000000000000000e+00 0.000000000000000000e+00 0.000000000000000000e+00 0.000000000000000000e+00
3.585895134841226973e+05 2.653373509981070529e+05 1.916116071760321502e+05 1.248064490559631668e+05 1.413764568088987726e+05 5.244149129654905846e+04 3.613516756717225508e+04 2.046774907504959629e+04 1.193899136618687589e+04 4.115896849349616787e+03 1.860559961509816731e+03 6.213201198668556344e+02 1.316346247283749449e+02 -8.393209221505578910e+00 0.000000000000000000e+00 0.000000000000000000e+00 0.000000000000000000e+00 0.000000000000000000e+00 0.000000000000000000e+00 0.000000000000000000e+00
2.207168159114584269e+05 1.590264781812675064e+05 1.124890951711533999e+05 8.193767574819725996e+04 5.244149129654905846e+04 5.922185423001318122e+04 2.231281466250228914e+04 1.238298048324488809e+04 6.078841456286159882e+03 2.213776747942147267e+03 1.086999664483387733e+03 3.981415062109087444e+02 6.377469864224740803e+01 1.200133436651624486e+01 0.000000000000000000e+00 0.000000000000000000e+00 0.000000000000000000e+00 0.000000000000000000e+00 0.000000000000000000e+00 0.000000000000000000e+00
1.387350580343244364e+05 9.925359163660340710e+04 7.199899837519619905e+04 4.968767097792806453e+04 3.613516756717225508e+04 2.231281466250228914e+04 2.940300821673897372e+04 7.773923741699305538e+03 4.524312981271469653e+03 1.578257071952414663e+03 8.298367010651043074e+02 2.231176843230409474e+02 1.918657027223946088e+01 2.398181669131124405e+00 0.000000000000000000e+00 0.000000000000000000e+00 0.000000000000000000e+00 0.000000000000000000e+00 0.000000000000000000e+00 0.000000000000000000e+00
7.535844876587949693e+04 5.532355558175774786e+04 4.134734697240006790e+04 2.781519483707698237e+04 2.046774907504959629e+04 1.238298048324488809e+04 7.773923741699305538e+03 1.120843243775227165e+04 2.543416300669339307e+03 8.400940734059994384e+02 3.620090609488678410e+02 1.327451976323906990e+02 3.209109280672415565e+01 5.268321532933705420e+00 0.000000000000000000e+00 0.000000000000000000e+00 0.000000000000000000e+00 0.000000000000000000e+00 0.000000000000000000e+00 0.000000000000000000e+00
4.180500307627367874e+04 3.160616206525505186e+04 2.441305734559490884e+04 1.392200799399594143e+04 1.193899136618687589e+04 6.078841456286159882e+03 4.524312981271469653e+03 2.543416300669339307e+03 4.753042874579391537e+03 4.878830875162832399e+02 1.780495265572611743e+02 8.728266843691105237e+01 2.362445435524812964e+01 -4.083776970497148717e+00 0.000000000000000000e+00 0.000000000000000000e+00 0.000000000000000000e+00 0.000000000000000000e+00 0.000000000000000000e+00 0.000000000000000000e+00
1.353537085339775331e+04 1.040127077409192498e+04 7.267328038678359007e+03 4.721130506011063517e+03 4.115896849349616787e+03 2.213776747942147267e+03 1.578257071952414663e+03 8.400940734059994384e+02 4.878830875162832399e+02 1.277777078203081828e+03 9.279440150752786565e+01 2.675641151627122571e+00 -4.255390905112440336e+00 -1.550536492149337531e-01 0.000000000000000000e+00 0.000000000000000000e+00 0.000000000000000000e+00 0.000000000000000000e+00 0.000000000000000000e+00 0.000000000000000000e+00
6.616786091919331739e+03 5.653015601165554472e+03 3.550114762067932134e+03 2.683262626707261461e+03 1.860559961509816731e+03 1.086999664483387733e+03 8.298367010651043074e+02 3.620090609488678410e+02 1.780495265572611743e+02 9.279440150752786565e+01 4.078401236323631451e+02 1.121616563946500733e+01 7.692409911502021691e-01 3.473156360297539047e-01 0.000000000000000000e+00 0.000000000000000000e+00 0.000000000000000000e+00 0.000000000000000000e+00 0.000000000000000000e+00 0.000000000000000000e+00
2.442399660162573582e+03 1.629235520297300582e+03 1.299585779019459096e+03 9.451663413434401946e+02 6.213201198668556344e+02 3.981415062109087444e+02 2.231176843230409474e+02 1.327451976323906990e+02 8.728266843691105237e+01 2.675641151627122571e+00 1.121616563946500733e+01 6.453331258959438799e+01 -1.051653477422968441e+00 -1.314490321119236582e-01 0.000000000000000000e+00 0.000000000000000000e+00 0.000000000000000000e+00 0.000000000000000000e+00 0.000000000000000000e+00 0.000000000000000000e+00
5.798439245126656942e+02 3.244105306539334492e+02 2.865058193651290139e+02 1.679484236343592158e+02 1.316346247283749449e+02 6.377469864224740803e+01 1.918657027223946088e+01 3.209109280672415565e+01 2.362445435524812964e+01 -4.255390905112440336e+00 7.692409911502021691e-01 -1.051653477422968441e+00 7.910001541846442663e+00 -1.569353387348321888e-02 0.000000000000000000e+00 0.000000000000000000e+00 0.000000000000000000e+00 0.000000000000000000e+00 0.000000000000000000e+00 0.000000000000000000e+00
8.068347607162505142e+01 3.902038366362924648e+01 8.295505066828404495e+00 1.378751167776695397e+01 -8.393209221505578910e+00 1.200133436651624486e+01 2.398181669131124405e+00 5.268321532933705420e+00 -4.083776970497148717e+00 -1.550536492149337531e-01 3.473156360297539047e-01 -1.314490321119236582e-01 -1.569353387348321888e-02 1.002366121438209579e+00 0.000000000000000000e+00 0.000000000000000000e+00 0.000000000000000000e+00 0.000000000000000000e+00 0.000000000000000000e+00 0.000000000000000000e+00
0.000000000000000000e+00 0.000000000000000000e+00 0.000000000000000000e+00 0.000000000000000000e+00 0.000000000000000000e+00 0.000000000000000000e+00 0.000000000000000000e+00 0.000000000000000000e+00 0.000000000000000000e+00 0.000000000000000000e+00 0.000000000000000000e+00 0.000000000000000000e+00 0.000000000000000000e+00 0.000000000000000000e+00 0.000000000000000000e+00 0.000000000000000000e+00 0.000000000000000000e+00 0.000000000000000000e+00 0.000000000000000000e+00 0.000000000000000000e+00
0.000000000000000000e+00 0.000000000000000000e+00 0.000000000000000000e+00 0.000000000000000000e+00 0.000000000000000000e+00 0.000000000000000000e+00 0.000000000000000000e+00 0.000000000000000000e+00 0.000000000000000000e+00 0.000000000000000000e+00 0.000000000000000000e+00 0.000000000000000000e+00 0.000000000000000000e+00 0.000000000000000000e+00 0.000000000000000000e+00 0.000000000000000000e+00 0.000000000000000000e+00 0.000000000000000000e+00 0.000000000000000000e+00 0.000000000000000000e+00
0.000000000000000000e+00 0.000000000000000000e+00 0.000000000000000000e+00 0.000000000000000000e+00 0.000000000000000000e+00 0.000000000000000000e+00 0.000000000000000000e+00 0.000000000000000000e+00 0.000000000000000000e+00 0.000000000000000000e+00 0.000000000000000000e+00 0.000000000000000000e+00 0.000000000000000000e+00 0.000000000000000000e+00 0.000000000000000000e+00 0.000000000000000000e+00 0.000000000000000000e+00 0.000000000000000000e+00 0.000000000000000000e+00 0.000000000000000000e+00
0.000000000000000000e+00 0.000000000000000000e+00 0.000000000000000000e+00 0.000000000000000000e+00 0.000000000000000000e+00 0.000000000000000000e+00 0.000000000000000000e+00 0.000000000000000000e+00 0.000000000000000000e+00 0.000000000000000000e+00 0.000000000000000000e+00 0.000000000000000000e+00 0.000000000000000000e+00 0.000000000000000000e+00 0.000000000000000000e+00 0.000000000000000000e+00 0.000000000000000000e+00 0.000000000000000000e+00 0.000000000000000000e+00 0.000000000000000000e+00
0.000000000000000000e+00 0.000000000000000000e+00 0.000000000000000000e+00 0.000000000000000000e+00 0.000000000000000000e+00 0.000000000000000000e+00 0.000000000000000000e+00 0.000000000000000000e+00 0.000000000000000000e+00 0.000000000000000000e+00 0.000000000000000000e+00 0.000000000000000000e+00 0.000000000000000000e+00 0.000000000000000000e+00 0.000000000000000000e+00 0.000000000000000000e+00 0.000000000000000000e+00 0.000000000000000000e+00 0.000000000000000000e+00 0.000000000000000000e+00
0.000000000000000000e+00 0.000000000000000000e+00 0.000000000000000000e+00 0.000000000000000000e+00 0.000000000000000000e+00 0.000000000000000000e+00 0.000000000000000000e+00 0.000000000000000000e+00 0.000000000000000000e+00 0.000000000000000000e+00 0.000000000000000000e+00 0.000000000000000000e+00 0.000000000000000000e+00 0.000000000000000000e+00 0.000000000000000000e+00 0.000000000000000000e+00 0.000000000000000000e+00 0.000000000000000000e+00 0.000000000000000000e+00 0.000000000000000000e+00
