2.057404751091612852e+05 1.029622047129771672e+05 6.072640546836995054e+04 3.158344534557611769e+04 1.531444421172765396e+04 6.257219607255243318e+03 2.156019345465339484e+03 4.721132366622081236e+02 1.029938571785989154e+02 1.561332571759496135e-01
1.029622047129771672e+05 8.298761604676194838e+04 3.721220171415099321e+04 1.933271403863191154e+04 9.505426820523953211e+03 3.942350403382301920e+03 1.345421046984212808e+03 2.996957525101504984e+02 6.686599866966987804e+01 1.991380225759819211e+00
6.072640546836995054e+04 3.721220171415099321e+04 3.103958122980365806e+04 1.161152158829388645e+04 5.557148243812715009e+03 2.377417736822958886e+03 7.760193575652913296e+02 2.000236020451995955e+02 3.852273759880490189e+01 2.806924429330452497e+00
3.158344534557611769e+04 1.933271403863191154e+04 1.161152158829388645e+04 1.060651559674117379e+04 3.000116660699229669e+03 1.288894253849768120e+03 4.451537167583754240e+02 1.119996661826734226e+02 2.476053834110624408e+01 1.648784614082616340e+00
1.531444421172765396e+04 9.505426820523953211e+03 5.557148243812715009e+03 3.000116660699229669e+03 3.351366460663732141e+03 6.496971639412161039e+02 2.232811197889238031e+02 4.876617850426381295e+01 1.356647235326945200e+01 2.091091132929206731e-01
6.257219607255243318e+03 3.942350403382301920e+03 2.377417736822958886e+03 1.288894253849768120e+03 6.496971639412161039e+02 9.220213025007000169e+02 1.015248527737122402e+02 2.441023081849349907e+01 6.947483366728502752e+00 5.180669318598457584e-02
2.156019345465339484e+03 1.345421046984212808e+03 7.760193575652913296e+02 4.451537167583754240e+02 2.232811197889238031e+02 1.015248527737122402e+02 2.137158012287472957e+02 9.755092533058517645e+00 3.025847885262876069e+00 -3.957460226337611298e-01
4.721132366622081236e+02 2.996957525101504984e+02 2.000236020451995955e+02 1.119996661826734226e+02 4.876617850426381295e+01 2.441023081849349907e+01 9.755092533058517645e+00 4.290908442375181409e+01 7.617413723922054070e-01 6.014445253461497831e-02
1.029938571785989154e+02 6.686599866966987804e+01 3.852273759880490189e+01 2.476053834110624408e+01 1.356647235326945200e+01 6.947483366728502752e+00 3.025847885262876069e+00 7.617413723922054070e-01 6.897322492665364457e+00 1.783805214986940516e-02
1.561332571759496135e-01 1.991380225759819211e+00 2.806924429330452497e+00 1.648784614082616340e+00 2.091091132929206731e-01 5.180669318598457584e-02 -3.957460226337611298e-01 6.014445253461497831e-02 1.783805214986940516e-02 3.601636463448311121e-01
