1.781283468731532366e+03 1.864735136357638794e+02 5.321886848374958845e+01 1.245098547891056384e+01 1.231331380296898370e+00 -7.703263783505941154e-02
1.864735136357638794e+02 3.608176459738354538e+02 1.629561453217708689e+01 1.835048534428035394e+00 7.100955244884031847e-01 -7.027595592404083102e-02
5.321886848374958845e+01 1.629561453217708689e+01 6.469823334880534560e+01 9.624315665392382257e-01 -7.986271568505622087e-02 -2.236115899782538038e-02
1.245098547891056384e+01 1.835048534428035394e+00 9.624315665392382257e-01 7.964387632756663393e+00 8.966583421149577904e-02 -2.300590211447782387e-03
1.231331380296898370e+00 7.100955244884031847e-01 -7.986271568505622087e-02 8.966583421149577904e-02 9.634652440304025678e-01 -5.538890681490579119e-04
-7.703263783505941154e-02 -7.027595592404083102e-02 -2.236115899782538038e-02 -2.300590211447782387e-03 -5.538890681490579119e-04 4.039609605679917587e-02
