6.066290400000000373e+05 2.982137600000000093e+05 1.617462880000000005e+05 7.643897599999999511e+04 3.005597999999999956e+04 8.439618800000000192e+03 1.476733120000000099e+03 7.948032000000000608e+01 7.788196120000000278e+00
2.982137600000000093e+05 2.034818640000000305e+05 9.154585599999999977e+04 4.253932800000000861e+04 1.654120959999999832e+04 4.911087199999999939e+03 8.283810799999999972e+02 4.917696800000000223e+01 3.094802800000000076e+00
1.617462880000000005e+05 9.154585599999999977e+04 6.495359200000000419e+04 2.359815999999999985e+04 9.161688799999999901e+03 2.671166399999999612e+03 4.818143199999999524e+02 2.859474879999999786e+01 1.989621759999999906e+00
7.643897599999999511e+04 4.253932800000000861e+04 2.359815999999999985e+04 1.710996479999999792e+04 4.519955600000000231e+03 1.307792599999999993e+03 2.360011279999999942e+02 1.216860879999999945e+01 1.997107599999999872e+00
3.005597999999999956e+04 1.654120959999999832e+04 9.161688799999999901e+03 4.519955600000000231e+03 3.573739599999999882e+03 5.544209200000000237e+02 1.012144279999999981e+02 5.733467999999999343e+00 -9.224138000000001170e-02
8.439618800000000192e+03 4.911087199999999939e+03 2.671166399999999612e+03 1.307792599999999993e+03 5.544209200000000237e+02 5.882275600000000395e+02 2.804979600000000062e+01 1.695432159999999966e+00 2.083422800000000463e-01
1.476733120000000099e+03 8.283810799999999972e+02 4.818143199999999524e+02 2.360011279999999942e+02 1.012144279999999981e+02 2.804979600000000062e+01 5.955143199999999837e+01 7.337205600000001882e-02 -1.047169599999999978e-01
7.948032000000000608e+01 4.917696800000000223e+01 2.859474879999999786e+01 1.216860879999999945e+01 5.733467999999999343e+00 1.695432159999999966e+00 7.337205600000001882e-02 3.283184400000000114e+00 3.306030399999999175e-02
7.788196120000000278e+00 3.094802800000000076e+00 1.989621759999999906e+00 1.997107599999999872e+00 -9.224138000000001170e-02 2.083422800000000463e-01 -1.047169599999999978e-01 3.306030399999999175e-02 1.990635920000000114e-01
