6.508882800000000279e+05 3.290965599999999977e+05 1.849357639999999956e+05 9.356510800000000745e+04 4.063340000000000146e+04 1.351882160000000113e+04 2.812042800000000170e+03 2.860196439999999711e+02 1.406645960000000173e+01
3.290965599999999977e+05 2.242204600000000210e+05 1.049678959999999934e+05 5.297002800000000570e+04 2.285110400000000300e+04 7.502113999999999578e+03 1.641338600000000042e+03 1.785679599999999994e+02 4.340022399999999614e+00
1.849357639999999956e+05 1.049678959999999934e+05 7.777487200000000303e+04 3.071409199999999691e+04 1.299068360000000212e+04 4.360094799999999850e+03 9.351298000000000457e+02 1.014301760000000030e+02 5.064853999999999523e+00
9.356510800000000745e+04 5.297002800000000570e+04 3.071409199999999691e+04 2.260113200000000143e+04 6.883947599999999511e+03 2.294957200000000284e+03 4.668194399999999860e+02 4.805447599999999397e+01 1.291534928000000138e+00
4.063340000000000146e+04 2.285110400000000300e+04 1.299068360000000212e+04 6.883947599999999511e+03 5.519001199999999699e+03 1.054591920000000073e+03 2.231819399999999973e+02 2.402532760000000067e+01 1.147754011999999824e+00
1.351882160000000113e+04 7.502113999999999578e+03 4.360094799999999850e+03 2.294957200000000284e+03 1.054591920000000073e+03 1.016777480000000082e+03 8.153559200000000828e+01 7.345312800000000308e+00 -1.957887600000000061e-01
2.812042800000000170e+03 1.641338600000000042e+03 9.351298000000000457e+02 4.668194399999999860e+02 2.231819399999999973e+02 8.153559200000000828e+01 1.243317639999999926e+02 2.240927160000000029e+00 6.479504400000000996e-02
2.860196439999999711e+02 1.785679599999999994e+02 1.014301760000000030e+02 4.805447599999999397e+01 2.402532760000000067e+01 7.345312800000000308e+00 2.240927160000000029e+00 8.970959999999999823e+00 9.068191559999999596e-02
1.406645960000000173e+01 4.340022399999999614e+00 5.064853999999999523e+00 1.291534928000000138e+00 1.147754011999999824e+00 -1.957887600000000061e-01 6.479504400000000996e-02 9.068191559999999596e-02 3.181274719999999667e-01
