4.396010000000000000e+05 1.950831160000000091e+05 8.681127599999999802e+04 3.249940799999999581e+04 8.497245999999999185e+03 1.370286640000000034e+03 1.269372160000000065e+02 -8.386708000000007157e-01
1.950831160000000091e+05 1.230677439999999915e+05 4.490855599999999686e+04 1.673545560000000114e+04 4.474479600000000573e+03 7.640394799999999123e+02 7.069540359999999168e+01 5.668599999999979211e-02
8.681127599999999802e+04 4.490855599999999686e+04 2.879611600000000180e+04 7.670892800000000534e+03 2.067485919999999624e+03 3.440765599999999722e+02 3.666426559999999313e+01 2.706422000000001105e-01
3.249940799999999581e+04 1.673545560000000114e+04 7.670892800000000534e+03 5.392103600000000370e+03 8.611742800000000670e+02 1.350608480000000213e+02 1.229242719999999878e+01 -7.477555999999999092e-02
8.497245999999999185e+03 4.474479600000000573e+03 2.067485919999999624e+03 8.611742800000000670e+02 7.575139199999999846e+02 4.650945199999999602e+01 4.031095999999999790e+00 -1.283425736000000095e-01
1.370286640000000034e+03 7.640394799999999123e+02 3.440765599999999722e+02 1.350608480000000213e+02 4.650945199999999602e+01 7.782544000000000040e+01 1.025961012000000006e+00 5.200761199999999473e-02
1.269372160000000065e+02 7.069540359999999168e+01 3.666426559999999313e+01 1.229242719999999878e+01 4.031095999999999790e+00 1.025961012000000006e+00 4.225948800000000283e+00 3.399597239999999077e-02
-8.386708000000007157e-01 5.668599999999979211e-02 2.706422000000001105e-01 -7.477555999999999092e-02 -1.283425736000000095e-01 5.200761199999999473e-02 3.399597239999999077e-02 1.593756159999999977e-01
