3.127228400000000256e+05 1.257831319999999978e+05 4.725197199999999430e+04 1.444739120000000003e+04 2.768683999999999742e+03 2.290138079999999832e+02 2.212232799999999777e+00
1.257831319999999978e+05 7.360600000000000000e+04 2.237680000000000291e+04 6.767448400000001129e+03 1.348617960000000039e+03 1.132180479999999960e+02 2.044826280000000107e+00
4.725197199999999430e+04 2.237680000000000291e+04 1.357286440000000221e+04 2.704646000000000186e+03 5.570493599999999788e+02 5.995953599999999994e+01 4.666649200000000386e-01
1.444739120000000003e+04 6.767448400000001129e+03 2.704646000000000186e+03 2.060359999999999673e+03 1.815375639999999748e+02 2.004608280000000065e+01 -3.953201600000000315e-01
2.768683999999999742e+03 1.348617960000000039e+03 5.570493599999999788e+02 1.815375639999999748e+02 2.146937440000000095e+02 5.335730039999999619e+00 -2.668215800000000026e-01
2.290138079999999832e+02 1.132180479999999960e+02 5.995953599999999994e+01 2.004608280000000065e+01 5.335730039999999619e+00 1.537506839999999997e+01 3.610122799999999910e-02
2.212232799999999777e+00 2.044826280000000107e+00 4.666649200000000386e-01 -3.953201600000000315e-01 -2.668215800000000026e-01 3.610122799999999910e-02 3.179715439999999949e-01
