3.186297046744731051e+04 1.049933530294832599e+04 4.263284029040662062e+03 1.277781498852012419e+03 3.555135592433614420e+02 5.776863464347324850e+01 4.743092903480546241e+00 6.219809736844548187e-01
1.049933530294832599e+04 8.815063799134741203e+03 2.053056660529183318e+03 6.426943232341415069e+02 1.881286135249205529e+02 3.571263949863643461e+01 3.389272017847868135e+00 2.475268418121047698e-01
4.263284029040662062e+03 2.053056660529183318e+03 2.075793322752674158e+03 2.706911896086451748e+02 8.938886673559387930e+01 9.535083485369446166e+00 1.360721392180072931e+00 -3.448169741399201849e-01
1.277781498852012419e+03 6.426943232341415069e+02 2.706911896086451748e+02 4.562305775855837169e+02 2.731791970976919259e+01 4.912918836113338905e+00 1.085266240934284365e+00 -9.567091228740556841e-02
3.555135592433614420e+02 1.881286135249205529e+02 8.938886673559387930e+01 2.731791970976919259e+01 9.112850620216616448e+01 2.256240071730813312e+00 1.146859451210498343e-01 2.631105808337557209e-02
5.776863464347324850e+01 3.571263949863643461e+01 9.535083485369446166e+00 4.912918836113338905e+00 2.256240071730813312e+00 1.267029593324892467e+01 8.552928406067052125e-02 -1.466391736352213281e-02
4.743092903480546241e+00 3.389272017847868135e+00 1.360721392180072931e+00 1.085266240934284365e+00 1.146859451210498343e-01 8.552928406067052125e-02 1.349852855538306473e+00 -1.968747812037887311e-03
6.219809736844548187e-01 2.475268418121047698e-01 -3.448169741399201849e-01 -9.567091228740556841e-02 2.631105808337557209e-02 -1.466391736352213281e-02 -1.968747812037887311e-03 1.206305755165339166e-01
