3.492457999999999884e+05 1.512303919999999925e+05 6.602316400000000431e+04 2.388636000000000058e+04 6.120776799999999639e+03 9.113625600000000304e+02 6.170884399999999914e+01 2.655896399999999602e+00
1.512303919999999925e+05 9.450344400000000314e+04 3.339476000000000204e+04 1.202283200000000033e+04 3.162977600000000166e+03 4.751731199999999831e+02 3.114646799999999871e+01 1.054576799999999981e+00
6.602316400000000431e+04 3.339476000000000204e+04 2.100652399999999761e+04 5.562761200000000827e+03 1.353861879999999928e+03 1.965711719999999900e+02 1.395214799200000044e+01 8.124724000000000945e-01
2.388636000000000058e+04 1.202283200000000033e+04 5.562761200000000827e+03 3.784964400000000296e+03 5.690298000000000229e+02 7.774106799999999851e+01 5.579315760000000068e+00 2.681471200000000166e-01
6.120776799999999639e+03 3.162977600000000166e+03 1.353861879999999928e+03 5.690298000000000229e+02 4.991009199999999737e+02 2.218510279999999923e+01 2.059953296000000211e+00 1.010522400000000015e-01
9.113625600000000304e+02 4.751731199999999831e+02 1.965711719999999900e+02 7.774106799999999851e+01 2.218510279999999923e+01 4.340279999999999916e+01 4.866258399999999762e-01 6.674439999999999540e-02
6.170884399999999914e+01 3.114646799999999871e+01 1.395214799200000044e+01 5.579315760000000068e+00 2.059953296000000211e+00 4.866258399999999762e-01 1.989310119999999849e+00 -5.458067999999999731e-04
2.655896399999999602e+00 1.054576799999999981e+00 8.124724000000000945e-01 2.681471200000000166e-01 1.010522400000000015e-01 6.674439999999999540e-02 -5.458067999999999731e-04 3.984390399999999943e-02
