5.958944799999999814e+05 3.082225999999999767e+05 1.815068640000000014e+05 1.018041399999999849e+05 5.246368400000000111e+04 2.297163999999999942e+04 7.565027200000000448e+03 1.484534120000000257e+03 1.137784359999999992e+02
3.082225999999999767e+05 2.196342119999999995e+05 1.071825880000000034e+05 6.003474399999999878e+04 3.092442799999999261e+04 1.331345960000000014e+04 4.514143200000000434e+03 8.672505200000000514e+02 6.854796399999999323e+01
1.815068640000000014e+05 1.071825880000000034e+05 8.143454800000000978e+04 3.543887599999999657e+04 1.836397119999999995e+04 7.938824000000000524e+03 2.615770399999999881e+03 5.242044400000000905e+02 3.878761200000000287e+01
1.018041399999999849e+05 6.003474399999999878e+04 3.543887599999999657e+04 2.864978800000000410e+04 1.030443400000000111e+04 4.588787199999999757e+03 1.488329560000000129e+03 2.883783999999999992e+02 2.825275800000000004e+01
5.246368400000000111e+04 3.092442799999999261e+04 1.836397119999999995e+04 1.030443400000000111e+04 8.997446400000000722e+03 2.376368799999999737e+03 7.777303600000000188e+02 1.575189319999999782e+02 1.095286320000000124e+01
2.297163999999999942e+04 1.331345960000000014e+04 7.938824000000000524e+03 4.588787199999999757e+03 2.376368799999999737e+03 2.269355599999999868e+03 3.515592800000000011e+02 6.738180799999999238e+01 6.100561520000000293e+00
7.565027200000000448e+03 4.514143200000000434e+03 2.615770399999999881e+03 1.488329560000000129e+03 7.777303600000000188e+02 3.515592800000000011e+02 4.118591199999999617e+02 2.667568600000000245e+01 2.087477435999999464e+00
1.484534120000000257e+03 8.672505200000000514e+02 5.242044400000000905e+02 2.883783999999999992e+02 1.575189319999999782e+02 6.738180799999999238e+01 2.667568600000000245e+01 4.740698799999999835e+01 1.016604279999999916e+00
1.137784359999999992e+02 6.854796399999999323e+01 3.878761200000000287e+01 2.825275800000000004e+01 1.095286320000000124e+01 6.100561520000000293e+00 2.087477435999999464e+00 1.016604279999999916e+00 2.726539199999999941e+00
