3.273167146949009039e+05 1.827096883313871222e+05 1.197056743525499478e+05 7.348323515542277892e+04 4.369930065216455841e+04 2.437788323928134923e+04 1.218218494480360278e+04 5.593914791352077373e+03 1.875052506758762320e+03 3.370675127214901181e+02 7.927332961668165012e+01 4.320247606958916187e+00
1.827096883313871222e+05 1.496060764791664260e+05 7.963146010329795536e+04 4.948330643257341580e+04 2.918225162821694539e+04 1.626303555250539466e+04 8.319025588506003260e+03 3.659419083811541896e+03 1.257981434292831864e+03 2.044048126878192875e+02 4.789273613975881005e+01 3.121933138636369343e+00
1.197056743525499478e+05 7.963146010329795536e+04 6.872165168670876301e+04 3.283694795389914361e+04 1.934048873677615120e+04 1.078861257715832107e+04 5.472067162565495892e+03 2.417435193038968919e+03 8.647943424259149197e+02 1.522338468011904240e+02 4.061177139882012455e+01 3.081436273780316260e+00
7.348323515542277892e+04 4.948330643257341580e+04 3.283694795389914361e+04 2.963298657534578160e+04 1.189399911846430041e+04 6.686660145719125467e+03 3.476568067258637257e+03 1.562097261611144631e+03 4.996838972254126929e+02 9.551509923922678524e+01 1.868942164301277131e+01 1.801907641680852379e+00
4.369930065216455841e+04 2.918225162821694539e+04 1.934048873677615120e+04 1.189399911846430041e+04 1.213946852773554565e+04 4.080508790797915026e+03 2.128142632099135426e+03 9.360364736645960875e+02 3.214953238241979534e+02 6.435824117892887841e+01 1.500536417407281320e+01 7.877471973924216053e-01
2.437788323928134923e+04 1.626303555250539466e+04 1.078861257715832107e+04 6.686660145719125467e+03 4.080508790797915026e+03 4.384652445087520391e+03 1.180907151671176507e+03 5.500437105504379360e+02 1.789952291970300564e+02 3.182930931320471402e+01 9.261966520893867738e+00 1.192628457384499879e-01
1.218218494480360278e+04 8.319025588506003260e+03 5.472067162565495892e+03 3.476568067258637257e+03 2.128142632099135426e+03 1.180907151671176507e+03 1.555776003673206560e+03 2.879711637155678545e+02 1.008262409508980824e+02 1.983325004906144784e+01 4.551037221131934096e+00 2.529046640018476344e-01
5.593914791352077373e+03 3.659419083811541896e+03 2.417435193038968919e+03 1.562097261611144631e+03 9.360364736645960875e+02 5.500437105504379360e+02 2.879711637155678545e+02 4.419780664894395841e+02 4.185346244498686019e+01 1.047421954672710243e+01 2.141240925884263735e+00 4.361386648024614954e-01
1.875052506758762320e+03 1.257981434292831864e+03 8.647943424259149197e+02 4.996838972254126929e+02 3.214953238241979534e+02 1.789952291970300564e+02 1.008262409508980824e+02 4.185346244498686019e+01 1.041839493314943894e+02 4.714733649345875577e+00 8.479473699131834241e-01 -1.107575951417746549e-02
3.370675127214901181e+02 2.044048126878192875e+02 1.522338468011904240e+02 9.551509923922678524e+01 6.435824117892887841e+01 3.182930931320471402e+01 1.983325004906144784e+01 1.047421954672710243e+01 4.714733649345875577e+00 1.798001806027544092e+01 1.417536351733730826e-01 7.804971997073914536e-02
7.927332961668165012e+01 4.789273613975881005e+01 4.061177139882012455e+01 1.868942164301277131e+01 1.500536417407281320e+01 9.261966520893867738e+00 4.551037221131934096e+00 2.141240925884263735e+00 8.479473699131834241e-01 1.417536351733730826e-01 2.386550407140803465e+00 -6.437026703297904495e-03
4.320247606958916187e+00 3.121933138636369343e+00 3.081436273780316260e+00 1.801907641680852379e+00 7.877471973924216053e-01 1.192628457384499879e-01 2.529046640018476344e-01 4.361386648024614954e-01 -1.107575951417746549e-02 7.804971997073914536e-02 -6.437026703297904495e-03 2.403338375588473796e-01
