6.305824485978534358e+04 2.476649619851823081e+04 1.080526642613229706e+04 4.519594234582276840e+03 1.454507496783647639e+03 2.898186846860701849e+02 7.497038771266315393e+01 7.691749297168811950e+00 1.326568993448039802e+00
2.476649619851823081e+04 1.845753043235326913e+04 5.713642364083782013e+03 2.276665600521583656e+03 7.381078279037629954e+02 1.597297011197884729e+02 3.745821672825407234e+01 5.641881099839660685e+00 1.163940141033140474e+00
1.080526642613229706e+04 5.713642364083782013e+03 4.783723890191527971e+03 1.108442248972962716e+03 3.942397230329280546e+02 7.407779757486942174e+01 1.711318636501438917e+01 3.210286723520733965e+00 6.246284484782542723e-01
4.519594234582276840e+03 2.276665600521583656e+03 1.108442248972962716e+03 1.224534073835973913e+03 1.572292651614627061e+02 2.736181590793922780e+01 9.580681292220614154e+00 1.288012910392677179e+00 1.889869370520512459e-02
1.454507496783647639e+03 7.381078279037629954e+02 3.942397230329280546e+02 1.572292651614627061e+02 2.447528085821575985e+02 1.393822645367162671e+01 2.178093928177856409e+00 4.297097873868994111e-01 7.787723361908707731e-02
2.898186846860701849e+02 1.597297011197884729e+02 7.407779757486942174e+01 2.736181590793922780e+01 1.393822645367162671e+01 4.827763360071578802e+01 -2.752467769737799164e-01 7.308386242581332848e-02 6.058805122062166371e-02
7.497038771266315393e+01 3.745821672825407234e+01 1.711318636501438917e+01 9.580681292220614154e+00 2.178093928177856409e+00 -2.752467769737799164e-01 7.580217617985309353e+00 4.094677100273644288e-02 -3.069453687480165009e-03
7.691749297168811950e+00 5.641881099839660685e+00 3.210286723520733965e+00 1.288012910392677179e+00 4.297097873868994111e-01 7.308386242581332848e-02 4.094677100273644288e-02 5.604552866767464891e-01 -3.146019965940314396e-04
1.326568993448039802e+00 1.163940141033140474e+00 6.246284484782542723e-01 1.889869370520512459e-02 7.787723361908707731e-02 6.058805122062166371e-02 -3.069453687480165009e-03 -3.146019965940314396e-04 4.016748246307930148e-02
