4.951638800000000047e+05 2.400165199999999895e+05 1.258118680000000022e+05 5.708869599999999627e+04 2.157752560000000085e+04 6.351946800000000621e+03 7.079072400000000016e+02 6.052358920000000353e+01
2.400165199999999895e+05 1.606488759999999893e+05 7.023466800000000512e+04 3.195194000000000233e+04 1.214125519999999960e+04 3.429347600000000057e+03 3.945186400000000049e+02 3.745046080000000188e+01
1.258118680000000022e+05 7.023466800000000512e+04 4.873261200000000099e+04 1.699906039999999848e+04 6.436538400000000365e+03 1.942160640000000058e+03 2.050754599999999925e+02 1.658613600000000332e+01
5.708869599999999627e+04 3.195194000000000233e+04 1.699906039999999848e+04 1.220197679999999855e+04 3.045947999999999865e+03 8.951075200000001360e+02 1.094586840000000052e+02 8.528388427599999488e+00
2.157752560000000085e+04 1.214125519999999960e+04 6.436538400000000365e+03 3.045947999999999865e+03 2.556157200000000103e+03 3.573172399999999698e+02 4.379265999999999792e+01 3.978152400000000366e+00
6.351946800000000621e+03 3.429347600000000057e+03 1.942160640000000058e+03 8.951075200000001360e+02 3.573172399999999698e+02 3.594906799999999976e+02 1.494154279999999879e+01 8.632325199999999477e-01
7.079072400000000016e+02 3.945186400000000049e+02 2.050754599999999925e+02 1.094586840000000052e+02 4.379265999999999792e+01 1.494154279999999879e+01 3.268034399999999806e+01 1.778550680000000050e-01
6.052358920000000353e+01 3.745046080000000188e+01 1.658613600000000332e+01 8.528388427599999488e+00 3.978152400000000366e+00 8.632325199999999477e-01 1.778550680000000050e-01 1.530208679999999877e+00
