3.732517829858417390e+05 2.138600950864956249e+05 1.449131144930750888e+05 9.785515409040010127e+04 6.251960340079451271e+04 3.837299814674590016e+04 2.201693871415284957e+04 1.131233827649881096e+04 5.146768719546341345e+03 1.840426332871610839e+03 3.359594746033416186e+02 7.675767454962482361e+01 1.330126030743128140e+01
2.138600950864956249e+05 1.808688308093357773e+05 9.768881080420746002e+04 6.674365417204055120e+04 4.245319652476071496e+04 2.659777419981308049e+04 1.496223625253368846e+04 7.800377080400768136e+03 3.383510147194570891e+03 1.194002425287980714e+03 2.176074872600818253e+02 4.284051263933614706e+01 1.070936744324914791e+01
1.449131144930750888e+05 9.768881080420746002e+04 8.712853781511724810e+04 4.514819312714612170e+04 2.924149597185733728e+04 1.830105865213742436e+04 9.998116570461523224e+03 5.273371096710169695e+03 2.387461390284443951e+03 8.179087209935800047e+02 1.528821443873718522e+02 2.778640290876720798e+01 6.982861693118361579e+00
9.785515409040010127e+04 6.674365417204055120e+04 4.514819312714612170e+04 4.289531259094301640e+04 1.990372732111999358e+04 1.235594368549851060e+04 7.004076546929760298e+03 3.632396519518070363e+03 1.638168039707142498e+03 5.478979678745715773e+02 1.182575555936755052e+02 1.976221708557524082e+01 5.488125745429998759e+00
6.251960340079451271e+04 4.245319652476071496e+04 2.924149597185733728e+04 1.990372732111999358e+04 1.937345484738142477e+04 7.787928959994974321e+03 4.461598545613685019e+03 2.353772170190627094e+03 1.086302037229181224e+03 3.370782380416751494e+02 6.773378149052773267e+01 1.114133295649573263e+01 2.659774174024938098e+00
3.837299814674590016e+04 2.659777419981308049e+04 1.830105865213742436e+04 1.235594368549851060e+04 7.787928959994974321e+03 8.525242267710778833e+03 2.820183290551065056e+03 1.497453681439873208e+03 6.676728515762246161e+02 2.305989376544242191e+02 4.679248431431502553e+01 6.681252336590946861e+00 3.612793670088849662e-01
2.201693871415284957e+04 1.496223625253368846e+04 9.998116570461523224e+03 7.004076546929760298e+03 4.461598545613685019e+03 2.820183290551065056e+03 3.404319026735797706e+03 8.849421795897494576e+02 3.678645448636181072e+02 1.431851265665809478e+02 2.341106148750936811e+01 5.506384985995314452e+00 8.523449705248570263e-01
1.131233827649881096e+04 7.800377080400768136e+03 5.273371096710169695e+03 3.632396519518070363e+03 2.353772170190627094e+03 1.497453681439873208e+03 8.849421795897494576e+02 1.189936131471122508e+03 2.198390423528593942e+02 6.960313307715813380e+01 1.387733986530345121e+01 2.331402102713635127e+00 8.836476911438264636e-01
5.146768719546341345e+03 3.383510147194570891e+03 2.387461390284443951e+03 1.638168039707142498e+03 1.086302037229181224e+03 6.676728515762246161e+02 3.678645448636181072e+02 2.198390423528593942e+02 3.671474666952545931e+02 3.135238006844321745e+01 8.749023291577326944e+00 1.245955923580094105e+00 5.202263497585087881e-01
1.840426332871610839e+03 1.194002425287980714e+03 8.179087209935800047e+02 5.478979678745715773e+02 3.370782380416751494e+02 2.305989376544242191e+02 1.431851265665809478e+02 6.960313307715813380e+01 3.135238006844321745e+01 9.486611415000876946e+01 4.128910500162314534e+00 -2.213830357033431256e-02 9.374168557196724261e-02
3.359594746033416186e+02 2.176074872600818253e+02 1.528821443873718522e+02 1.182575555936755052e+02 6.773378149052773267e+01 4.679248431431502553e+01 2.341106148750936811e+01 1.387733986530345121e+01 8.749023291577326944e+00 4.128910500162314534e+00 1.599983439606846147e+01 2.811927635867633724e-01 -3.610654603309545324e-02
7.675767454962482361e+01 4.284051263933614706e+01 2.778640290876720798e+01 1.976221708557524082e+01 1.114133295649573263e+01 6.681252336590946861e+00 5.506384985995314452e+00 2.331402102713635127e+00 1.245955923580094105e+00 -2.213830357033431256e-02 2.811927635867633724e-01 2.282130447310855015e+00 -5.179724972395513202e-03
1.330126030743128140e+01 1.070936744324914791e+01 6.982861693118361579e+00 5.488125745429998759e+00 2.659774174024938098e+00 3.612793670088849662e-01 8.523449705248570263e-01 8.836476911438264636e-01 5.202263497585087881e-01 9.374168557196724261e-02 -3.610654603309545324e-02 -5.179724972395513202e-03 2.394971249425012216e-01
