3.505420897030384513e+05 1.978415744753738400e+05 1.342274555999530130e+05 8.597602881886527757e+04 5.396527872101224784e+04 3.077819085250084754e+04 1.620715881223884026e+04 8.368554252778736554e+03 3.395358071957229640e+03 8.034201544182275256e+02 1.609244093203477632e+02 3.842036220747097985e+01
1.978415744753738400e+05 1.651229307057063270e+05 9.050906912669011217e+04 5.868416303916325705e+04 3.615419554232129303e+04 2.096728921615072977e+04 1.108307667304298411e+04 5.554997886761014342e+03 2.175171541722506845e+03 5.117284231992087484e+02 1.002578747710133769e+02 2.793549809742266987e+01
1.342274555999530130e+05 9.050906912669011217e+04 8.027862216147317667e+04 3.992299790561929694e+04 2.457510168054887981e+04 1.453367838880615818e+04 7.336515997746291760e+03 3.832905679839207551e+03 1.420196038016891862e+03 3.668716383854608694e+02 6.893836538358232247e+01 2.355601484673119828e+01
8.597602881886527757e+04 5.868416303916325705e+04 3.992299790561929694e+04 3.660809640969004977e+04 1.589336118981811705e+04 9.206914095812078813e+03 4.916549339655332915e+03 2.505756610170742533e+03 1.021107628145291301e+03 2.343494913891675537e+02 4.599901559200492329e+01 1.083162103684109034e+01
5.396527872101224784e+04 3.615419554232129303e+04 2.457510168054887981e+04 1.589336118981811705e+04 1.575242691332720824e+04 5.880756782492394450e+03 3.054149144070236616e+03 1.641064350889095749e+03 6.248724409852902681e+02 1.362225484507432043e+02 3.635460069889759183e+01 9.659331427243719403e+00
3.077819085250084754e+04 2.096728921615072977e+04 1.453367838880615818e+04 9.206914095812078813e+03 5.880756782492394450e+03 6.260218839082414888e+03 1.822920717718064452e+03 9.366483399524634024e+02 3.778494593086569466e+02 9.626731938339860051e+01 1.823885844412171053e+01 2.909306377644065300e+00
1.620715881223884026e+04 1.108307667304298411e+04 7.336515997746291760e+03 4.916549339655332915e+03 3.054149144070236616e+03 1.822920717718064452e+03 2.265041351512975780e+03 5.267115274387491581e+02 1.931621700215015949e+02 5.182625620373264752e+01 1.236854622165970774e+01 1.683933181564289061e+00
8.368554252778736554e+03 5.554997886761014342e+03 3.832905679839207551e+03 2.505756610170742533e+03 1.641064350889095749e+03 9.366483399524634024e+02 5.267115274387491581e+02 7.799060941617002527e+02 1.092089171612363145e+02 2.370062693438442736e+01 5.957788142198073622e+00 1.466727680664846378e+00
3.395358071957229640e+03 2.175171541722506845e+03 1.420196038016891862e+03 1.021107628145291301e+03 6.248724409852902681e+02 3.778494593086569466e+02 1.931621700215015949e+02 1.092089171612363145e+02 2.001152259245505434e+02 1.135761616065158996e+01 1.842951236595568476e+00 9.408787743978543061e-02
8.034201544182275256e+02 5.117284231992087484e+02 3.668716383854608694e+02 2.343494913891675537e+02 1.362225484507432043e+02 9.626731938339860051e+01 5.182625620373264752e+01 2.370062693438442736e+01 1.135761616065158996e+01 4.325270053336595311e+01 8.499507669586398029e-01 1.317508195698606499e-01
1.609244093203477632e+02 1.002578747710133769e+02 6.893836538358232247e+01 4.599901559200492329e+01 3.635460069889759183e+01 1.823885844412171053e+01 1.236854622165970774e+01 5.957788142198073622e+00 1.842951236595568476e+00 8.499507669586398029e-01 6.704382212822504350e+00 6.790315664725621314e-02
3.842036220747097985e+01 2.793549809742266987e+01 2.355601484673119828e+01 1.083162103684109034e+01 9.659331427243719403e+00 2.909306377644065300e+00 1.683933181564289061e+00 1.466727680664846378e+00 9.408787743978543061e-02 1.317508195698606499e-01 6.790315664725621314e-02 7.955461140805499820e-01
