4.035868399999999674e+05 1.832003720000000030e+05 8.393552799999999115e+04 3.315025599999999395e+04 9.965933600000000297e+03 1.911420999999999822e+03 1.241917279999999977e+02 3.965754799999999580e+00
1.832003720000000030e+05 1.157708880000000063e+05 4.435891600000000471e+04 1.742097680000000037e+04 5.312481200000000172e+03 1.023595839999999953e+03 7.244190799999999797e+01 2.676013199999999870e+00
8.393552799999999115e+04 4.435891600000000471e+04 2.846474799999999959e+04 8.281656399999999849e+03 2.459696399999999812e+03 4.804631600000000162e+02 3.380135599999999840e+01 5.315380800000000239e-01
3.315025599999999395e+04 1.742097680000000037e+04 8.281656399999999849e+03 5.910419199999999364e+03 1.067986120000000028e+03 1.991288400000000252e+02 1.207005159999999933e+01 6.534867600000000554e-01
9.965933600000000297e+03 5.312481200000000172e+03 2.459696399999999812e+03 1.067986120000000028e+03 8.955115999999999303e+02 6.739514400000000194e+01 4.479982679999999995e+00 4.038971200000000539e-01
1.911420999999999822e+03 1.023595839999999953e+03 4.804631600000000162e+02 1.991288400000000252e+02 6.739514400000000194e+01 9.000674799999998754e+01 1.582605919999999999e+00 1.570364479999999952e-01
1.241917279999999977e+02 7.244190799999999797e+01 3.380135599999999840e+01 1.207005159999999933e+01 4.479982679999999995e+00 1.582605919999999999e+00 4.782360399999999956e+00 3.079910279999999861e-02
3.965754799999999580e+00 2.676013199999999870e+00 5.315380800000000239e-01 6.534867600000000554e-01 4.038971200000000539e-01 1.570364479999999952e-01 3.079910279999999861e-02 1.592196879999999981e-01
