5.577755200000000186e+05 2.796722399999999907e+05 1.585964159999999683e+05 8.391433199999999488e+04 3.821248799999999756e+04 1.417786080000000220e+04 3.339555999999999585e+03 3.553300440000000435e+02 1.567300059999999995e+01
2.796722399999999907e+05 1.949160360000000219e+05 9.121083999999999651e+04 4.947633199999999488e+04 2.181107960000000094e+04 8.254394000000000233e+03 1.958686439999999948e+03 1.635408239999999864e+02 9.783743599999999319e+00
1.585964159999999683e+05 9.121083999999999651e+04 6.702037600000000384e+04 2.787852399999999761e+04 1.260035360000000037e+04 4.599662400000000162e+03 1.108268080000000054e+03 1.226873279999999937e+02 6.764809780000000217e+00
8.391433199999999488e+04 4.947633199999999488e+04 2.787852399999999761e+04 2.111027759999999762e+04 6.879281199999999444e+03 2.594695600000000013e+03 6.089963599999999815e+02 5.762309199999999976e+01 3.629225599999999829e+00
3.821248799999999756e+04 2.181107960000000094e+04 1.260035360000000037e+04 6.879281199999999444e+03 5.615107200000000375e+03 1.207547280000000001e+03 2.903847599999999716e+02 2.798585879999999904e+01 1.515393759999999812e+00
1.417786080000000220e+04 8.254394000000000233e+03 4.599662400000000162e+03 2.594695600000000013e+03 1.207547280000000001e+03 1.097644839999999931e+03 1.115512319999999988e+02 1.281733960000000039e+01 7.012059320000000318e-01
3.339555999999999585e+03 1.958686439999999948e+03 1.108268080000000054e+03 6.089963599999999815e+02 2.903847599999999716e+02 1.115512319999999988e+02 1.512023080000000164e+02 5.077485600000000154e+00 1.130600399999999450e-02
3.553300440000000435e+02 1.635408239999999864e+02 1.226873279999999937e+02 5.762309199999999976e+01 2.798585879999999904e+01 1.281733960000000039e+01 5.077485600000000154e+00 1.139668160000000086e+01 -7.797199999999906983e-05
1.567300059999999995e+01 9.783743599999999319e+00 6.764809780000000217e+00 3.629225599999999829e+00 1.515393759999999812e+00 7.012059320000000318e-01 1.130600399999999450e-02 -7.797199999999906983e-05 3.570357200000000564e-01
