1.933759859516331460e+06 1.129908276984361699e+06 7.718577434308432275e+05 5.301814410113015911e+05 3.415278860998659511e+05 2.153817388216519903e+05 1.177465542320778477e+05 6.891422022924185148e+04 2.600978251449688833e+04 1.122843013395722301e+04 3.353493594621957527e+03 7.200286425722185868e+02 3.006901526931280344e+01 0.000000000000000000e+00 0.000000000000000000e+00 0.000000000000000000e+00 0.000000000000000000e+00 0.000000000000000000e+00 0.000000000000000000e+00 0.000000000000000000e+00
1.129908276984361699e+06 9.548875171993017429e+05 5.204681319406180992e+05 3.678147016497426084e+05 2.306405046549884137e+05 1.401000039037250681e+05 8.392731260796645074e+04 4.617231154428753507e+04 1.823946341806142300e+04 8.173452320658340795e+03 2.162179162873144833e+03 4.077497973981102177e+02 2.563037234734523651e+01 0.000000000000000000e+00 0.000000000000000000e+00 0.000000000000000000e+00 0.000000000000000000e+00 0.000000000000000000e+00 0.000000000000000000e+00 0.000000000000000000e+00
7.718577434308432275e+05 5.204681319406180992e+05 4.622203253288398846e+05 2.512748490981530049e+05 1.674632321535125666e+05 9.817457823586104496e+04 5.861940124290656968e+04 3.049926039610299995e+04 1.322368806900567688e+04 4.795070639044826748e+03 1.476775358223364947e+03 3.265100907101484040e+02 1.959702510727017355e+01 0.000000000000000000e+00 0.000000000000000000e+00 0.000000000000000000e+00 0.000000000000000000e+00 0.000000000000000000e+00 0.000000000000000000e+00 0.000000000000000000e+00
5.301814410113015911e+05 3.678147016497426084e+05 2.512748490981530049e+05 2.407546968816670415e+05 1.161704480931684811e+05 6.777197855846148741e+04 3.844623040636036603e+04 2.231460164112412895e+04 9.568501009799168969e+03 3.548805494692224784e+03 9.721107524361224250e+02 2.258246889717519252e+02 3.272336566762293586e+01 0.000000000000000000e+00 0.000000000000000000e+00 0.000000000000000000e+00 0.000000000000000000e+00 0.000000000000000000e+00 0.000000000000000000e+00 0.000000000000000000e+00
3.415278860998659511e+05 2.306405046549884137e+05 1.674632321535125666e+05 1.161704480931684811e+05 1.126108217710914032e+05 4.341509731962768274e+04 2.680697899947106271e+04 1.410559376571323446e+04 5.730271339653741052e+03 2.733605082064143971e+03 7.381553886323002871e+02 1.435907203450331053e+02 1.079104236170628184e+01 0.000000000000000000e+00 0.000000000000000000e+00 0.000000000000000000e+00 0.000000000000000000e+00 0.000000000000000000e+00 0.000000000000000000e+00 0.000000000000000000e+00
2.153817388216519903e+05 1.401000039037250681e+05 9.817457823586104496e+04 6.777197855846148741e+04 4.341509731962768274e+04 4.732199100263026048e+04 1.502032552125551774e+04 9.033684017108245826e+03 3.870934485607631359e+03 1.640957195006715892e+03 3.606577670393618860e+02 8.387422160580928221e+01 -1.935809045733827460e+01 0.000000000000000000e+00 0.000000000000000000e+00 0.000000000000000000e+00 0.000000000000000000e+00 0.000000000000000000e+00 0.000000000000000000e+00 0.000000000000000000e+00
1.177465542320778477e+05 8.392731260796645074e+04 5.861940124290656968e+04 3.844623040636036603e+04 2.680697899947106271e+04 1.502032552125551774e+04 2.001782067702029963e+04 5.363241125104564162e+03 1.852135861951418974e+03 9.173150354204902897e+02 2.490584723017520616e+02 4.551262718538874452e+01 4.521065674412324542e-01 0.000000000000000000e+00 0.000000000000000000e+00 0.000000000000000000e+00 0.000000000000000000e+00 0.000000000000000000e+00 0.000000000000000000e+00 0.000000000000000000e+00
6.891422022924185148e+04 4.617231154428753507e+04 3.049926039610299995e+04 2.231460164112412895e+04 1.410559376571323446e+04 9.033684017108245826e+03 5.363241125104564162e+03 7.248874286687964741e+03 1.268898611525361275e+03 5.614755817487834975e+02 1.632416710193597851e+02 5.676116859071550635e+01 3.681112634644070791e+00 0.000000000000000000e+00 0.000000000000000000e+00 0.000000000000000000e+00 0.000000000000000000e+00 0.000000000000000000e+00 0.000000000000000000e+00 0.000000000000000000e+00
2.600978251449688833e+04 1.823946341806142300e+04 1.322368806900567688e+04 9.568501009799168969e+03 5.730271339653741052e+03 3.870934485607631359e+03 1.852135861951418974e+03 1.268898611525361275e+03 2.090475200706574469e+03 2.564642492109925342e+02 7.047958264986729660e+01 -1.335234611586276765e+00 -2.041892327313783895e+00 0.000000000000000000e+00 0.000000000000000000e+00 0.000000000000000000e+00 0.000000000000000000e+00 0.000000000000000000e+00 0.000000000000000000e+00 0.000000000000000000e+00
1.122843013395722301e+04 8.173452320658340795e+03 4.795070639044826748e+03 3.548805494692224784e+03 2.733605082064143971e+03 1.640957195006715892e+03 9.173150354204902897e+02 5.614755817487834975e+02 2.564642492109925342e+02 5.489595528746893933e+02 4.523322922321117545e+01 3.015094549506675214e+00 1.655880098678510842e-14 0.000000000000000000e+00 0.000000000000000000e+00 0.000000000000000000e+00 0.000000000000000000e+00 0.000000000000000000e+00 0.000000000000000000e+00 0.000000000000000000e+00
3.353493594621957527e+03 2.162179162873144833e+03 1.476775358223364947e+03 9.721107524361224250e+02 7.381553886323002871e+02 3.606577670393618860e+02 2.490584723017520616e+02 1.632416710193597851e+02 7.047958264986729660e+01 4.523322922321117545e+01 1.175079484044353819e+02 2.005663130244795589e+00 -4.787929540822316032e-01 0.000000000000000000e+00 0.000000000000000000e+00 0.000000000000000000e+00 0.000000000000000000e+00 0.000000000000000000e+00 0.000000000000000000e+00 0.000000000000000000e+00
7.200286425722185868e+02 4.077497973981102177e+02 3.265100907101484040e+02 2.258246889717519252e+02 1.435907203450331053e+02 8.387422160580928221e+01 4.551262718538874452e+01 5.676116859071550635e+01 -1.335234611586276765e+00 3.015094549506675214e+00 2.005663130244795589e+00 2.023217083340228584e+01 -8.240277097835936593e-02 0.000000000000000000e+00 0.000000000000000000e+00 0.000000000000000000e+00 0.000000000000000000e+00 0.000000000000000000e+00 0.000000000000000000e+00 0.000000000000000000e+00
3.006901526931280344e+01 2.563037234734523651e+01 1.959702510727017355e+01 3.272336566762293586e+01 1.079104236170628184e+01 -1.935809045733827460e+01 4.521065674412324542e-01 3.681112634644070791e+00 -2.041892327313783895e+00 1.655880098678510842e-14 -4.787929540822316032e-01 -8.240277097835936593e-02 2.000983587995397439e+00 0.000000000000000000e+00 0.000000000000000000e+00 0.000000000000000000e+00 0.000000000000000000e+00 0.000000000000000000e+00 0.000000000000000000e+00 0.000000000000000000e+00
0.000000000000000000e+00 0.000000000000000000e+00 0.000000000000000000e+00 0.000000000000000000e+00 0.000000000000000000e+00 0.000000000000000000e+00 0.000000000000000000e+00 0.000000000000000000e+00 0.000000000000000000e+00 0.000000000000000000e+00 0.000000000000000000e+00 0.000000000000000000e+00 0.000000000000000000e+00 0.000000000000000000e+00 0.000000000000000000e+00 0.000000000000000000e+00 0.000000000000000000e+00 0.000000000000000000e+00 0.000000000000000000e+00 0.000000000000000000e+00
0.000000000000000000e+00 0.000000000000000000e+00 0.000000000000000000e+00 0.000000000000000000e+00 0.000000000000000000e+00 0.000000000000000000e+00 0.000000000000000000e+00 0.000000000000000000e+00 0.000000000000000000e+00 0.000000000000000000e+00 0.000000000000000000e+00 0.000000000000000000e+00 0.000000000000000000e+00 0.000000000000000000e+00 0.000000000000000000e+00 0.000000000000000000e+00 0.000000000000000000e+00 0.000000000000000000e+00 0.000000000000000000e+00 0.000000000000000000e+00
0.000000000000000000e+00 0.000000000000000000e+00 0.000000000000000000e+00 0.000000000000000000e+00 0.000000000000000000e+00 0.000000000000000000e+00 0.000000000000000000e+00 0.000000000000000000e+00 0.000000000000000000e+00 0.000000000000000000e+00 0.000000000000000000e+00 0.000000000000000000e+00 0.000000000000000000e+00 0.000000000000000000e+00 0.000000000000000000e+00 0.000000000000000000e+00 0.000000000000000000e+00 0.000000000000000000e+00 0.000000000000000000e+00 0.000000000000000000e+00
0.000000000000000000e+00 0.000000000000000000e+00 0.000000000000000000e+00 0.000000000000000000e+00 0.000000000000000000e+00 0.000000000000000000e+00 0.000000000000000000e+00 0.000000000000000000e+00 0.000000000000000000e+00 0.000000000000000000e+00 0.000000000000000000e+00 0.000000000000000000e+00 0.000000000000000000e+00 0.000000000000000000e+00 0.000000000000000000e+00 0.000000000000000000e+00 0.000000000000000000e+00 0.000000000000000000e+00 0.000000000000000000e+00 0.000000000000000000e+00
0.000000000000000000e+00 0.000000000000000000e+00 0.000000000000000000e+00 0.000000000000000000e+00 0.000000000000000000e+00 0.000000000000000000e+00 0.000000000000000000e+00 0.000000000000000000e+00 0.000000000000000000e+00 0.000000000000000000e+00 0.000000000000000000e+00 0.000000000000000000e+00 0.000000000000000000e+00 0.000000000000000000e+00 0.000000000000000000e+00 0.000000000000000000e+00 0.000000000000000000e+00 0.000000000000000000e+00 0.000000000000000000e+00 0.000000000000000000e+00
0.000000000000000000e+00 0.000000000000000000e+00 0.000000000000000000e+00 0.000000000000000000e+00 0.000000000000000000e+00 0.000000000000000000e+00 0.000000000000000000e+00 0.000000000000000000e+00 0.000000000000000000e+00 0.000000000000000000e+00 0.000000000000000000e+00 0.000000000000000000e+00 0.000000000000000000e+00 0.000000000000000000e+00 0.000000000000000000e+00 0.000000000000000000e+00 0.000000000000000000e+00 0.000000000000000000e+00 0.000000000000000000e+00 0.000000000000000000e+00
0.000000000000000000e+00 0.000000000000000000e+00 0.000000000000000000e+00 0.000000000000000000e+00 0.000000000000000000e+00 0.000000000000000000e+00 0.000000000000000000e+00 0.000000000000000000e+00 0.000000000000000000e+00 0.000000000000000000e+00 0.000000000000000000e+00 0.000000000000000000e+00 0.000000000000000000e+00 0.000000000000000000e+00 0.000000000000000000e+00 0.000000000000000000e+00 0.000000000000000000e+00 0.000000000000000000e+00 0.000000000000000000e+00 0.000000000000000000e+00
