1.550013357134613441e+06 8.605750944177554920e+05 5.504284435532764765e+05 3.526771478117424995e+05 1.978167120913401595e+05 9.880014201702206628e+04 4.755451826209753926e+04 1.972033735130983405e+04 6.774500287434238999e+03 8.386194739839329486e+02 6.533607553915587118e+01 5.547712958699082009e+01 0.000000000000000000e+00 0.000000000000000000e+00 0.000000000000000000e+00 0.000000000000000000e+00 0.000000000000000000e+00 0.000000000000000000e+00 0.000000000000000000e+00 0.000000000000000000e+00
8.605750944177554920e+05 6.896442289492376149e+05 3.629890949666997185e+05 2.273951129327295348e+05 1.308452293390264967e+05 6.622003264671894431e+04 3.268745399320156866e+04 1.306844860214846994e+04 4.338068151670573570e+03 6.798694119153344673e+02 9.163912650517399072e+01 1.998548926298546080e+00 0.000000000000000000e+00 0.000000000000000000e+00 0.000000000000000000e+00 0.000000000000000000e+00 0.000000000000000000e+00 0.000000000000000000e+00 0.000000000000000000e+00 0.000000000000000000e+00
5.504284435532764765e+05 3.629890949666997185e+05 3.138572924400803749e+05 1.515535049788769684e+05 8.399219153616036056e+04 4.014668225313763105e+04 2.036123068678531490e+04 8.882006984014005866e+03 2.825196671254381272e+03 4.924187843290051774e+02 8.144089217151420712e+01 3.216614754704970380e+01 0.000000000000000000e+00 0.000000000000000000e+00 0.000000000000000000e+00 0.000000000000000000e+00 0.000000000000000000e+00 0.000000000000000000e+00 0.000000000000000000e+00 0.000000000000000000e+00
3.526771478117424995e+05 2.273951129327295348e+05 1.515535049788769684e+05 1.359631444875102025e+05 5.480378439433922904e+04 2.749906964133815200e+04 1.352128912584106365e+04 5.754901179017841969e+03 2.127206742275849138e+03 2.493203045051043034e+02 4.605755496025847151e+01 2.752215087338108290e+01 0.000000000000000000e+00 0.000000000000000000e+00 0.000000000000000000e+00 0.000000000000000000e+00 0.000000000000000000e+00 0.000000000000000000e+00 0.000000000000000000e+00 0.000000000000000000e+00
1.978167120913401595e+05 1.308452293390264967e+05 8.399219153616036056e+04 5.480378439433922904e+04 5.015078644053713651e+04 1.529179428190585895e+04 8.182557131955838486e+03 3.198111592318968178e+03 1.067971059213899480e+03 1.280548725237897543e+02 4.733814665355606621e+01 1.388712691284956513e+01 0.000000000000000000e+00 0.000000000000000000e+00 0.000000000000000000e+00 0.000000000000000000e+00 0.000000000000000000e+00 0.000000000000000000e+00 0.000000000000000000e+00 0.000000000000000000e+00
9.880014201702206628e+04 6.622003264671894431e+04 4.014668225313763105e+04 2.749906964133815200e+04 1.529179428190585895e+04 1.612059250751273976e+04 3.224953800822489484e+03 1.756112464806833486e+03 5.592559643613427625e+02 9.984648534594290936e+01 1.545687589693905117e+01 1.263068607217543438e+01 0.000000000000000000e+00 0.000000000000000000e+00 0.000000000000000000e+00 0.000000000000000000e+00 0.000000000000000000e+00 0.000000000000000000e+00 0.000000000000000000e+00 0.000000000000000000e+00
4.755451826209753926e+04 3.268745399320156866e+04 2.036123068678531490e+04 1.352128912584106365e+04 8.182557131955838486e+03 3.224953800822489484e+03 5.778945030573213444e+03 7.686422852991618129e+02 2.561879417883538395e+02 9.498523450671855528e+01 5.564545598985862540e+00 3.232110418499814397e+00 0.000000000000000000e+00 0.000000000000000000e+00 0.000000000000000000e+00 0.000000000000000000e+00 0.000000000000000000e+00 0.000000000000000000e+00 0.000000000000000000e+00 0.000000000000000000e+00
1.972033735130983405e+04 1.306844860214846994e+04 8.882006984014005866e+03 5.754901179017841969e+03 3.198111592318968178e+03 1.756112464806833486e+03 7.686422852991618129e+02 1.588134533520129253e+03 1.438828807612323146e+02 1.988927251387031703e+01 2.746906587517967235e+00 5.524502082975001116e+00 0.000000000000000000e+00 0.000000000000000000e+00 0.000000000000000000e+00 0.000000000000000000e+00 0.000000000000000000e+00 0.000000000000000000e+00 0.000000000000000000e+00 0.000000000000000000e+00
6.774500287434238999e+03 4.338068151670573570e+03 2.825196671254381272e+03 2.127206742275849138e+03 1.067971059213899480e+03 5.592559643613427625e+02 2.561879417883538395e+02 1.438828807612323146e+02 3.740813920114537723e+02 4.769582823731803423e+00 2.743635743190298459e+00 6.951434161675131840e-01 0.000000000000000000e+00 0.000000000000000000e+00 0.000000000000000000e+00 0.000000000000000000e+00 0.000000000000000000e+00 0.000000000000000000e+00 0.000000000000000000e+00 0.000000000000000000e+00
8.386194739839329486e+02 6.798694119153344673e+02 4.924187843290051774e+02 2.493203045051043034e+02 1.280548725237897543e+02 9.984648534594290936e+01 9.498523450671855528e+01 1.988927251387031703e+01 4.769582823731803423e+00 5.928992046611141831e+01 4.162202248777841507e-01 -2.355644069351558179e-01 0.000000000000000000e+00 0.000000000000000000e+00 0.000000000000000000e+00 0.000000000000000000e+00 0.000000000000000000e+00 0.000000000000000000e+00 0.000000000000000000e+00 0.000000000000000000e+00
6.533607553915587118e+01 9.163912650517399072e+01 8.144089217151420712e+01 4.605755496025847151e+01 4.733814665355606621e+01 1.545687589693905117e+01 5.564545598985862540e+00 2.746906587517967235e+00 2.743635743190298459e+00 4.162202248777841507e-01 4.975808021813772797e+00 -1.962577240347191526e-02 0.000000000000000000e+00 0.000000000000000000e+00 0.000000000000000000e+00 0.000000000000000000e+00 0.000000000000000000e+00 0.000000000000000000e+00 0.000000000000000000e+00 0.000000000000000000e+00
5.547712958699082009e+01 1.998548926298546080e+00 3.216614754704970380e+01 2.752215087338108290e+01 1.388712691284956513e+01 1.263068607217543438e+01 3.232110418499814397e+00 5.524502082975001116e+00 6.951434161675131840e-01 -2.355644069351558179e-01 -1.962577240347191526e-02 2.001557337989218865e+00 0.000000000000000000e+00 0.000000000000000000e+00 0.000000000000000000e+00 0.000000000000000000e+00 0.000000000000000000e+00 0.000000000000000000e+00 0.000000000000000000e+00 0.000000000000000000e+00
0.000000000000000000e+00 0.000000000000000000e+00 0.000000000000000000e+00 0.000000000000000000e+00 0.000000000000000000e+00 0.000000000000000000e+00 0.000000000000000000e+00 0.000000000000000000e+00 0.000000000000000000e+00 0.000000000000000000e+00 0.000000000000000000e+00 0.000000000000000000e+00 0.000000000000000000e+00 0.000000000000000000e+00 0.000000000000000000e+00 0.000000000000000000e+00 0.000000000000000000e+00 0.000000000000000000e+00 0.000000000000000000e+00 0.000000000000000000e+00
0.000000000000000000e+00 0.000000000000000000e+00 0.000000000000000000e+00 0.000000000000000000e+00 0.000000000000000000e+00 0.000000000000000000e+00 0.000000000000000000e+00 0.000000000000000000e+00 0.000000000000000000e+00 0.000000000000000000e+00 0.000000000000000000e+00 0.000000000000000000e+00 0.000000000000000000e+00 0.000000000000000000e+00 0.000000000000000000e+00 0.000000000000000000e+00 0.000000000000000000e+00 0.000000000000000000e+00 0.000000000000000000e+00 0.000000000000000000e+00
0.000000000000000000e+00 0.000000000000000000e+00 0.000000000000000000e+00 0.000000000000000000e+00 0.000000000000000000e+00 0.000000000000000000e+00 0.000000000000000000e+00 0.000000000000000000e+00 0.000000000000000000e+00 0.000000000000000000e+00 0.000000000000000000e+00 0.000000000000000000e+00 0.000000000000000000e+00 0.000000000000000000e+00 0.000000000000000000e+00 0.000000000000000000e+00 0.000000000000000000e+00 0.000000000000000000e+00 0.000000000000000000e+00 0.000000000000000000e+00
0.000000000000000000e+00 0.000000000000000000e+00 0.000000000000000000e+00 0.000000000000000000e+00 0.000000000000000000e+00 0.000000000000000000e+00 0.000000000000000000e+00 0.000000000000000000e+00 0.000000000000000000e+00 0.000000000000000000e+00 0.000000000000000000e+00 0.000000000000000000e+00 0.000000000000000000e+00 0.000000000000000000e+00 0.000000000000000000e+00 0.000000000000000000e+00 0.000000000000000000e+00 0.000000000000000000e+00 0.000000000000000000e+00 0.000000000000000000e+00
0.000000000000000000e+00 0.000000000000000000e+00 0.000000000000000000e+00 0.000000000000000000e+00 0.000000000000000000e+00 0.000000000000000000e+00 0.000000000000000000e+00 0.000000000000000000e+00 0.000000000000000000e+00 0.000000000000000000e+00 0.000000000000000000e+00 0.000000000000000000e+00 0.000000000000000000e+00 0.000000000000000000e+00 0.000000000000000000e+00 0.000000000000000000e+00 0.000000000000000000e+00 0.000000000000000000e+00 0.000000000000000000e+00 0.000000000000000000e+00
0.000000000000000000e+00 0.000000000000000000e+00 0.000000000000000000e+00 0.000000000000000000e+00 0.000000000000000000e+00 0.000000000000000000e+00 0.000000000000000000e+00 0.000000000000000000e+00 0.000000000000000000e+00 0.000000000000000000e+00 0.000000000000000000e+00 0.000000000000000000e+00 0.000000000000000000e+00 0.000000000000000000e+00 0.000000000000000000e+00 0.000000000000000000e+00 0.000000000000000000e+00 0.000000000000000000e+00 0.000000000000000000e+00 0.000000000000000000e+00
0.000000000000000000e+00 0.000000000000000000e+00 0.000000000000000000e+00 0.000000000000000000e+00 0.000000000000000000e+00 0.000000000000000000e+00 0.000000000000000000e+00 0.000000000000000000e+00 0.000000000000000000e+00 0.000000000000000000e+00 0.000000000000000000e+00 0.000000000000000000e+00 0.000000000000000000e+00 0.000000000000000000e+00 0.000000000000000000e+00 0.000000000000000000e+00 0.000000000000000000e+00 0.000000000000000000e+00 0.000000000000000000e+00 0.000000000000000000e+00
0.000000000000000000e+00 0.000000000000000000e+00 0.000000000000000000e+00 0.000000000000000000e+00 0.000000000000000000e+00 0.000000000000000000e+00 0.000000000000000000e+00 0.000000000000000000e+00 0.000000000000000000e+00 0.000000000000000000e+00 0.000000000000000000e+00 0.000000000000000000e+00 0.000000000000000000e+00 0.000000000000000000e+00 0.000000000000000000e+00 0.000000000000000000e+00 0.000000000000000000e+00 0.000000000000000000e+00 0.000000000000000000e+00 0.000000000000000000e+00
