2.051428695825992152e+06 1.192108649367455160e+06 8.850047644838828128e+05 5.807196527271462837e+05 3.952783697650716640e+05 2.647501558359179180e+05 1.639926794501248223e+05 9.747932334612213890e+04 5.184218114863081428e+04 2.454439234353766733e+04 6.658721624239874473e+03 1.178931095541925515e+03 2.992906408470973929e+02 0.000000000000000000e+00 0.000000000000000000e+00 0.000000000000000000e+00 0.000000000000000000e+00 0.000000000000000000e+00 0.000000000000000000e+00 0.000000000000000000e+00
1.192108649367455160e+06 1.018488596349457628e+06 6.013478219922661083e+05 4.044996069008084014e+05 2.702165630915256334e+05 1.758013670763822447e+05 1.131851308319364907e+05 6.716771192656888161e+04 3.857946453631623444e+04 1.687037359578464020e+04 5.118287045899630357e+03 1.197834367742960922e+03 2.125206131732709736e+01 0.000000000000000000e+00 0.000000000000000000e+00 0.000000000000000000e+00 0.000000000000000000e+00 0.000000000000000000e+00 0.000000000000000000e+00 0.000000000000000000e+00
8.850047644838828128e+05 6.013478219922661083e+05 5.708431545575397322e+05 2.905184993089034688e+05 2.016342037873856898e+05 1.357404395385579264e+05 8.374045972653444915e+04 5.103682365366124577e+04 2.668153153689301325e+04 1.337024746481983493e+04 3.647279603795062030e+03 8.018923006633929162e+02 1.532514862729300660e+02 0.000000000000000000e+00 0.000000000000000000e+00 0.000000000000000000e+00 0.000000000000000000e+00 0.000000000000000000e+00 0.000000000000000000e+00 0.000000000000000000e+00
5.807196527271462837e+05 4.044996069008084014e+05 2.905184993089034688e+05 2.791315306669762358e+05 1.317481261523551948e+05 8.898517070088833862e+04 5.403020500423436170e+04 3.377615111217543745e+04 1.799530510457112905e+04 8.496746408447575959e+03 2.515665134025083262e+03 5.679130852166919112e+02 1.021515650260983818e+02 0.000000000000000000e+00 0.000000000000000000e+00 0.000000000000000000e+00 0.000000000000000000e+00 0.000000000000000000e+00 0.000000000000000000e+00 0.000000000000000000e+00
3.952783697650716640e+05 2.702165630915256334e+05 2.016342037873856898e+05 1.317481261523551948e+05 1.351444022509332281e+05 5.972909172213390411e+04 3.655121192103112116e+04 2.230164966729503067e+04 1.227865573245447194e+04 6.086959762925654104e+03 1.683112300944770595e+03 3.559266403357707418e+02 6.520892385446842354e+01 0.000000000000000000e+00 0.000000000000000000e+00 0.000000000000000000e+00 0.000000000000000000e+00 0.000000000000000000e+00 0.000000000000000000e+00 0.000000000000000000e+00
2.647501558359179180e+05 1.758013670763822447e+05 1.357404395385579264e+05 8.898517070088833862e+04 5.972909172213390411e+04 6.531300773093798489e+04 2.396499011948789484e+04 1.625235869288744288e+04 8.762682136551533404e+03 4.097699187039874232e+03 9.662583520225556413e+02 2.268917441363183798e+02 -4.565100424177447103e+00 0.000000000000000000e+00 0.000000000000000000e+00 0.000000000000000000e+00 0.000000000000000000e+00 0.000000000000000000e+00 0.000000000000000000e+00 0.000000000000000000e+00
1.639926794501248223e+05 1.131851308319364907e+05 8.374045972653444915e+04 5.403020500423436170e+04 3.655121192103112116e+04 2.396499011948789484e+04 3.013733294631307945e+04 9.610887057611133059e+03 5.759196202217603059e+03 2.841393460841668457e+03 7.622880546977829681e+02 1.678878009219592684e+02 7.917874783990555443e+00 0.000000000000000000e+00 0.000000000000000000e+00 0.000000000000000000e+00 0.000000000000000000e+00 0.000000000000000000e+00 0.000000000000000000e+00 0.000000000000000000e+00
9.747932334612213890e+04 6.716771192656888161e+04 5.103682365366124577e+04 3.377615111217543745e+04 2.230164966729503067e+04 1.625235869288744288e+04 9.610887057611133059e+03 1.346652139618243382e+04 3.373100507053881756e+03 1.816693463849015188e+03 3.260823008219833810e+02 9.601822768622841409e+01 8.890587827769055096e+00 0.000000000000000000e+00 0.000000000000000000e+00 0.000000000000000000e+00 0.000000000000000000e+00 0.000000000000000000e+00 0.000000000000000000e+00 0.000000000000000000e+00
5.184218114863081428e+04 3.857946453631623444e+04 2.668153153689301325e+04 1.799530510457112905e+04 1.227865573245447194e+04 8.762682136551533404e+03 5.759196202217603059e+03 3.373100507053881756e+03 4.922755330483947546e+03 8.209226546822274031e+02 2.470576160704920596e+02 3.832528263737368945e+01 -1.103625014695095174e+01 0.000000000000000000e+00 0.000000000000000000e+00 0.000000000000000000e+00 0.000000000000000000e+00 0.000000000000000000e+00 0.000000000000000000e+00 0.000000000000000000e+00
2.454439234353766733e+04 1.687037359578464020e+04 1.337024746481983493e+04 8.496746408447575959e+03 6.086959762925654104e+03 4.097699187039874232e+03 2.841393460841668457e+03 1.816693463849015188e+03 8.209226546822274031e+02 1.549681845703899398e+03 1.865227685361062697e+02 8.632974702943554846e+00 1.450466087698800033e+00 0.000000000000000000e+00 0.000000000000000000e+00 0.000000000000000000e+00 0.000000000000000000e+00 0.000000000000000000e+00 0.000000000000000000e+00 0.000000000000000000e+00
6.658721624239874473e+03 5.118287045899630357e+03 3.647279603795062030e+03 2.515665134025083262e+03 1.683112300944770595e+03 9.662583520225556413e+02 7.622880546977829681e+02 3.260823008219833810e+02 2.470576160704920596e+02 1.865227685361062697e+02 4.113093718664161997e+02 2.062578937758372177e+01 1.293156761117886688e+00 0.000000000000000000e+00 0.000000000000000000e+00 0.000000000000000000e+00 0.000000000000000000e+00 0.000000000000000000e+00 0.000000000000000000e+00 0.000000000000000000e+00
1.178931095541925515e+03 1.197834367742960922e+03 8.018923006633929162e+02 5.679130852166919112e+02 3.559266403357707418e+02 2.268917441363183798e+02 1.678878009219592684e+02 9.601822768622841409e+01 3.832528263737368945e+01 8.632974702943554846e+00 2.062578937758372177e+01 6.479088714219334122e+01 1.675531611674952126e+00 0.000000000000000000e+00 0.000000000000000000e+00 0.000000000000000000e+00 0.000000000000000000e+00 0.000000000000000000e+00 0.000000000000000000e+00 0.000000000000000000e+00
2.992906408470973929e+02 2.125206131732709736e+01 1.532514862729300660e+02 1.021515650260983818e+02 6.520892385446842354e+01 -4.565100424177447103e+00 7.917874783990555443e+00 8.890587827769055096e+00 -1.103625014695095174e+01 1.450466087698800033e+00 1.293156761117886688e+00 1.675531611674952126e+00 1.081142808706488267e+01 0.000000000000000000e+00 0.000000000000000000e+00 0.000000000000000000e+00 0.000000000000000000e+00 0.000000000000000000e+00 0.000000000000000000e+00 0.000000000000000000e+00
0.000000000000000000e+00 0.000000000000000000e+00 0.000000000000000000e+00 0.000000000000000000e+00 0.000000000000000000e+00 0.000000000000000000e+00 0.000000000000000000e+00 0.000000000000000000e+00 0.000000000000000000e+00 0.000000000000000000e+00 0.000000000000000000e+00 0.000000000000000000e+00 0.000000000000000000e+00 0.000000000000000000e+00 0.000000000000000000e+00 0.000000000000000000e+00 0.000000000000000000e+00 0.000000000000000000e+00 0.000000000000000000e+00 0.000000000000000000e+00
0.000000000000000000e+00 0.000000000000000000e+00 0.000000000000000000e+00 0.000000000000000000e+00 0.000000000000000000e+00 0.000000000000000000e+00 0.000000000000000000e+00 0.000000000000000000e+00 0.000000000000000000e+00 0.000000000000000000e+00 0.000000000000000000e+00 0.000000000000000000e+00 0.000000000000000000e+00 0.000000000000000000e+00 0.000000000000000000e+00 0.000000000000000000e+00 0.000000000000000000e+00 0.000000000000000000e+00 0.000000000000000000e+00 0.000000000000000000e+00
0.000000000000000000e+00 0.000000000000000000e+00 0.000000000000000000e+00 0.000000000000000000e+00 0.000000000000000000e+00 0.000000000000000000e+00 0.000000000000000000e+00 0.000000000000000000e+00 0.000000000000000000e+00 0.000000000000000000e+00 0.000000000000000000e+00 0.000000000000000000e+00 0.000000000000000000e+00 0.000000000000000000e+00 0.000000000000000000e+00 0.000000000000000000e+00 0.000000000000000000e+00 0.000000000000000000e+00 0.000000000000000000e+00 0.000000000000000000e+00
0.000000000000000000e+00 0.000000000000000000e+00 0.000000000000000000e+00 0.000000000000000000e+00 0.000000000000000000e+00 0.000000000000000000e+00 0.000000000000000000e+00 0.000000000000000000e+00 0.000000000000000000e+00 0.000000000000000000e+00 0.000000000000000000e+00 0.000000000000000000e+00 0.000000000000000000e+00 0.000000000000000000e+00 0.000000000000000000e+00 0.000000000000000000e+00 0.000000000000000000e+00 0.000000000000000000e+00 0.000000000000000000e+00 0.000000000000000000e+00
0.000000000000000000e+00 0.000000000000000000e+00 0.000000000000000000e+00 0.000000000000000000e+00 0.000000000000000000e+00 0.000000000000000000e+00 0.000000000000000000e+00 0.000000000000000000e+00 0.000000000000000000e+00 0.000000000000000000e+00 0.000000000000000000e+00 0.000000000000000000e+00 0.000000000000000000e+00 0.000000000000000000e+00 0.000000000000000000e+00 0.000000000000000000e+00 0.000000000000000000e+00 0.000000000000000000e+00 0.000000000000000000e+00 0.000000000000000000e+00
0.000000000000000000e+00 0.000000000000000000e+00 0.000000000000000000e+00 0.000000000000000000e+00 0.000000000000000000e+00 0.000000000000000000e+00 0.000000000000000000e+00 0.000000000000000000e+00 0.000000000000000000e+00 0.000000000000000000e+00 0.000000000000000000e+00 0.000000000000000000e+00 0.000000000000000000e+00 0.000000000000000000e+00 0.000000000000000000e+00 0.000000000000000000e+00 0.000000000000000000e+00 0.000000000000000000e+00 0.000000000000000000e+00 0.000000000000000000e+00
0.000000000000000000e+00 0.000000000000000000e+00 0.000000000000000000e+00 0.000000000000000000e+00 0.000000000000000000e+00 0.000000000000000000e+00 0.000000000000000000e+00 0.000000000000000000e+00 0.000000000000000000e+00 0.000000000000000000e+00 0.000000000000000000e+00 0.000000000000000000e+00 0.000000000000000000e+00 0.000000000000000000e+00 0.000000000000000000e+00 0.000000000000000000e+00 0.000000000000000000e+00 0.000000000000000000e+00 0.000000000000000000e+00 0.000000000000000000e+00
