1.880119835902724415e+06 1.075987190669393633e+06 7.599593177392139332e+05 5.111277639534348855e+05 3.118243487563069211e+05 1.939930627541031863e+05 1.133431245723187458e+05 6.187832417238228663e+04 2.915964195006742011e+04 7.089049193779609595e+03 1.019676755559758476e+03 1.313703954587923874e+02 0.000000000000000000e+00 0.000000000000000000e+00 0.000000000000000000e+00 0.000000000000000000e+00 0.000000000000000000e+00 0.000000000000000000e+00 0.000000000000000000e+00 0.000000000000000000e+00
1.075987190669393633e+06 8.858498493797362316e+05 4.924440824482424068e+05 3.495409607393388287e+05 1.985140476022328658e+05 1.253872222445646621e+05 7.866836158559168689e+04 4.032408237411695154e+04 1.895743403963819947e+04 5.238985467737745239e+03 8.115595257422007762e+02 -5.209157810462730076e+00 0.000000000000000000e+00 0.000000000000000000e+00 0.000000000000000000e+00 0.000000000000000000e+00 0.000000000000000000e+00 0.000000000000000000e+00 0.000000000000000000e+00 0.000000000000000000e+00
7.599593177392139332e+05 4.924440824482424068e+05 4.501980777721239137e+05 2.387986965697427222e+05 1.475408884902727441e+05 9.218219120430038311e+04 5.364982094269985100e+04 2.934897811253856707e+04 1.292304134895809693e+04 3.235662878886085309e+03 6.176878617052130949e+02 5.185144982594267304e+01 0.000000000000000000e+00 0.000000000000000000e+00 0.000000000000000000e+00 0.000000000000000000e+00 0.000000000000000000e+00 0.000000000000000000e+00 0.000000000000000000e+00 0.000000000000000000e+00
5.111277639534348855e+05 3.495409607393388287e+05 2.387986965697427222e+05 2.233081031683589099e+05 9.908881540133689123e+04 6.338508810395585897e+04 3.653287759885399282e+04 2.198570168441860005e+04 9.253166935459697925e+03 2.291142256718830595e+03 5.347023194082910322e+02 -3.190092290199641667e+01 0.000000000000000000e+00 0.000000000000000000e+00 0.000000000000000000e+00 0.000000000000000000e+00 0.000000000000000000e+00 0.000000000000000000e+00 0.000000000000000000e+00 0.000000000000000000e+00
3.118243487563069211e+05 1.985140476022328658e+05 1.475408884902727441e+05 9.908881540133689123e+04 9.532012397582018457e+04 3.819017039223114261e+04 2.302377427920111950e+04 1.328926862102444647e+04 5.664864470721341604e+03 1.121858018490192762e+03 1.870632867453489894e+02 -2.011694253792772358e+01 0.000000000000000000e+00 0.000000000000000000e+00 0.000000000000000000e+00 0.000000000000000000e+00 0.000000000000000000e+00 0.000000000000000000e+00 0.000000000000000000e+00 0.000000000000000000e+00
1.939930627541031863e+05 1.253872222445646621e+05 9.218219120430038311e+04 6.338508810395585897e+04 3.819017039223114261e+04 4.124390779098981147e+04 1.404843693039339996e+04 8.563353804062066047e+03 3.684862874566857954e+03 8.020855600970858177e+02 2.143101779975715715e+02 3.481353108426156417e+00 0.000000000000000000e+00 0.000000000000000000e+00 0.000000000000000000e+00 0.000000000000000000e+00 0.000000000000000000e+00 0.000000000000000000e+00 0.000000000000000000e+00 0.000000000000000000e+00
1.133431245723187458e+05 7.866836158559168689e+04 5.364982094269985100e+04 3.653287759885399282e+04 2.302377427920111950e+04 1.404843693039339996e+04 1.819525700543632774e+04 5.140550222229384417e+03 2.264660763751761351e+03 6.811960725122114582e+02 7.052486882220516407e+01 5.982443292408068380e+00 0.000000000000000000e+00 0.000000000000000000e+00 0.000000000000000000e+00 0.000000000000000000e+00 0.000000000000000000e+00 0.000000000000000000e+00 0.000000000000000000e+00 0.000000000000000000e+00
6.187832417238228663e+04 4.032408237411695154e+04 2.934897811253856707e+04 2.198570168441860005e+04 1.328926862102444647e+04 8.563353804062066047e+03 5.140550222229384417e+03 6.980185857982125526e+03 1.255065557101321019e+03 3.019384133622976378e+02 6.546092364219920512e+01 1.178161526698133521e+01 0.000000000000000000e+00 0.000000000000000000e+00 0.000000000000000000e+00 0.000000000000000000e+00 0.000000000000000000e+00 0.000000000000000000e+00 0.000000000000000000e+00 0.000000000000000000e+00
2.915964195006742011e+04 1.895743403963819947e+04 1.292304134895809693e+04 9.253166935459697925e+03 5.664864470721341604e+03 3.684862874566857954e+03 2.264660763751761351e+03 1.255065557101321019e+03 1.860465591358805796e+03 1.379261751930319235e+02 1.215266504501873612e+01 -2.782483421868473084e+00 0.000000000000000000e+00 0.000000000000000000e+00 0.000000000000000000e+00 0.000000000000000000e+00 0.000000000000000000e+00 0.000000000000000000e+00 0.000000000000000000e+00 0.000000000000000000e+00
7.089049193779609595e+03 5.238985467737745239e+03 3.235662878886085309e+03 2.291142256718830595e+03 1.121858018490192762e+03 8.020855600970858177e+02 6.811960725122114582e+02 3.019384133622976378e+02 1.379261751930319235e+02 4.490387581715876308e+02 1.644422264825130853e+01 -2.563665558548092083e+00 0.000000000000000000e+00 0.000000000000000000e+00 0.000000000000000000e+00 0.000000000000000000e+00 0.000000000000000000e+00 0.000000000000000000e+00 0.000000000000000000e+00 0.000000000000000000e+00
1.019676755559758476e+03 8.115595257422007762e+02 6.176878617052130949e+02 5.347023194082910322e+02 1.870632867453489894e+02 2.143101779975715715e+02 7.052486882220516407e+01 6.546092364219920512e+01 1.215266504501873612e+01 1.644422264825130853e+01 6.328050809846489244e+01 7.143611379703014297e-01 0.000000000000000000e+00 0.000000000000000000e+00 0.000000000000000000e+00 0.000000000000000000e+00 0.000000000000000000e+00 0.000000000000000000e+00 0.000000000000000000e+00 0.000000000000000000e+00
1.313703954587923874e+02 -5.209157810462730076e+00 5.185144982594267304e+01 -3.190092290199641667e+01 -2.011694253792772358e+01 3.481353108426156417e+00 5.982443292408068380e+00 1.178161526698133521e+01 -2.782483421868473084e+00 -2.563665558548092083e+00 7.143611379703014297e-01 1.081404967313860510e+01 0.000000000000000000e+00 0.000000000000000000e+00 0.000000000000000000e+00 0.000000000000000000e+00 0.000000000000000000e+00 0.000000000000000000e+00 0.000000000000000000e+00 0.000000000000000000e+00
0.000000000000000000e+00 0.000000000000000000e+00 0.000000000000000000e+00 0.000000000000000000e+00 0.000000000000000000e+00 0.000000000000000000e+00 0.000000000000000000e+00 0.000000000000000000e+00 0.000000000000000000e+00 0.000000000000000000e+00 0.000000000000000000e+00 0.000000000000000000e+00 0.000000000000000000e+00 0.000000000000000000e+00 0.000000000000000000e+00 0.000000000000000000e+00 0.000000000000000000e+00 0.000000000000000000e+00 0.000000000000000000e+00 0.000000000000000000e+00
0.000000000000000000e+00 0.000000000000000000e+00 0.000000000000000000e+00 0.000000000000000000e+00 0.000000000000000000e+00 0.000000000000000000e+00 0.000000000000000000e+00 0.000000000000000000e+00 0.000000000000000000e+00 0.000000000000000000e+00 0.000000000000000000e+00 0.000000000000000000e+00 0.000000000000000000e+00 0.000000000000000000e+00 0.000000000000000000e+00 0.000000000000000000e+00 0.000000000000000000e+00 0.000000000000000000e+00 0.000000000000000000e+00 0.000000000000000000e+00
0.000000000000000000e+00 0.000000000000000000e+00 0.000000000000000000e+00 0.000000000000000000e+00 0.000000000000000000e+00 0.000000000000000000e+00 0.000000000000000000e+00 0.000000000000000000e+00 0.000000000000000000e+00 0.000000000000000000e+00 0.000000000000000000e+00 0.000000000000000000e+00 0.000000000000000000e+00 0.000000000000000000e+00 0.000000000000000000e+00 0.000000000000000000e+00 0.000000000000000000e+00 0.000000000000000000e+00 0.000000000000000000e+00 0.000000000000000000e+00
0.000000000000000000e+00 0.000000000000000000e+00 0.000000000000000000e+00 0.000000000000000000e+00 0.000000000000000000e+00 0.000000000000000000e+00 0.000000000000000000e+00 0.000000000000000000e+00 0.000000000000000000e+00 0.000000000000000000e+00 0.000000000000000000e+00 0.000000000000000000e+00 0.000000000000000000e+00 0.000000000000000000e+00 0.000000000000000000e+00 0.000000000000000000e+00 0.000000000000000000e+00 0.000000000000000000e+00 0.000000000000000000e+00 0.000000000000000000e+00
0.000000000000000000e+00 0.000000000000000000e+00 0.000000000000000000e+00 0.000000000000000000e+00 0.000000000000000000e+00 0.000000000000000000e+00 0.000000000000000000e+00 0.000000000000000000e+00 0.000000000000000000e+00 0.000000000000000000e+00 0.000000000000000000e+00 0.000000000000000000e+00 0.000000000000000000e+00 0.000000000000000000e+00 0.000000000000000000e+00 0.000000000000000000e+00 0.000000000000000000e+00 0.000000000000000000e+00 0.000000000000000000e+00 0.000000000000000000e+00
0.000000000000000000e+00 0.000000000000000000e+00 0.000000000000000000e+00 0.000000000000000000e+00 0.000000000000000000e+00 0.000000000000000000e+00 0.000000000000000000e+00 0.000000000000000000e+00 0.000000000000000000e+00 0.000000000000000000e+00 0.000000000000000000e+00 0.000000000000000000e+00 0.000000000000000000e+00 0.000000000000000000e+00 0.000000000000000000e+00 0.000000000000000000e+00 0.000000000000000000e+00 0.000000000000000000e+00 0.000000000000000000e+00 0.000000000000000000e+00
0.000000000000000000e+00 0.000000000000000000e+00 0.000000000000000000e+00 0.000000000000000000e+00 0.000000000000000000e+00 0.000000000000000000e+00 0.000000000000000000e+00 0.000000000000000000e+00 0.000000000000000000e+00 0.000000000000000000e+00 0.000000000000000000e+00 0.000000000000000000e+00 0.000000000000000000e+00 0.000000000000000000e+00 0.000000000000000000e+00 0.000000000000000000e+00 0.000000000000000000e+00 0.000000000000000000e+00 0.000000000000000000e+00 0.000000000000000000e+00
0.000000000000000000e+00 0.000000000000000000e+00 0.000000000000000000e+00 0.000000000000000000e+00 0.000000000000000000e+00 0.000000000000000000e+00 0.000000000000000000e+00 0.000000000000000000e+00 0.000000000000000000e+00 0.000000000000000000e+00 0.000000000000000000e+00 0.000000000000000000e+00 0.000000000000000000e+00 0.000000000000000000e+00 0.000000000000000000e+00 0.000000000000000000e+00 0.000000000000000000e+00 0.000000000000000000e+00 0.000000000000000000e+00 0.000000000000000000e+00
