1.946127277193828020e+06 1.138203484851277201e+06 8.126169073002299992e+05 5.486746776566542685e+05 3.620261401488467818e+05 2.342038442256216658e+05 1.354699875968654233e+05 8.019261143971090496e+04 3.827437570316548226e+04 1.652750738132665720e+04 2.382388124301447533e+03 2.975607855191088333e+02 7.886716805968156052e+01 0.000000000000000000e+00 0.000000000000000000e+00 0.000000000000000000e+00 0.000000000000000000e+00 0.000000000000000000e+00 0.000000000000000000e+00 0.000000000000000000e+00
1.138203484851277201e+06 9.857197054253541864e+05 5.510155967944345903e+05 3.710226538762201671e+05 2.428397050812405651e+05 1.541866589838790242e+05 9.615091543632977118e+04 5.691002743158941303e+04 2.809461119920451529e+04 1.228712980122587032e+04 1.980013472908322683e+03 2.693554307371678647e+02 -2.028101285936146692e+00 0.000000000000000000e+00 0.000000000000000000e+00 0.000000000000000000e+00 0.000000000000000000e+00 0.000000000000000000e+00 0.000000000000000000e+00 0.000000000000000000e+00
8.126169073002299992e+05 5.510155967944345903e+05 5.074010828159939847e+05 2.650967162750445423e+05 1.788558942541898577e+05 1.125049112841592432e+05 6.542196223748140619e+04 3.877573109631467378e+04 1.759402942000259645e+04 7.854761938586556425e+03 1.507816799080530927e+03 5.691199319288975289e+01 3.108841027409162550e+01 0.000000000000000000e+00 0.000000000000000000e+00 0.000000000000000000e+00 0.000000000000000000e+00 0.000000000000000000e+00 0.000000000000000000e+00 0.000000000000000000e+00
5.486746776566542685e+05 3.710226538762201671e+05 2.650967162750445423e+05 2.519821155163052608e+05 1.168059473188769189e+05 7.952172181210778945e+04 4.394284826256833185e+04 2.902416879892327051e+04 1.389984584423915658e+04 5.268323278500567540e+03 9.869153785664232146e+02 1.423575130749649702e+02 2.373862286634287955e+01 0.000000000000000000e+00 0.000000000000000000e+00 0.000000000000000000e+00 0.000000000000000000e+00 0.000000000000000000e+00 0.000000000000000000e+00 0.000000000000000000e+00
3.620261401488467818e+05 2.428397050812405651e+05 1.788558942541898577e+05 1.168059473188769189e+05 1.131426701976659679e+05 5.107727622395900835e+04 2.883029844940986368e+04 1.867959040132064547e+04 8.804546988129677629e+03 3.606156473390397878e+03 4.768580100984042929e+02 5.195944985900127477e+01 1.085446718832924340e+01 0.000000000000000000e+00 0.000000000000000000e+00 0.000000000000000000e+00 0.000000000000000000e+00 0.000000000000000000e+00 0.000000000000000000e+00 0.000000000000000000e+00
2.342038442256216658e+05 1.541866589838790242e+05 1.125049112841592432e+05 7.952172181210778945e+04 5.107727622395900835e+04 5.390227382437602500e+04 1.842683655336774245e+04 1.237551901720054411e+04 5.968422692333666419e+03 2.423206797516794268e+03 3.117394961544685543e+02 5.299400697083339651e+01 3.366804346209285370e+00 0.000000000000000000e+00 0.000000000000000000e+00 0.000000000000000000e+00 0.000000000000000000e+00 0.000000000000000000e+00 0.000000000000000000e+00 0.000000000000000000e+00
1.354699875968654233e+05 9.615091543632977118e+04 6.542196223748140619e+04 4.394284826256833185e+04 2.883029844940986368e+04 1.842683655336774245e+04 2.371272670577843382e+04 7.749076930633090342e+03 3.519979572294526406e+03 1.461800558017732101e+03 2.518499586633691933e+02 3.011591052489752940e+01 -3.379113629711263833e+00 0.000000000000000000e+00 0.000000000000000000e+00 0.000000000000000000e+00 0.000000000000000000e+00 0.000000000000000000e+00 0.000000000000000000e+00 0.000000000000000000e+00
8.019261143971090496e+04 5.691002743158941303e+04 3.877573109631467378e+04 2.902416879892327051e+04 1.867959040132064547e+04 1.237551901720054411e+04 7.749076930633090342e+03 9.817444830254711633e+03 2.283383102537463856e+03 8.957248010760487205e+02 1.165474806000707844e+02 2.499674418940942999e+01 1.909358098693411554e+00 0.000000000000000000e+00 0.000000000000000000e+00 0.000000000000000000e+00 0.000000000000000000e+00 0.000000000000000000e+00 0.000000000000000000e+00 0.000000000000000000e+00
3.827437570316548226e+04 2.809461119920451529e+04 1.759402942000259645e+04 1.389984584423915658e+04 8.804546988129677629e+03 5.968422692333666419e+03 3.519979572294526406e+03 2.283383102537463856e+03 3.361639460130186762e+03 3.302584216700085449e+02 1.166605885722605791e+02 2.533037142763612692e+00 8.599779096783001231e-01 0.000000000000000000e+00 0.000000000000000000e+00 0.000000000000000000e+00 0.000000000000000000e+00 0.000000000000000000e+00 0.000000000000000000e+00 0.000000000000000000e+00
1.652750738132665720e+04 1.228712980122587032e+04 7.854761938586556425e+03 5.268323278500567540e+03 3.606156473390397878e+03 2.423206797516794268e+03 1.461800558017732101e+03 8.957248010760487205e+02 3.302584216700085449e+02 9.540529405143346366e+02 5.864050572912831427e+01 1.164608953315106099e+01 -1.407298644250086550e+00 0.000000000000000000e+00 0.000000000000000000e+00 0.000000000000000000e+00 0.000000000000000000e+00 0.000000000000000000e+00 0.000000000000000000e+00 0.000000000000000000e+00
2.382388124301447533e+03 1.980013472908322683e+03 1.507816799080530927e+03 9.869153785664232146e+02 4.768580100984042929e+02 3.117394961544685543e+02 2.518499586633691933e+02 1.165474806000707844e+02 1.166605885722605791e+02 5.864050572912831427e+01 1.664454126731550616e+02 5.398839812414260031e+00 -3.120098560602082016e-01 0.000000000000000000e+00 0.000000000000000000e+00 0.000000000000000000e+00 0.000000000000000000e+00 0.000000000000000000e+00 0.000000000000000000e+00 0.000000000000000000e+00
2.975607855191088333e+02 2.693554307371678647e+02 5.691199319288975289e+01 1.423575130749649702e+02 5.195944985900127477e+01 5.299400697083339651e+01 3.011591052489752940e+01 2.499674418940942999e+01 2.533037142763612692e+00 1.164608953315106099e+01 5.398839812414260031e+00 3.327659212990805315e+01 -6.082213133297283830e-02 0.000000000000000000e+00 0.000000000000000000e+00 0.000000000000000000e+00 0.000000000000000000e+00 0.000000000000000000e+00 0.000000000000000000e+00 0.000000000000000000e+00
7.886716805968156052e+01 -2.028101285936146692e+00 3.108841027409162550e+01 2.373862286634287955e+01 1.085446718832924340e+01 3.366804346209285370e+00 -3.379113629711263833e+00 1.909358098693411554e+00 8.599779096783001231e-01 -1.407298644250086550e+00 -3.120098560602082016e-01 -6.082213133297283830e-02 1.002494914831389972e+00 0.000000000000000000e+00 0.000000000000000000e+00 0.000000000000000000e+00 0.000000000000000000e+00 0.000000000000000000e+00 0.000000000000000000e+00 0.000000000000000000e+00
0.000000000000000000e+00 0.000000000000000000e+00 0.000000000000000000e+00 0.000000000000000000e+00 0.000000000000000000e+00 0.000000000000000000e+00 0.000000000000000000e+00 0.000000000000000000e+00 0.000000000000000000e+00 0.000000000000000000e+00 0.000000000000000000e+00 0.000000000000000000e+00 0.000000000000000000e+00 0.000000000000000000e+00 0.000000000000000000e+00 0.000000000000000000e+00 0.000000000000000000e+00 0.000000000000000000e+00 0.000000000000000000e+00 0.000000000000000000e+00
0.000000000000000000e+00 0.000000000000000000e+00 0.000000000000000000e+00 0.000000000000000000e+00 0.000000000000000000e+00 0.000000000000000000e+00 0.000000000000000000e+00 0.000000000000000000e+00 0.000000000000000000e+00 0.000000000000000000e+00 0.000000000000000000e+00 0.000000000000000000e+00 0.000000000000000000e+00 0.000000000000000000e+00 0.000000000000000000e+00 0.000000000000000000e+00 0.000000000000000000e+00 0.000000000000000000e+00 0.000000000000000000e+00 0.000000000000000000e+00
0.000000000000000000e+00 0.000000000000000000e+00 0.000000000000000000e+00 0.000000000000000000e+00 0.000000000000000000e+00 0.000000000000000000e+00 0.000000000000000000e+00 0.000000000000000000e+00 0.000000000000000000e+00 0.000000000000000000e+00 0.000000000000000000e+00 0.000000000000000000e+00 0.000000000000000000e+00 0.000000000000000000e+00 0.000000000000000000e+00 0.000000000000000000e+00 0.000000000000000000e+00 0.000000000000000000e+00 0.000000000000000000e+00 0.000000000000000000e+00
0.000000000000000000e+00 0.000000000000000000e+00 0.000000000000000000e+00 0.000000000000000000e+00 0.000000000000000000e+00 0.000000000000000000e+00 0.000000000000000000e+00 0.000000000000000000e+00 0.000000000000000000e+00 0.000000000000000000e+00 0.000000000000000000e+00 0.000000000000000000e+00 0.000000000000000000e+00 0.000000000000000000e+00 0.000000000000000000e+00 0.000000000000000000e+00 0.000000000000000000e+00 0.000000000000000000e+00 0.000000000000000000e+00 0.000000000000000000e+00
0.000000000000000000e+00 0.000000000000000000e+00 0.000000000000000000e+00 0.000000000000000000e+00 0.000000000000000000e+00 0.000000000000000000e+00 0.000000000000000000e+00 0.000000000000000000e+00 0.000000000000000000e+00 0.000000000000000000e+00 0.000000000000000000e+00 0.000000000000000000e+00 0.000000000000000000e+00 0.000000000000000000e+00 0.000000000000000000e+00 0.000000000000000000e+00 0.000000000000000000e+00 0.000000000000000000e+00 0.000000000000000000e+00 0.000000000000000000e+00
0.000000000000000000e+00 0.000000000000000000e+00 0.000000000000000000e+00 0.000000000000000000e+00 0.000000000000000000e+00 0.000000000000000000e+00 0.000000000000000000e+00 0.000000000000000000e+00 0.000000000000000000e+00 0.000000000000000000e+00 0.000000000000000000e+00 0.000000000000000000e+00 0.000000000000000000e+00 0.000000000000000000e+00 0.000000000000000000e+00 0.000000000000000000e+00 0.000000000000000000e+00 0.000000000000000000e+00 0.000000000000000000e+00 0.000000000000000000e+00
0.000000000000000000e+00 0.000000000000000000e+00 0.000000000000000000e+00 0.000000000000000000e+00 0.000000000000000000e+00 0.000000000000000000e+00 0.000000000000000000e+00 0.000000000000000000e+00 0.000000000000000000e+00 0.000000000000000000e+00 0.000000000000000000e+00 0.000000000000000000e+00 0.000000000000000000e+00 0.000000000000000000e+00 0.000000000000000000e+00 0.000000000000000000e+00 0.000000000000000000e+00 0.000000000000000000e+00 0.000000000000000000e+00 0.000000000000000000e+00
