1.303714195420241915e+06 6.993032115791863762e+05 4.405849473718284862e+05 2.760640949225842487e+05 1.504215257275953481e+05 7.715524649336688162e+04 3.499712559314751707e+04 8.817130752510633101e+03 2.665278438104273391e+03 6.180846455772687023e+02 1.579897490426830302e+02 2.871112226080036933e+01
6.993032115791863762e+05 5.949740324891338823e+05 2.914114374401771929e+05 1.812258687955793866e+05 9.867685728506131272e+04 5.015673909091942187e+04 2.108894611753496429e+04 6.604045897106315351e+03 2.186106316672221055e+03 3.419529686395016483e+02 8.325815258529644325e+01 8.381517566668492236e+00
4.405849473718284862e+05 2.914114374401771929e+05 2.423270238297730102e+05 1.132221126553213544e+05 5.937961553143012134e+04 3.302990991914067854e+04 1.274588864538822600e+04 3.573640028866362172e+03 1.332805297725730952e+03 2.666713114461355758e+02 6.289789939719114642e+01 7.772387095106048527e+00
2.760640949225842487e+05 1.812258687955793866e+05 1.132221126553213544e+05 1.100439559604433744e+05 3.896017110517277615e+04 2.239238251267177839e+04 9.634358436409647766e+03 2.844626628933438042e+03 7.915850511112511185e+02 2.412425710262861571e+02 3.839938686374419063e+01 -3.048184002869649856e+00
1.504215257275953481e+05 9.867685728506131272e+04 5.937961553143012134e+04 3.896017110517277615e+04 3.925185483954352094e+04 1.142268992227457056e+04 4.969961210507087344e+03 1.509201731879452154e+03 5.437079845570668795e+02 2.850182471670213857e+01 3.945533924200730524e+01 2.627008589217032863e+01
7.715524649336688162e+04 5.015673909091942187e+04 3.302990991914067854e+04 2.239238251267177839e+04 1.142268992227457056e+04 1.354678435041081684e+04 2.395763061204506357e+03 7.017729280950065913e+02 2.916872639943152308e+02 6.842870649599095145e+01 7.982397753521257577e+00 -1.706463925836313900e+00
3.499712559314751707e+04 2.108894611753496429e+04 1.274588864538822600e+04 9.634358436409647766e+03 4.969961210507087344e+03 2.395763061204506357e+03 4.628782222908334916e+03 4.017046332853757349e+02 1.413251759449606766e+02 6.852736423789794529e+00 2.983186701378637196e+01 1.553307550734680298e+00
8.817130752510633101e+03 6.604045897106315351e+03 3.573640028866362172e+03 2.844626628933438042e+03 1.509201731879452154e+03 7.017729280950065913e+02 4.017046332853757349e+02 9.220508538516049839e+02 5.518022106224437096e+01 4.072485533072446984e+00 2.908308593206674897e-01 2.444188295277700984e+00
2.665278438104273391e+03 2.186106316672221055e+03 1.332805297725730952e+03 7.915850511112511185e+02 5.437079845570668795e+02 2.916872639943152308e+02 1.413251759449606766e+02 5.518022106224437096e+01 2.242630149660975007e+02 2.828946707762568513e-01 7.385146094217860391e-01 5.812975140811502683e-01
6.180846455772687023e+02 3.419529686395016483e+02 2.666713114461355758e+02 2.412425710262861571e+02 2.850182471670213857e+01 6.842870649599095145e+01 6.852736423789794529e+00 4.072485533072446984e+00 2.828946707762568513e-01 4.077643270076715964e+01 -2.473874853133873342e-01 -8.245025057593628748e-02
1.579897490426830302e+02 8.325815258529644325e+01 6.289789939719114642e+01 3.839938686374419063e+01 3.945533924200730524e+01 7.982397753521257577e+00 2.983186701378637196e+01 2.908308593206674897e-01 7.385146094217860391e-01 -2.473874853133873342e-01 2.997472379498552719e+00 -5.888069345235237215e-03
2.871112226080036933e+01 8.381517566668492236e+00 7.772387095106048527e+00 -3.048184002869649856e+00 2.627008589217032863e+01 -1.706463925836313900e+00 1.553307550734680298e+00 2.444188295277700984e+00 5.812975140811502683e-01 -8.245025057593628748e-02 -5.888069345235237215e-03 1.002785556712628701e+00
