1.140264231193190208e+06 5.995029037906182930e+05 3.792538236315901158e+05 2.153729352698340372e+05 1.138453012088127143e+05 5.800216141233078088e+04 1.874602666711324127e+04 6.599276876441744207e+03 7.438007769425365723e+02 4.988373441699884552e+02 6.557982612246713927e+01
5.995029037906182930e+05 5.067950881216475391e+05 2.308718143243403756e+05 1.426652755122876260e+05 7.043847687923004560e+04 3.606432532567646558e+04 1.152088049801465968e+04 4.133996700477588092e+03 3.242938638008303656e+02 2.562972012785781430e+02 5.445087777635294657e+01
3.792538236315901158e+05 2.308718143243403756e+05 2.086467321719034226e+05 8.755487005581303674e+04 4.439700195168265054e+04 2.314153865115016015e+04 7.880611678796104570e+03 2.684054825584185437e+03 3.830885617560909964e+02 1.811718340279101938e+02 3.094265003496186850e+01
2.153729352698340372e+05 1.426652755122876260e+05 8.755487005581303674e+04 8.203938383379549487e+04 2.830353327891946537e+04 1.373701308792125928e+04 5.356571042694958123e+03 1.707347085813773219e+03 2.271896402294605934e+02 7.032462835531656253e+01 3.105166359213931315e+01
1.138453012088127143e+05 7.043847687923004560e+04 4.439700195168265054e+04 2.830353327891946537e+04 2.822298160476985140e+04 6.861373316565030109e+03 2.236301663634376837e+03 1.016483812115621049e+03 1.455776194913317738e+02 8.697983620656349046e+01 1.990124962127599062e+01
5.800216141233078088e+04 3.606432532567646558e+04 2.314153865115016015e+04 1.373701308792125928e+04 6.861373316565030109e+03 8.818340419980440856e+03 1.555217396300414521e+03 4.436322579982227694e+02 6.420194264434258002e+01 3.381249028660430866e+01 6.056629381378626498e+00
1.874602666711324127e+04 1.152088049801465968e+04 7.880611678796104570e+03 5.356571042694958123e+03 2.236301663634376837e+03 1.555217396300414521e+03 2.537903849941065346e+03 2.008621597329960196e+02 -7.117003675426489373e+00 2.017338100187495442e+01 1.029600781245698116e+01
6.599276876441744207e+03 4.133996700477588092e+03 2.684054825584185437e+03 1.707347085813773219e+03 1.016483812115621049e+03 4.436322579982227694e+02 2.008621597329960196e+02 5.333915443350899750e+02 8.248889421755478679e+00 -1.815521891405574184e+00 3.187688849255239099e+00
7.438007769425365723e+02 3.242938638008303656e+02 3.830885617560909964e+02 2.271896402294605934e+02 1.455776194913317738e+02 6.420194264434258002e+01 -7.117003675426489373e+00 8.248889421755478679e+00 1.005829311312290315e+02 -3.013488204766288536e+00 6.062954761865129161e-01
4.988373441699884552e+02 2.562972012785781430e+02 1.811718340279101938e+02 7.032462835531656253e+01 8.697983620656349046e+01 3.381249028660430866e+01 2.017338100187495442e+01 -1.815521891405574184e+00 -3.013488204766288536e+00 1.668987587521842997e+01 -5.901810659380860719e-02
6.557982612246713927e+01 5.445087777635294657e+01 3.094265003496186850e+01 3.105166359213931315e+01 1.990124962127599062e+01 6.056629381378626498e+00 1.029600781245698116e+01 3.187688849255239099e+00 6.062954761865129161e-01 -5.901810659380860719e-02 2.005486466899560671e+00
