1.129631431791679002e+06 5.939179227668487001e+05 3.758620754698712844e+05 2.135591227965309226e+05 1.129506101655615494e+05 5.757723891003729659e+04 1.861768684224483513e+04 6.556876660894301494e+03 7.392780382435818183e+02 4.959443216916765209e+02 6.521776155042221035e+01
5.939179227668487001e+05 5.020782528982110089e+05 2.288091189517609309e+05 1.414650489376671612e+05 6.988553605134440295e+04 3.580043820381655678e+04 1.144210781829317966e+04 4.107472492112440705e+03 3.223248443941856749e+02 2.548130704265452380e+02 5.415073880836074238e+01
3.758620754698712844e+05 2.288091189517609309e+05 2.068604186997993384e+05 8.685095171322788519e+04 4.406506220653885248e+04 2.298085386272800315e+04 7.829674201969377464e+03 2.667837174864583631e+03 3.809058431394752802e+02 1.801905111616093507e+02 3.078367078508557952e+01
2.135591227965309226e+05 1.414650489376671612e+05 8.685095171322788519e+04 8.142262989342657966e+04 2.810670008488046733e+04 1.364880734208904505e+04 5.324748430330683732e+03 1.697923881033599400e+03 2.260140488632533504e+02 6.998051657990899344e+01 3.090837940549040752e+01
1.129506101655615494e+05 6.988553605134440295e+04 4.406506220653885248e+04 2.810670008488046733e+04 2.804261874814738621e+04 6.821186288098115256e+03 2.224278077287722226e+03 1.011447476799247966e+03 1.449065426277651341e+02 8.660336228067873776e+01 1.982066306038773362e+01
5.757723891003729659e+04 3.580043820381655678e+04 2.298085386272800315e+04 1.364880734208904505e+04 6.821186288098115256e+03 8.771399818513817081e+03 1.547686471122382272e+03 4.416712928146872628e+02 6.394030987530626930e+01 3.368422128627832279e+01 6.035343834984405298e+00
1.861768684224483513e+04 1.144210781829317966e+04 7.829674201969377464e+03 5.324748430330683732e+03 2.224278077287722226e+03 1.547686471122382272e+03 2.526834970445876024e+03 2.000709416981073616e+02 -7.091426254239906690e+00 2.010656482186548288e+01 1.026478163168994762e+01
6.556876660894301494e+03 4.107472492112440705e+03 2.667837174864583631e+03 1.697923881033599400e+03 1.011447476799247966e+03 4.416712928146872628e+02 2.000709416981073616e+02 5.315158121972829122e+02 8.222730503511920475e+00 -1.810276240855793972e+00 3.179369097391273602e+00
7.392780382435818183e+02 3.223248443941856749e+02 3.809058431394752802e+02 2.260140488632533504e+02 1.449065426277651341e+02 6.394030987530626930e+01 -7.091426254239906690e+00 8.222730503511920475e+00 1.002987163505907944e+02 -3.005822769876270506e+00 6.049226775620635266e-01
4.959443216916765209e+02 2.548130704265452380e+02 1.801905111616093507e+02 6.998051657990899344e+01 8.660336228067873776e+01 3.368422128627832279e+01 2.010656482186548288e+01 -1.810276240855793972e+00 -3.005822769876270506e+00 1.665212903782004616e+01 -5.890112599515773262e-02
6.521776155042221035e+01 5.415073880836074238e+01 3.078367078508557952e+01 3.090837940549040752e+01 1.982066306038773362e+01 6.035343834984405298e+00 1.026478163168994762e+01 3.179369097391273602e+00 6.049226775620635266e-01 -5.890112599515773262e-02 2.002072149556672898e+00
