1.831108901206586510e+06 1.015330358691876871e+06 7.681800306830389891e+05 5.235110853282312164e+05 3.732424451192928245e+05 2.276812300198117155e+05 1.583107937239740568e+05 7.727478641702116875e+04 4.290896116359777807e+04 1.886129247360336012e+04 6.145082348795879625e+03 1.296504838752881824e+03 8.401144297088852397e+01 1.314896925179519727e+01
1.015330358691876871e+06 8.757003620543396100e+05 5.134930883996015182e+05 3.451962035071806167e+05 2.526235894010694465e+05 1.600122028944549966e+05 1.054003983134202135e+05 5.807147564538692677e+04 2.947051654979869636e+04 1.371141415665503337e+04 3.733989621669382359e+03 7.638519766699015463e+02 2.307638221358585895e+01 3.413124183808119483e+01
7.681800306830389891e+05 5.134930883996015182e+05 5.178733343698603567e+05 2.609074321866021492e+05 1.904746744689135230e+05 1.200402304831925430e+05 7.927355131145646737e+04 4.012247379567122698e+04 2.238829465267050182e+04 9.235352867061366851e+03 2.657393744662381323e+03 7.511108489933571946e+02 7.278795654121827852e+01 1.627836903198088336e+01
5.235110853282312164e+05 3.451962035071806167e+05 2.609074321866021492e+05 2.504163507952243381e+05 1.271641404559530783e+05 8.033421783771441551e+04 5.318253750559916080e+04 2.676065830017449116e+04 1.486753129775131492e+04 5.834456087407695122e+03 1.812173452154351935e+03 3.337477414685211556e+02 -4.333316738218428554e+00 -4.921549779604152519e+00
3.732424451192928245e+05 2.526235894010694465e+05 1.904746744689135230e+05 1.271641404559530783e+05 1.369604480374920531e+05 5.842205077339980926e+04 4.032593968313311052e+04 2.056116047349590735e+04 1.111365939928235639e+04 4.443967294855507134e+03 1.386582925157273621e+03 3.292693272467459451e+02 2.730185622757188213e+01 4.760766081624860036e+00
2.276812300198117155e+05 1.600122028944549966e+05 1.200402304831925430e+05 8.033421783771441551e+04 5.842205077339980926e+04 6.328483999373027473e+04 2.591674780657409428e+04 1.325940020144000664e+04 6.714374286251260855e+03 3.276536471597774835e+03 8.193537249015862471e+02 2.193873951156796807e+02 -4.658805687788081684e+00 6.792130851216985121e+00
1.583107937239740568e+05 1.054003983134202135e+05 7.927355131145646737e+04 5.318253750559916080e+04 4.032593968313311052e+04 2.591674780657409428e+04 3.115931400385084999e+04 9.083373056934828128e+03 5.018684701728314394e+03 1.790832357412789179e+03 6.433740066865411791e+02 1.709522864878685482e+02 7.590167010695973993e+00 5.099980468824654167e+00
7.727478641702116875e+04 5.807147564538692677e+04 4.012247379567122698e+04 2.676065830017449116e+04 2.056116047349590735e+04 1.325940020144000664e+04 9.083373056934828128e+03 1.167486509319386641e+04 2.531602069538655996e+03 9.086082850479115223e+02 3.111439064648168369e+02 8.880750303498808762e+01 1.605091892264451303e+01 8.588202404249001276e-01
4.290896116359777807e+04 2.947051654979869636e+04 2.238829465267050182e+04 1.486753129775131492e+04 1.111365939928235639e+04 6.714374286251260855e+03 5.018684701728314394e+03 2.531602069538655996e+03 4.254554294752402711e+03 6.981934045902205526e+02 1.264034374868429325e+02 7.674480413297517067e+00 9.605845565849381984e+00 4.527433641874836212e+00
1.886129247360336012e+04 1.371141415665503337e+04 9.235352867061366851e+03 5.834456087407695122e+03 4.443967294855507134e+03 3.276536471597774835e+03 1.790832357412789179e+03 9.086082850479115223e+02 6.981934045902205526e+02 1.429076880067094635e+03 1.215367894577628221e+02 2.490970852593232365e+01 3.356849889515030938e+00 -1.098035010588951810e+00
6.145082348795879625e+03 3.733989621669382359e+03 2.657393744662381323e+03 1.812173452154351935e+03 1.386582925157273621e+03 8.193537249015862471e+02 6.433740066865411791e+02 3.111439064648168369e+02 1.264034374868429325e+02 1.215367894577628221e+02 2.756303169794878158e+02 1.363916345295846888e+01 9.294082053913943486e-01 4.196062361893728165e-01
1.296504838752881824e+03 7.638519766699015463e+02 7.511108489933571946e+02 3.337477414685211556e+02 3.292693272467459451e+02 2.193873951156796807e+02 1.709522864878685482e+02 8.880750303498808762e+01 7.674480413297517067e+00 2.490970852593232365e+01 1.363916345295846888e+01 6.574876781262327086e+01 2.105874288165257013e+00 -1.294112691051274855e-01
8.401144297088852397e+01 2.307638221358585895e+01 7.278795654121827852e+01 -4.333316738218428554e+00 2.730185622757188213e+01 -4.658805687788081684e+00 7.590167010695973993e+00 1.605091892264451303e+01 9.605845565849381984e+00 3.356849889515030938e+00 9.294082053913943486e-01 2.105874288165257013e+00 6.931346004342811895e+00 -1.372543763236201003e-02
1.314896925179519727e+01 3.413124183808119483e+01 1.627836903198088336e+01 -4.921549779604152519e+00 4.760766081624860036e+00 6.792130851216985121e+00 5.099980468824654167e+00 8.588202404249001276e-01 4.527433641874836212e+00 -1.098035010588951810e+00 4.196062361893728165e-01 -1.294112691051274855e-01 -1.372543763236201003e-02 1.001956947162428113e+00
