1.335215057172683533e+06 7.593501272436818108e+05 4.967322918034068425e+05 3.108995917141711107e+05 1.882956102649634704e+05 1.014760074601390661e+05 4.862091379858080472e+04 1.693256848740643909e+04 6.109890326706811720e+03 1.058544965743760031e+03 3.735868045847636836e+02 5.249979894379045930e+01
7.593501272436818108e+05 6.627463246541037224e+05 3.479792791234792094e+05 2.093031043232843513e+05 1.310922665890523349e+05 6.964817248708440457e+04 3.305468125505026546e+04 1.181416652050240737e+04 4.274179709789991648e+03 6.191662562567029227e+02 1.850973303563993682e+02 1.738032559618594775e+01
4.967322918034068425e+05 3.479792791234792094e+05 3.061457746255551465e+05 1.414104055054896453e+05 8.546408250580859021e+04 4.523732087422936456e+04 2.311213305708784173e+04 7.797968175673455335e+03 2.665825084922315000e+03 4.038023751440858859e+02 1.294151906587370320e+02 6.303897426863513509e+00
3.108995917141711107e+05 2.093031043232843513e+05 1.414104055054896453e+05 1.354245460763323936e+05 5.375584315317113942e+04 3.025485276174475075e+04 1.512646952179172149e+04 4.923249773093613840e+03 1.890800602019709004e+03 3.335281344663873142e+02 1.233916843149308988e+02 5.801938564879718818e+00
1.882956102649634704e+05 1.310922665890523349e+05 8.546408250580859021e+04 5.375584315317113942e+04 5.535583310418993642e+04 1.788676679393742234e+04 9.627004308346924518e+03 2.643905561023419978e+03 1.089831120438388552e+03 1.358034014881950782e+02 1.042466595945911081e+02 1.841757652582466775e+01
1.014760074601390661e+05 6.964817248708440457e+04 4.523732087422936456e+04 3.025485276174475075e+04 1.788676679393742234e+04 2.014874636662581906e+04 4.432512436762781363e+03 1.604970324102588847e+03 4.923275263192053899e+02 1.058348888063358118e+02 2.998419889629627022e+01 -1.156858314727622128e+00
4.862091379858080472e+04 3.305468125505026546e+04 2.311213305708784173e+04 1.512646952179172149e+04 9.627004308346924518e+03 4.432512436762781363e+03 7.221240972575522392e+03 9.642257191110460326e+02 3.660064414581649999e+02 2.784303062564781328e+00 4.526649331152862032e+01 1.727444364872940952e+00
1.693256848740643909e+04 1.181416652050240737e+04 7.797968175673455335e+03 4.923249773093613840e+03 2.643905561023419978e+03 1.604970324102588847e+03 9.642257191110460326e+02 1.759599143692046255e+03 7.076051332524212967e+01 3.909788948418661647e+01 8.364673848522325983e+00 2.390186924835611126e+00
6.109890326706811720e+03 4.274179709789991648e+03 2.665825084922315000e+03 1.890800602019709004e+03 1.089831120438388552e+03 4.923275263192053899e+02 3.660064414581649999e+02 7.076051332524212967e+01 4.867746064085240505e+02 -1.945090590186361768e+00 5.427430195196834006e+00 1.725483588068165708e-01
1.058544965743760031e+03 6.191662562567029227e+02 4.038023751440858859e+02 3.335281344663873142e+02 1.358034014881950782e+02 1.058348888063358118e+02 2.784303062564781328e+00 3.909788948418661647e+01 -1.945090590186361768e+00 7.099580654179480632e+01 2.933322099716223263e+00 -1.490190371513590573e-01
3.735868045847636836e+02 1.850973303563993682e+02 1.294151906587370320e+02 1.233916843149308988e+02 1.042466595945911081e+02 2.998419889629627022e+01 4.526649331152862032e+01 8.364673848522325983e+00 5.427430195196834006e+00 2.933322099716223263e+00 1.367053588183255819e+01 -2.745087526472402006e-02
5.249979894379045930e+01 1.738032559618594775e+01 6.303897426863513509e+00 5.801938564879718818e+00 1.841757652582466775e+01 -1.156858314727622128e+00 1.727444364872940952e+00 2.390186924835611126e+00 1.725483588068165708e-01 -1.490190371513590573e-01 -2.745087526472402006e-02 1.001956947162428113e+00
