2.799493615547104273e+05 9.057058765238679189e+04 4.678007114388973423e+04 1.713665587313529613e+04 5.418248915279287758e+03 1.108284101556773521e+03 8.307266399639703991e+01 3.596210950886421642e+01
9.057058765238679189e+04 7.859145639119930274e+04 2.275712007981624629e+04 8.820687322788695383e+03 2.917562375790669648e+03 7.147043548606679906e+02 5.239642493033285220e+00 7.126251809363376211e+00
4.678007114388973423e+04 2.275712007981624629e+04 2.364995568900050421e+04 4.343523757080229188e+03 1.327572023728411978e+03 1.854862743958865394e+02 5.438086367900756102e+01 7.833726445670913030e+00
1.713665587313529613e+04 8.820687322788695383e+03 4.343523757080229188e+03 5.007004284477091460e+03 5.754374831704202506e+02 1.262636532210037927e+02 4.210028236991239936e+01 1.989004656919520636e-02
5.418248915279287758e+03 2.917562375790669648e+03 1.327572023728411978e+03 5.754374831704202506e+02 1.172948146387911038e+03 3.194648749618360650e+00 1.443221954571738763e+01 1.309108996662766700e+00
1.108284101556773521e+03 7.147043548606679906e+02 1.854862743958865394e+02 1.262636532210037927e+02 3.194648749618360650e+00 1.672224860719074968e+02 -2.495556246707689496e+00 -6.611229572392670617e-01
8.307266399639703991e+01 5.239642493033285220e+00 5.438086367900756102e+01 4.210028236991239936e+01 1.443221954571738763e+01 -2.495556246707689496e+00 3.177694206542864208e+01 -1.146367656725516132e-01
3.596210950886421642e+01 7.126251809363376211e+00 7.833726445670913030e+00 1.989004656919520636e-02 1.309108996662766700e+00 -6.611229572392670617e-01 -1.146367656725516132e-01 2.013215388478063694e+00
