1.731110134366649203e+06 9.917207844410924008e+05 6.747397535715870326e+05 4.792066726595170330e+05 2.863316282415610040e+05 1.716937780888176349e+05 9.166615147856545809e+04 5.034279427983976348e+04 2.015834001058946524e+04 5.600541023678945749e+03 1.344571733163619228e+03 7.296001482715963959e+01 1.193084681150160691e+02
9.917207844410924008e+05 8.730640703175788512e+05 4.585689804475544370e+05 3.225446966503800941e+05 2.039681634315360279e+05 1.246422445073882991e+05 6.263300732579342730e+04 3.773805329126303695e+04 1.328328030941581164e+04 4.089938333119564049e+03 1.048379957772522175e+03 -3.396085028891899782e+01 3.018462800629329479e+01
6.747397535715870326e+05 4.585689804475544370e+05 4.184866724095235113e+05 2.198146967184241512e+05 1.312144341121002799e+05 8.147846761647835956e+04 4.255417749951132282e+04 2.349992593569548262e+04 8.900934746490966063e+03 2.394186557121797705e+03 4.775170459894748660e+02 -1.373376245766792891e+01 2.128702908671867888e+01
4.792066726595170330e+05 3.225446966503800941e+05 2.198146967184241512e+05 2.191175911245952302e+05 9.569269407324095664e+04 5.598749341205100063e+04 2.931512526382198484e+04 1.794227742465598931e+04 6.118371832119089959e+03 2.073588883562745650e+03 3.760160898125216704e+02 -2.962036631309663193e+01 4.591621674138874454e+01
2.863316282415610040e+05 2.039681634315360279e+05 1.312144341121002799e+05 9.569269407324095664e+04 9.261162324453811743e+04 3.571608890739304479e+04 2.001186137694245917e+04 1.061814612921645130e+04 4.427625237562941038e+03 1.429642956332277890e+03 3.349163869893816923e+02 5.097351398036112258e+00 1.874509267744229035e+01
1.716937780888176349e+05 1.246422445073882991e+05 8.147846761647835956e+04 5.598749341205100063e+04 3.571608890739304479e+04 3.948540726180660567e+04 1.163175560963430507e+04 6.177905606863617322e+03 2.535040193244843977e+03 7.457938463676614447e+02 2.300093482537182581e+02 -8.720475475862901504e+00 7.675402892494924245e+00
9.166615147856545809e+04 6.263300732579342730e+04 4.255417749951132282e+04 2.931512526382198484e+04 2.001186137694245917e+04 1.163175560963430507e+04 1.514616028818308041e+04 3.126443581739933961e+03 1.155239438254480092e+03 3.860336185753275231e+02 9.346558551430371153e+01 -8.139371094962863040e+00 1.411328163414792414e+01
5.034279427983976348e+04 3.773805329126303695e+04 2.349992593569548262e+04 1.794227742465598931e+04 1.061814612921645130e+04 6.177905606863617322e+03 3.126443581739933961e+03 5.580411505444271825e+03 8.902385499622702127e+02 1.653603012942071473e+02 5.093529308283487467e+01 1.733171531614121186e+00 6.985641767904299471e+00
2.015834001058946524e+04 1.328328030941581164e+04 8.900934746490966063e+03 6.118371832119089959e+03 4.427625237562941038e+03 2.535040193244843977e+03 1.155239438254480092e+03 8.902385499622702127e+02 1.442078634274897468e+03 1.185336902320885315e+02 1.933618651985354475e+01 -6.454585174458453700e-01 1.349529656951310219e+00
5.600541023678945749e+03 4.089938333119564049e+03 2.394186557121797705e+03 2.073588883562745650e+03 1.429642956332277890e+03 7.457938463676614447e+02 3.860336185753275231e+02 1.653603012942071473e+02 1.185336902320885315e+02 4.099469772846823616e+02 2.151741302883403151e+01 1.164237687488757889e+00 1.549208921523906435e+00
1.344571733163619228e+03 1.048379957772522175e+03 4.775170459894748660e+02 3.760160898125216704e+02 3.349163869893816923e+02 2.300093482537182581e+02 9.346558551430371153e+01 5.093529308283487467e+01 1.933618651985354475e+01 2.151741302883403151e+01 6.106101638562865475e+01 -8.963242530424176957e-01 7.820728368502986028e-01
7.296001482715963959e+01 -3.396085028891899782e+01 -1.373376245766792891e+01 -2.962036631309663193e+01 5.097351398036112258e+00 -8.720475475862901504e+00 -8.139371094962863040e+00 1.733171531614121186e+00 -6.454585174458453700e-01 1.164237687488757889e+00 -8.963242530424176957e-01 7.922981436777554620e+00 -3.143054578081220379e-02
1.193084681150160691e+02 3.018462800629329479e+01 2.128702908671867888e+01 4.591621674138874454e+01 1.874509267744229035e+01 7.675402892494924245e+00 1.411328163414792414e+01 6.985641767904299471e+00 1.349529656951310219e+00 1.549208921523906435e+00 7.820728368502986028e-01 -3.143054578081220379e-02 2.003069122960821957e+00
