1.942660677366151940e+06 1.055406121704328340e+06 8.090604195888978429e+05 5.511758373297934886e+05 3.975380003553358256e+05 2.632674320922507322e+05 1.774075869262671040e+05 9.623981493683232111e+04 5.551827578416195320e+04 2.729730065811112581e+04 9.422283638853914454e+03 1.638376398363404860e+03 -5.586712424469519434e+00 1.853868608537879368e+02
1.055406121704328340e+06 9.138652725596209057e+05 5.364778579350623768e+05 3.538481887544304482e+05 2.580723927706687246e+05 1.822777780669004133e+05 1.155967817949113087e+05 6.594017619794128404e+04 3.681557415121413942e+04 1.839319834879920018e+04 6.503382306535161661e+03 6.627741547921551728e+02 6.204853178205407715e+01 7.477278361578355259e+01
8.090604195888978429e+05 5.364778579350623768e+05 5.391678643839698052e+05 2.773812887591088656e+05 1.989906063318806700e+05 1.332812674579879094e+05 8.722270909209272941e+04 5.037787546909737284e+04 2.873937950204949811e+04 1.425289965193220451e+04 4.668369530961055716e+03 9.169727517076569256e+02 1.545141505541907918e+02 1.096146814835099121e+02
5.511758373297934886e+05 3.538481887544304482e+05 2.773812887591088656e+05 2.705468956751616788e+05 1.349592888464499265e+05 9.092765688871666498e+04 6.115008291096208268e+04 3.480356411459483934e+04 1.813765692218671029e+04 8.999431995849035957e+03 2.581816322522649443e+03 3.356403024314968206e+02 -7.353344845230298077e+00 3.574040643337434631e+01
3.975380003553358256e+05 2.580723927706687246e+05 1.989906063318806700e+05 1.349592888464499265e+05 1.447352318846740236e+05 6.361397557026732102e+04 4.515004479680441727e+04 2.268175032669975917e+04 1.301480228344720126e+04 6.136250580274851927e+03 2.228832056167594601e+03 3.166117689772482322e+02 9.444227104176167842e+00 3.397409348809945584e+01
2.632674320922507322e+05 1.822777780669004133e+05 1.332812674579879094e+05 9.092765688871666498e+04 6.361397557026732102e+04 7.699865699332726945e+04 2.928647255981483249e+04 1.711900926713413355e+04 9.369114865408520927e+03 4.916582138323082290e+03 1.646661899528261301e+03 3.858719442028744311e+02 -1.064232831020187220e+01 3.796892169832193531e+01
1.774075869262671040e+05 1.155967817949113087e+05 8.722270909209272941e+04 6.115008291096208268e+04 4.515004479680441727e+04 2.928647255981483249e+04 3.684335268151183845e+04 1.122205171821940166e+04 6.442741238061257718e+03 2.893770370006959638e+03 9.999784782493339890e+02 1.911738516217063477e+02 2.506269014623013192e+01 1.568022027270768071e+01
9.623981493683232111e+04 6.594017619794128404e+04 5.037787546909737284e+04 3.480356411459483934e+04 2.268175032669975917e+04 1.711900926713413355e+04 1.122205171821940166e+04 1.443270428943666593e+04 3.812050685893103491e+03 1.732362894034693227e+03 6.391948900427111084e+02 1.071897701128220319e+02 2.717034445214991223e+01 9.858702515027360391e+00
5.551827578416195320e+04 3.681557415121413942e+04 2.873937950204949811e+04 1.813765692218671029e+04 1.301480228344720126e+04 9.369114865408520927e+03 6.442741238061257718e+03 3.812050685893103491e+03 5.547930226871541890e+03 1.063645196509079369e+03 2.873425712983677158e+02 1.797171328874373586e+01 2.098575218939248899e+01 3.392601397519402706e+00
2.729730065811112581e+04 1.839319834879920018e+04 1.425289965193220451e+04 8.999431995849035957e+03 6.136250580274851927e+03 4.916582138323082290e+03 2.893770370006959638e+03 1.732362894034693227e+03 1.063645196509079369e+03 2.081791664902120829e+03 2.366219750307058121e+02 6.666430102363548826e+00 8.243840180835739773e-01 7.198973979074675178e+00
9.422283638853914454e+03 6.503382306535161661e+03 4.668369530961055716e+03 2.581816322522649443e+03 2.228832056167594601e+03 1.646661899528261301e+03 9.999784782493339890e+02 6.391948900427111084e+02 2.873425712983677158e+02 2.366219750307058121e+02 4.999764005664267756e+02 1.434631468684286304e+01 1.942731560520271517e+00 4.407053840977576797e+00
1.638376398363404860e+03 6.627741547921551728e+02 9.169727517076569256e+02 3.356403024314968206e+02 3.166117689772482322e+02 3.858719442028744311e+02 1.911738516217063477e+02 1.071897701128220319e+02 1.797171328874373586e+01 6.666430102363548826e+00 1.434631468684286304e+01 1.027567516745782967e+02 9.869048478545850989e-01 1.402730830806579787e+00
-5.586712424469519434e+00 6.204853178205407715e+01 1.545141505541907918e+02 -7.353344845230298077e+00 9.444227104176167842e+00 -1.064232831020187220e+01 2.506269014623013192e+01 2.717034445214991223e+01 2.098575218939248899e+01 8.243840180835739773e-01 1.942731560520271517e+00 9.869048478545850989e-01 1.462546120137887051e+01 -8.827453520084346805e-02
1.853868608537879368e+02 7.477278361578355259e+01 1.096146814835099121e+02 3.574040643337434631e+01 3.397409348809945584e+01 3.796892169832193531e+01 1.568022027270768071e+01 9.858702515027360391e+00 3.392601397519402706e+00 7.198973979074675178e+00 4.407053840977576797e+00 1.402730830806579787e+00 -8.827453520084346805e-02 2.995180269922264049e+00
