1.714967782184486277e+06 9.824843525429879082e+05 6.687075085204737261e+05 4.751753023320241482e+05 2.840840464945709682e+05 1.704384917002113361e+05 9.104013712885706627e+04 5.001992317441686464e+04 2.003603578867484612e+04 5.568172834988671639e+03 1.337138022159455886e+03 7.256845036774548419e+01 1.186893262265463420e+02
9.824843525429879082e+05 8.649426313706956571e+05 4.544745157776727574e+05 3.198349125908116112e+05 2.023694112559489440e+05 1.237323741636660998e+05 6.220597909250248631e+04 3.749645034997653420e+04 1.320283908757991412e+04 4.066347078594548293e+03 1.042595705080304015e+03 -3.377897376476315827e+01 3.002833022325962631e+01
6.687075085204737261e+05 4.544745157776727574e+05 4.149064321841802448e+05 2.180501367829314549e+05 1.302350163658550446e+05 8.091417531448330556e+04 4.227997679994518694e+04 2.335827843972606934e+04 8.850367089169543760e+03 2.381273873647972778e+03 4.750614340277176098e+02 -1.366536077153188877e+01 2.118478609000166912e+01
4.751753023320241482e+05 3.198349125908116112e+05 2.180501367829314549e+05 2.174743212260104192e+05 9.502897399028009386e+04 5.562933719035676768e+04 2.914173437940379154e+04 1.784362167260322531e+04 6.086850506917340681e+03 2.063503056920888866e+03 3.742815561980911525e+02 -2.948852819119955271e+01 4.572000069610182038e+01
2.840840464945709682e+05 2.023694112559489440e+05 1.302350163658550446e+05 9.502897399028009386e+04 9.202149286211350409e+04 3.550776001762159285e+04 1.990479212768556317e+04 1.056575793220012929e+04 4.407315517445168553e+03 1.423497042027129737e+03 3.335607292458260531e+02 5.077544813126821488e+00 1.867558619876881920e+01
1.704384917002113361e+05 1.237323741636660998e+05 8.091417531448330556e+04 5.562933719035676768e+04 3.550776001762159285e+04 3.927639371538838896e+04 1.157580045787377094e+04 6.150760680438143936e+03 2.524781156360688783e+03 7.429907007841342192e+02 2.292026354376389747e+02 -8.691304362566368624e+00 7.651092182501720629e+00
9.104013712885706627e+04 6.220597909250248631e+04 4.227997679994518694e+04 2.914173437940379154e+04 1.990479212768556317e+04 1.157580045787377094e+04 1.508061634749055884e+04 3.114217472916832321e+03 1.151122856758209537e+03 3.847693683365586139e+02 9.318298760113043500e+01 -8.116081944962283856e+00 1.407540957584120811e+01
5.001992317441686464e+04 3.749645034997653420e+04 2.335827843972606934e+04 1.784362167260322531e+04 1.056575793220012929e+04 6.150760680438143936e+03 3.114217472916832321e+03 5.560916378665536286e+03 8.874376813589983612e+02 1.648877589880635526e+02 5.080254942385709427e+01 1.728936005264048115e+00 6.969813250659148807e+00
2.003603578867484612e+04 1.320283908757991412e+04 8.850367089169543760e+03 6.086850506917340681e+03 4.407315517445168553e+03 2.524781156360688783e+03 1.151122856758209537e+03 8.874376813589983612e+02 1.438042564129228140e+03 1.182361542559938101e+02 1.929251532610335218e+01 -6.441055443580265827e-01 1.346941064742110727e+00
5.568172834988671639e+03 4.066347078594548293e+03 2.381273873647972778e+03 2.063503056920888866e+03 1.423497042027129737e+03 7.429907007841342192e+02 3.847693683365586139e+02 1.648877589880635526e+02 1.182361542559938101e+02 4.090363182243826259e+02 2.147502981083374962e+01 1.162133570935628635e+00 1.546684886666695791e+00
1.337138022159455886e+03 1.042595705080304015e+03 4.750614340277176098e+02 3.742815561980911525e+02 3.335607292458260531e+02 2.292026354376389747e+02 9.318298760113043500e+01 5.080254942385709427e+01 1.929251532610335218e+01 2.147502981083374962e+01 6.095611576249758912e+01 -8.949300233589876363e-01 7.809956081861757493e-01
7.256845036774548419e+01 -3.377897376476315827e+01 -1.366536077153188877e+01 -2.948852819119955271e+01 5.077544813126821488e+00 -8.691304362566368624e+00 -8.116081944962283856e+00 1.728936005264048115e+00 -6.441055443580265827e-01 1.162133570935628635e+00 -8.949300233589876363e-01 7.911944694868513039e+00 -3.139236145137522943e-02
1.186893262265463420e+02 3.002833022325962631e+01 2.118478609000166912e+01 4.572000069610182038e+01 1.867558619876881920e+01 7.651092182501720629e+00 1.407540957584120811e+01 6.969813250659148807e+00 1.346941064742110727e+00 1.546684886666695791e+00 7.809956081861757493e-01 -3.139236145137522943e-02 2.000992493464444077e+00
