1.315985570956260432e+06 7.058783153482909547e+05 4.445607493557378184e+05 2.784078141480639460e+05 1.516125904497549345e+05 7.772423530264240981e+04 3.523826266035372828e+04 8.874121035625234072e+03 2.681602127622308672e+03 6.216725013686398142e+02 1.588740249251355010e+02 2.886702241861472729e+01
7.058783153482909547e+05 6.005620894385129213e+05 2.940381206079907133e+05 1.827625756668289832e+05 9.945718723797114217e+04 5.052611110997354990e+04 2.123403721345637314e+04 6.646664140088518252e+03 2.199472920302588591e+03 3.439344394102278670e+02 8.372330108552884553e+01 8.426943170558505614e+00
4.445607493557378184e+05 2.940381206079907133e+05 2.444196040828865953e+05 1.141393714154036134e+05 5.982674673349620571e+04 3.326067903923206904e+04 1.282876824589574790e+04 3.595353506966977875e+03 1.340451772332204428e+03 2.681159968884999785e+02 6.322558519759539308e+01 7.811581537275609222e+00
2.784078141480639460e+05 1.827625756668289832e+05 1.141393714154036134e+05 1.108767406881267234e+05 3.923276311222788354e+04 2.253689393537301657e+04 9.691872089748178041e+03 2.860395588775204487e+03 7.957050262919832448e+02 2.424210971952427656e+02 3.857900660207639021e+01 -3.061933555631342507e+00
1.516125904497549345e+05 9.945718723797114217e+04 5.982674673349620571e+04 3.923276311222788354e+04 3.950408512122568209e+04 1.148989151203962865e+04 4.996796435566973742e+03 1.516707754352069060e+03 5.462280672040092213e+02 2.862482979152272478e+01 3.961743155683095097e+01 2.637362697414976509e+01
7.772423530264240981e+04 5.052611110997354990e+04 3.326067903923206904e+04 2.253689393537301657e+04 1.148989151203962865e+04 1.361913340044294819e+04 2.407399901969189614e+03 7.048828415774993346e+02 2.928811924718398814e+02 6.868695989258165469e+01 8.010868724024884813e+00 -1.712265847669762753e+00
3.523826266035372828e+04 2.123403721345637314e+04 1.282876824589574790e+04 9.691872089748178041e+03 4.996796435566973742e+03 2.407399901969189614e+03 4.649028835550992881e+03 4.032907739481121894e+02 1.418354103912487858e+02 6.875291395390408233e+00 2.992387296655649820e+01 1.557839292209221904e+00
8.874121035625234072e+03 6.646664140088518252e+03 3.595353506966977875e+03 2.860395588775204487e+03 1.516707754352069060e+03 7.048828415774993346e+02 4.032907739481121894e+02 9.252993872018681714e+02 5.535597763002387950e+01 4.084158482901121268e+00 2.916042228579833195e-01 2.450280560317215972e+00
2.681602127622308672e+03 2.199472920302588591e+03 1.340451772332204428e+03 7.957050262919832448e+02 5.462280672040092213e+02 2.928811924718398814e+02 1.418354103912487858e+02 5.535597763002387950e+01 2.249015427410780887e+02 2.836099682012577228e-01 7.402290117435057493e-01 5.825501375230711654e-01
6.216725013686398142e+02 3.439344394102278670e+02 2.681159968884999785e+02 2.424210971952427656e+02 2.862482979152272478e+01 6.868695989258165469e+01 6.875291395390408233e+00 4.084158482901121268e+00 2.836099682012577228e-01 4.086654297546133563e+01 -2.478829661523916927e-01 -8.260165904279445637e-02
1.588740249251355010e+02 8.372330108552884553e+01 6.322558519759539308e+01 3.857900660207639021e+01 3.961743155683095097e+01 8.010868724024884813e+00 2.992387296655649820e+01 2.916042228579833195e-01 7.402290117435057493e-01 -2.478829661523916927e-01 3.002855503254705738e+00 -5.897663543858923212e-03
2.886702241861472729e+01 8.426943170558505614e+00 7.811581537275609222e+00 -3.061933555631342507e+00 2.637362697414976509e+01 -1.712265847669762753e+00 1.557839292209221904e+00 2.450280560317215972e+00 5.825501375230711654e-01 -8.260165904279445637e-02 -5.897663543858923212e-03 1.004252632557358638e+00
