1.861058127687817439e+06 1.017872156800819910e+06 7.838712568655370269e+05 5.357039013790575555e+05 3.872180308132771752e+05 2.568169615771852550e+05 1.732395953753157228e+05 9.404587513068444969e+04 5.427932154058774177e+04 2.669721540588364587e+04 9.217329406673186895e+03 1.602997782636672127e+03 -5.466645731351377435e+00 1.814189130709546305e+02
1.017872156800819910e+06 8.872917372711920179e+05 5.232704666418766137e+05 3.462280524967507808e+05 2.530632661486321012e+05 1.790073772082634969e+05 1.136400334251112363e+05 6.487027117696115602e+04 3.623603377744453610e+04 1.810982084167789799e+04 6.404700962388964399e+03 6.528229901080752597e+02 6.112329533048642816e+01 7.366442377289064325e+01
7.838712568655370269e+05 5.232704666418766137e+05 5.283096944021820091e+05 2.726544538662201376e+05 1.960244728229329921e+05 1.314911356497501547e+05 8.614009364240607829e+04 4.978810736784640903e+04 2.841689509461105263e+04 1.409776561823751035e+04 4.618648978825771337e+03 9.073533878929433740e+02 1.529092183317268905e+02 1.084858590461862349e+02
5.357039013790575555e+05 3.462280524967507808e+05 2.726544538662201376e+05 2.667772822561426437e+05 1.333679127760698029e+05 8.998999262411214295e+04 6.058200916816529207e+04 3.450486589742099750e+04 1.799083306206845009e+04 8.929620704577810102e+03 2.562394108478617454e+03 3.331693123111816703e+02 -7.299972043608278227e+00 3.548417783326180341e+01
3.872180308132771752e+05 2.530632661486321012e+05 1.960244728229329921e+05 1.333679127760698029e+05 1.433392471382917138e+05 6.309472307474017725e+04 4.482776557993932511e+04 2.253592938139693433e+04 1.293748770876324306e+04 6.101874671129143280e+03 2.216869941521297733e+03 3.149634996802159321e+02 9.396042447753849558e+00 3.380379211170204456e+01
2.568169615771852550e+05 1.790073772082634969e+05 1.314911356497501547e+05 8.998999262411214295e+04 6.309472307474017725e+04 7.648447571815067204e+04 2.912095514339958754e+04 1.703441319541459234e+04 9.327399573377864726e+03 4.896357719218078273e+03 1.640276071246624952e+03 3.844377434216262373e+02 -1.060388095940090558e+01 3.783514922200725294e+01
1.732395953753157228e+05 1.136400334251112363e+05 8.614009364240607829e+04 6.058200916816529207e+04 4.482776557993932511e+04 2.912095514339958754e+04 3.667297131980750419e+04 1.117813170139463909e+04 6.420681293346683560e+03 2.884843853998558188e+03 9.971295146694142204e+02 1.906600541511352276e+02 2.499794348213975326e+01 1.564111657047837767e+01
9.404587513068444969e+04 6.487027117696115602e+04 4.978810736784640903e+04 3.450486589742099750e+04 2.253592938139693433e+04 1.703441319541459234e+04 1.117813170139463909e+04 1.438648412038818606e+04 3.801710930947732322e+03 1.728252204916424034e+03 6.378289298830732150e+02 1.069780216834330986e+02 2.711950398474249369e+01 9.841138782403392682e+00
5.427932154058774177e+04 3.623603377744453610e+04 2.841689509461105263e+04 1.799083306206845009e+04 1.293748770876324306e+04 9.327399573377864726e+03 6.420681293346683560e+03 3.801710930947732322e+03 5.535602329954544985e+03 1.061642993095147631e+03 2.868694896235888336e+02 1.794502931591170025e+01 2.095678248781241493e+01 3.388222318388775633e+00
2.669721540588364587e+04 1.810982084167789799e+04 1.409776561823751035e+04 8.929620704577810102e+03 6.101874671129143280e+03 4.896357719218078273e+03 2.884843853998558188e+03 1.728252204916424034e+03 1.061642993095147631e+03 2.078580275044796963e+03 2.363128204931741720e+02 6.658798028500055644e+00 8.235262579416708917e-01 7.192129319357481343e+00
9.217329406673186895e+03 6.404700962388964399e+03 4.618648978825771337e+03 2.562394108478617454e+03 2.216869941521297733e+03 1.640276071246624952e+03 9.971295146694142204e+02 6.378289298830732150e+02 2.868694896235888336e+02 2.363128204931741720e+02 4.994412245663864383e+02 1.433327844179510713e+01 1.941169036577004237e+00 4.403904703183587621e+00
1.602997782636672127e+03 6.528229901080752597e+02 9.073533878929433740e+02 3.331693123111816703e+02 3.149634996802159321e+02 3.844377434216262373e+02 1.906600541511352276e+02 1.069780216834330986e+02 1.794502931591170025e+01 6.658798028500055644e+00 1.433327844179510713e+01 1.026799989277001686e+02 9.862707327254411904e-01 1.401955415305547126e+00
-5.466645731351377435e+00 6.112329533048642816e+01 1.529092183317268905e+02 -7.299972043608278227e+00 9.396042447753849558e+00 -1.060388095940090558e+01 2.499794348213975326e+01 2.711950398474249369e+01 2.095678248781241493e+01 8.235262579416708917e-01 1.941169036577004237e+00 9.862707327254411904e-01 1.461759107846553718e+01 -8.823495620804146233e-02
1.814189130709546305e+02 7.366442377289064325e+01 1.084858590461862349e+02 3.548417783326180341e+01 3.380379211170204456e+01 3.783514922200725294e+01 1.564111657047837767e+01 9.841138782403392682e+00 3.388222318388775633e+00 7.192129319357481343e+00 4.403904703183587621e+00 1.401955415305547126e+00 -8.823495620804146233e-02 2.994106180659540151e+00
