1.758241060657739174e+06 1.007124578352659242e+06 7.221893087725543883e+05 5.012552117370773340e+05 3.336392418840300525e+05 1.997667192757347657e+05 1.208266157068947796e+05 6.141546087829098542e+04 2.962353165007808639e+04 1.263430847767968226e+04 2.432422057207311354e+03 5.693644861962199002e+02 2.096540990575729495e+02
1.007124578352659242e+06 8.579569260842255317e+05 4.734251594931335421e+05 3.336135341393629787e+05 2.285282267761068651e+05 1.427804139843274024e+05 8.660704871688361163e+04 4.400750597616071173e+04 2.039425523033572972e+04 8.432791234716118197e+03 1.302191091486314690e+03 4.339159853094764685e+02 8.826632863691294517e+01
7.221893087725543883e+05 4.734251594931335421e+05 4.539579085557850194e+05 2.371859347965000779e+05 1.581950843631819589e+05 9.813576927171205170e+04 5.715175759896454838e+04 2.944368724078066225e+04 1.458230886064286096e+04 5.063549235794788729e+03 1.206505183420691310e+03 1.965678746634669096e+02 9.523100784693448873e+01
5.012552117370773340e+05 3.336135341393629787e+05 2.371859347965000779e+05 2.350061411835758481e+05 1.139135696324637393e+05 6.629307749280607095e+04 3.955981320536997373e+04 2.124933626939193346e+04 1.019339821768421825e+04 3.798601138935533527e+03 4.979510341948609948e+02 1.318877302093627577e+02 5.858016781491937763e+01
3.336392418840300525e+05 2.285282267761068651e+05 1.581950843631819589e+05 1.139135696324637393e+05 1.148460680221002694e+05 4.734173046212073677e+04 2.845419299098737974e+04 1.641288420310871879e+04 6.840140471275649361e+03 3.149536957961975531e+03 6.420759724418776386e+02 1.415347520881099399e+02 6.792915161936251423e+01
1.997667192757347657e+05 1.427804139843274024e+05 9.813576927171205170e+04 6.629307749280607095e+04 4.734173046212073677e+04 4.981597981012350647e+04 1.826562024501946871e+04 9.086010301737318514e+03 4.144401775421983984e+03 1.818028331692946722e+03 3.636142937565239777e+02 1.190407205854723145e+02 2.287834375634219342e+01
1.208266157068947796e+05 8.660704871688361163e+04 5.715175759896454838e+04 3.955981320536997373e+04 2.845419299098737974e+04 1.826562024501946871e+04 2.175997156873509812e+04 6.028067110649762981e+03 2.800950057636033762e+03 7.642245242626867139e+02 2.676852493671440243e+02 4.150180184665228467e+01 2.592931246433572312e+01
6.141546087829098542e+04 4.400750597616071173e+04 2.944368724078066225e+04 2.124933626939193346e+04 1.641288420310871879e+04 9.086010301737318514e+03 6.028067110649762981e+03 8.067480869022580919e+03 1.477925712600690758e+03 5.212960428307331995e+02 1.087133091555247262e+02 2.766067838281963631e+01 5.027431727054221255e+00
2.962353165007808639e+04 2.039425523033572972e+04 1.458230886064286096e+04 1.019339821768421825e+04 6.840140471275649361e+03 4.144401775421983984e+03 2.800950057636033762e+03 1.477925712600690758e+03 2.589290083907475037e+03 3.351085205709287038e+02 4.476061289593535264e+01 1.729601219358086794e+01 7.396050107038565358e+00
1.263430847767968226e+04 8.432791234716118197e+03 5.063549235794788729e+03 3.798601138935533527e+03 3.149536957961975531e+03 1.818028331692946722e+03 7.642245242626867139e+02 5.212960428307331995e+02 3.351085205709287038e+02 8.261536988599389133e+02 2.536460874460424719e+01 7.964675380379560465e+00 5.976447700491405612e+00
2.432422057207311354e+03 1.302191091486314690e+03 1.206505183420691310e+03 4.979510341948609948e+02 6.420759724418776386e+02 3.636142937565239777e+02 2.676852493671440243e+02 1.087133091555247262e+02 4.476061289593535264e+01 2.536460874460424719e+01 1.417720060814717726e+02 7.223501748231663022e+00 8.470555795971994595e-01
5.693644861962199002e+02 4.339159853094764685e+02 1.965678746634669096e+02 1.318877302093627577e+02 1.415347520881099399e+02 1.190407205854723145e+02 4.150180184665228467e+01 2.766067838281963631e+01 1.729601219358086794e+01 7.964675380379560465e+00 7.223501748231663022e+00 3.169987860034236604e+01 7.921538290677506700e-01
2.096540990575729495e+02 8.826632863691294517e+01 9.523100784693448873e+01 5.858016781491937763e+01 6.792915161936251423e+01 2.287834375634219342e+01 2.592931246433572312e+01 5.027431727054221255e+00 7.396050107038565358e+00 5.976447700491405612e+00 8.470555795971994595e-01 7.921538290677506700e-01 3.984298466994228072e+00
