1.248782054848155938e+06 6.743490527686269488e+05 4.268178909241178771e+05 2.682838098199627711e+05 1.465010330689664697e+05 7.525705885011456849e+04 3.417132403751516540e+04 8.615347398333131423e+03 2.605527276626484309e+03 6.044565086683991240e+02 1.545386238563879147e+02 2.808812772623214471e+01
6.743490527686269488e+05 5.776066899253274314e+05 2.842068409970694920e+05 1.773044778474246268e+05 9.675222947216023749e+04 4.925224667491316359e+04 2.072999904258869356e+04 6.496367278005061962e+03 2.151489799747948382e+03 3.366653773537842653e+02 8.198792130850981152e+01 8.254870347463199920e+00
4.268178909241178771e+05 2.842068409970694920e+05 2.374233966321991757e+05 1.112818914755931182e+05 5.848934855488457833e+04 3.258351051045305940e+04 1.258659493491474132e+04 3.531547259699430015e+03 1.317736129993337272e+03 2.637558526506794010e+02 6.222329111790908485e+01 7.690166627731750637e+00
2.682838098199627711e+05 1.773044778474246268e+05 1.112818914755931182e+05 1.085003197751172411e+05 3.849743884252875432e+04 2.215962297938499978e+04 9.544045802520304278e+03 2.820012729730588944e+03 7.851107187855214988e+02 2.393598676475588718e+02 3.810769719784972409e+01 -3.025478609533424734e+00
1.465010330689664697e+05 9.675222947216023749e+04 5.848934855488457833e+04 3.849743884252875432e+04 3.887024917950121744e+04 1.132860955648983509e+04 4.934110515814440078e+03 1.499406022495359593e+03 5.404371459974623804e+02 2.834106793401709012e+01 3.924102619092488453e+01 2.613127247521533647e+01
7.525705885011456849e+04 4.925224667491316359e+04 3.258351051045305940e+04 2.215962297938499978e+04 1.132860955648983509e+04 1.345536611762432585e+04 2.382049701096454555e+03 6.982639925551947044e+02 2.903675154430399061e+02 6.814483706787078177e+01 7.950949942746947663e+00 -1.699993489608413233e+00
3.417132403751516540e+04 2.072999904258869356e+04 1.258659493491474132e+04 9.544045802520304278e+03 4.934110515814440078e+03 2.382049701096454555e+03 4.607033337035182740e+03 4.001082716441796947e+02 1.408308332152510616e+02 6.831346387307469570e+00 2.974498412613232645e+01 1.549013675652265665e+00
8.615347398333131423e+03 6.496367278005061962e+03 3.531547259699430015e+03 2.820012729730588944e+03 1.499406022495359593e+03 6.982639925551947044e+02 4.001082716441796947e+02 9.190553038629732328e+02 5.502724024494439448e+01 4.062729539179053440e+00 2.901949670842914886e-01 2.439206344951186267e+00
2.605527276626484309e+03 2.151489799747948382e+03 1.317736129993337272e+03 7.851107187855214988e+02 5.404371459974623804e+02 2.903675154430399061e+02 1.408308332152510616e+02 5.502724024494439448e+01 2.237481627291562063e+02 2.823518598657319689e-01 7.372520785383023245e-01 5.803899341684507496e-01
6.044565086683991240e+02 3.366653773537842653e+02 2.637558526506794010e+02 2.393598676475588718e+02 2.834106793401709012e+01 6.814483706787078177e+01 6.831346387307469570e+00 4.062729539179053440e+00 2.823518598657319689e-01 4.071356957119495945e+01 -2.470578773825161112e-01 -8.235262579417196305e-02
1.545386238563879147e+02 8.198792130850981152e+01 6.222329111790908485e+01 3.810769719784972409e+01 3.924102619092488453e+01 7.950949942746947663e+00 2.974498412613232645e+01 2.901949670842914886e-01 7.372520785383023245e-01 -2.470578773825161112e-01 2.994106180659540151e+00 -5.882330413869429897e-03
2.808812772623214471e+01 8.254870347463199920e+00 7.690166627731750637e+00 -3.025478609533424734e+00 2.613127247521533647e+01 -1.699993489608413233e+00 1.549013675652265665e+00 2.439206344951186267e+00 5.803899341684507496e-01 -8.235262579417196305e-02 -5.882330413869429897e-03 1.001956947162428113e+00
