1.407069986745161237e+06 7.948536242137915688e+05 5.173742695663358900e+05 3.226296576888521668e+05 1.948642422818513005e+05 1.048018413356725359e+05 5.013811917159665609e+04 1.744122048083816117e+04 6.288075806830715010e+03 1.088700305564831069e+03 3.840700834696311858e+02 5.395017186272372811e+01
7.948536242137915688e+05 6.890853662955658510e+05 3.600115441319847596e+05 2.157448391956260893e+05 1.347564745547232742e+05 7.144895433865113591e+04 3.385778208646559506e+04 1.208753458526560644e+04 4.369359137957714665e+03 6.325384412811368975e+02 1.890164999902882244e+02 1.774082087056953583e+01
5.173742695663358900e+05 3.600115441319847596e+05 3.151582327828060370e+05 1.450385527489308151e+05 8.741652666124547250e+04 4.617643196715659724e+04 2.355607371722306561e+04 7.938774097922675537e+03 2.711652031619095396e+03 4.104741924515566893e+02 1.314989128562390874e+02 6.402687191356474017e+00
3.226296576888521668e+05 2.157448391956260893e+05 1.450385527489308151e+05 1.383888758694196295e+05 5.478192552180812345e+04 3.076948607390627149e+04 1.536038691792838472e+04 4.993735760070921970e+03 1.916239302353245193e+03 3.377934043619281397e+02 1.249178501760730313e+02 5.871214882112552047e+00
1.948642422818513005e+05 1.347564745547232742e+05 8.741652666124547250e+04 5.478192552180812345e+04 5.625781082575685286e+04 1.814115214084194668e+04 9.749078491169548215e+03 2.674406684212151504e+03 1.101465854742071315e+03 1.371630586568799401e+02 1.052467221069549055e+02 1.858639466404805773e+01
1.048018413356725359e+05 7.144895433865113591e+04 4.617643196715659724e+04 3.076948607390627149e+04 1.814115214084194668e+04 2.039363464313430813e+04 4.479566079208742849e+03 1.620175651511181059e+03 4.965689217742328196e+02 1.066765482591208354e+02 3.021012100613195273e+01 -1.165081825979391805e+00
5.013811917159665609e+04 3.385778208646559506e+04 2.355607371722306561e+04 1.536038691792838472e+04 9.749078491169548215e+03 4.479566079208742849e+03 7.286805914273479175e+03 9.718812102437964313e+02 3.685984681017250182e+02 2.802179696112328866e+00 4.553824054116572029e+01 1.737079538012229030e+00
1.744122048083816117e+04 1.208753458526560644e+04 7.938774097922675537e+03 4.993735760070921970e+03 2.674406684212151504e+03 1.620175651511181059e+03 9.718812102437964313e+02 1.771565957713864691e+03 7.118113062095888210e+01 3.930446611344364527e+01 8.405383178004457889e+00 2.400803478497838928e+00
6.288075806830715010e+03 4.369359137957714665e+03 2.711652031619095396e+03 1.916239302353245193e+03 1.101465854742071315e+03 4.965689217742328196e+02 3.685984681017250182e+02 7.118113062095888210e+01 4.892514756226629515e+02 -1.953703895411350810e+00 5.449204090370161069e+00 1.731673061494722055e-01
1.088700305564831069e+03 6.325384412811368975e+02 4.104741924515566893e+02 3.377934043619281397e+02 1.371630586568799401e+02 1.066765482591208354e+02 2.802179696112328866e+00 3.930446611344364527e+01 -1.953703895411350810e+00 7.126335859975542064e+01 2.943155858698827121e+00 -1.494553619805194244e-01
3.840700834696311858e+02 1.890164999902882244e+02 1.314989128562390874e+02 1.249178501760730313e+02 1.052467221069549055e+02 3.021012100613195273e+01 4.553824054116572029e+01 8.405383178004457889e+00 5.449204090370161069e+00 2.943155858698827121e+00 1.371067903362908957e+01 -2.751983730379762086e-02
5.395017186272372811e+01 1.774082087056953583e+01 6.402687191356474017e+00 5.871214882112552047e+00 1.858639466404805773e+01 -1.165081825979391805e+00 1.737079538012229030e+00 2.400803478497838928e+00 1.731673061494722055e-01 -1.494553619805194244e-01 -2.751983730379762086e-02 1.004049136890657445e+00
