1.651797314753690269e+06 9.302436200414410559e+05 6.179509431597193470e+05 3.487700404379691463e+05 1.891022359706556599e+05 1.039002452915722097e+05 4.973190868405491346e+04 1.543824226253442066e+04 4.915229592282579688e+03 1.676815110210717648e+03 6.811862520376153896e+01
9.302436200414410559e+05 7.360981950589303160e+05 3.976160662428521900e+05 2.290012143243458413e+05 1.249326419093711302e+05 6.825422756506783480e+04 2.917466036953141520e+04 1.040829774694344269e+04 3.673666600209314765e+03 7.916802077711030279e+02 6.916004737030458216e+01
6.179509431597193470e+05 3.976160662428521900e+05 3.303516279868313577e+05 1.494952980777705670e+05 8.600932039163546870e+04 4.525835634782068519e+04 2.071777768338325041e+04 6.776772453127261542e+03 2.293194723774061913e+03 7.463595540344895198e+02 2.771729809709895775e+01
3.487700404379691463e+05 2.290012143243458413e+05 1.494952980777705670e+05 1.225346430541267619e+05 5.092084542030047305e+04 2.737917498703969250e+04 1.192379629313036639e+04 4.210469703373419179e+03 1.333944811086425261e+03 4.893495817422245864e+02 2.464178051458175744e+01
1.891022359706556599e+05 1.249326419093711302e+05 8.600932039163546870e+04 5.092084542030047305e+04 4.698962090356594854e+04 1.533771573396158965e+04 6.714169162528008201e+03 2.724904679792962270e+03 7.573285583987089922e+02 2.432895519472032504e+02 1.335196098993847791e+01
1.039002452915722097e+05 6.825422756506783480e+04 4.525835634782068519e+04 2.737917498703969250e+04 1.533771573396158965e+04 1.554446817198050485e+04 4.202703780700344396e+03 1.241497231847875355e+03 3.338991664709391785e+02 1.067910173942407255e+02 7.557269200154687283e+00
4.973190868405491346e+04 2.917466036953141520e+04 2.071777768338325041e+04 1.192379629313036639e+04 6.714169162528008201e+03 4.202703780700344396e+03 5.123053847129442147e+03 5.219939678407564543e+02 1.418289439533716632e+02 7.533359769962405039e+01 2.299665194970238247e+00
1.543824226253442066e+04 1.040829774694344269e+04 6.776772453127261542e+03 4.210469703373419179e+03 2.724904679792962270e+03 1.241497231847875355e+03 5.219939678407564543e+02 1.161580895694175979e+03 1.014099917689941179e+02 2.399329030232032522e+01 3.254551936768195208e+00
4.915229592282579688e+03 3.673666600209314765e+03 2.293194723774061913e+03 1.333944811086425261e+03 7.573285583987089922e+02 3.338991664709391785e+02 1.418289439533716632e+02 1.014099917689941179e+02 2.965593587825892428e+02 4.030965188844145786e+00 2.035337320145628404e+00
1.676815110210717648e+03 7.916802077711030279e+02 7.463595540344895198e+02 4.893495817422245864e+02 2.432895519472032504e+02 1.067910173942407255e+02 7.533359769962405039e+01 2.399329030232032522e+01 4.030965188844145786e+00 5.029905094916032482e+01 -2.006507358602105107e-01
6.811862520376153896e+01 6.916004737030458216e+01 2.771729809709895775e+01 2.464178051458175744e+01 1.335196098993847791e+01 7.557269200154687283e+00 2.299665194970238247e+00 3.254551936768195208e+00 2.035337320145628404e+00 -2.006507358602105107e-01 2.005697388359372280e+00
