1.885972082997122779e+06 1.083484193334600190e+06 7.126282120226444677e+05 4.429597497966332012e+05 2.473320166660419491e+05 1.385770252562727837e+05 7.096700065355890547e+04 2.780426713089314944e+04 8.329474605582461663e+03 3.427526433360950250e+03 7.373747976235597434e+02 4.811810900566531757e+01
1.083484193334600190e+06 8.404533028594093630e+05 4.716037441384665435e+05 2.864945972331832745e+05 1.596858953161077516e+05 9.361784954128392565e+04 4.539533150740501151e+04 1.864829233299146290e+04 5.597431033357252090e+03 2.361026840151293527e+03 4.452225044806064602e+02 5.364719029963227825e+01
7.126282120226444677e+05 4.716037441384665435e+05 4.044446756495763548e+05 1.948081463877786009e+05 1.102720122050959471e+05 6.323611486754548969e+04 3.046962004343240187e+04 1.344172556157099825e+04 4.074054587485485627e+03 1.380365487837608043e+03 3.323095430238678318e+02 3.567659758182379903e+01
4.429597497966332012e+05 2.864945972331832745e+05 1.948081463877786009e+05 1.674505010966252012e+05 7.020708236226705776e+04 3.878168788712193782e+04 1.994707132636954702e+04 7.757270786766765013e+03 2.598859239894986786e+03 1.163830301690971964e+03 1.287712997357625966e+02 1.747972112725993199e+01
2.473320166660419491e+05 1.596858953161077516e+05 1.102720122050959471e+05 7.020708236226705776e+04 6.341776231021955027e+04 2.240050228242147932e+04 1.100262998101820995e+04 4.786442946276505609e+03 1.679021376987029271e+03 5.997012013848257084e+02 7.289091151538417535e+01 2.228373049314158294e+01
1.385770252562727837e+05 9.361784954128392565e+04 6.323611486754548969e+04 3.878168788712193782e+04 2.240050228242147932e+04 2.427057699044446053e+04 6.090097589923034320e+03 3.021346227244684542e+03 8.949832608590097607e+02 2.708173828508396923e+02 4.657134490455833742e+01 1.308991911804755404e+01
7.096700065355890547e+04 4.539533150740501151e+04 3.046962004343240187e+04 1.994707132636954702e+04 1.100262998101820995e+04 6.090097589923034320e+03 8.178599103709673727e+03 1.441794359292354102e+03 4.222909252020610893e+02 7.726605025789726255e+01 2.395450978106162054e+01 6.013550713031325934e-01
2.780426713089314944e+04 1.864829233299146290e+04 1.344172556157099825e+04 7.757270786766765013e+03 4.786442946276505609e+03 3.021346227244684542e+03 1.441794359292354102e+03 2.305413248818128977e+03 1.450510763747303713e+02 6.977094575118637465e+01 2.786058059306451540e+01 -1.309718923674837443e+00
8.329474605582461663e+03 5.597431033357252090e+03 4.074054587485485627e+03 2.598859239894986786e+03 1.679021376987029271e+03 8.949832608590097607e+02 4.222909252020610893e+02 1.450510763747303713e+02 5.306941219266584540e+02 2.232354667820306915e+01 1.045215545456517070e+01 7.674552721436196656e-02
3.427526433360950250e+03 2.361026840151293527e+03 1.380365487837608043e+03 1.163830301690971964e+03 5.997012013848257084e+02 2.708173828508396923e+02 7.726605025789726255e+01 6.977094575118637465e+01 2.232354667820306915e+01 1.328846341006764646e+02 1.794093824743340893e+00 7.709274464635980095e-01
7.373747976235597434e+02 4.452225044806064602e+02 3.323095430238678318e+02 1.287712997357625966e+02 7.289091151538417535e+01 4.657134490455833742e+01 2.395450978106162054e+01 2.786058059306451540e+01 1.045215545456517070e+01 1.794093824743340893e+00 1.748468243295914704e+01 -3.538408156526807319e-02
4.811810900566531757e+01 5.364719029963227825e+01 3.567659758182379903e+01 1.747972112725993199e+01 2.228373049314158294e+01 1.308991911804755404e+01 6.013550713031325934e-01 -1.309718923674837443e+00 7.674552721436196656e-02 7.709274464635980095e-01 -3.538408156526807319e-02 1.004230598676895791e+00
