2.084355351049701450e+06 1.197210129678959027e+06 7.905263694918177789e+05 5.375023668235416990e+05 3.128562048678355059e+05 1.903249988953871361e+05 9.428249408795779163e+04 4.753422258535115543e+04 1.555397268133438047e+04 5.043767704778731058e+03 1.351864983618114593e+03 2.544254589894740661e+02
1.197210129678959027e+06 9.518827713914742926e+05 5.212682618572487845e+05 3.530109734906707890e+05 2.025117443362264312e+05 1.205224740380122239e+05 6.049656304584355530e+04 3.121278930853814381e+04 1.103644793019036115e+04 3.644307857019801759e+03 9.374361277914891843e+02 1.530250985609504539e+02
7.905263694918177789e+05 5.212682618572487845e+05 4.608912069265291793e+05 2.380914543863669096e+05 1.330554461521368066e+05 8.424487951626529684e+04 4.181069459326468495e+04 2.110247815962908862e+04 7.649609689405690006e+03 2.739153453034489303e+03 5.218939613443113785e+02 1.741164615178104214e+02
5.375023668235416990e+05 3.530109734906707890e+05 2.380914543863669096e+05 2.196008077448732511e+05 9.103833149155674619e+04 5.933909818536289094e+04 2.796707921188839464e+04 1.552009108362459119e+04 5.386701068719598879e+03 1.821774939479531895e+03 3.182799625423239149e+02 6.085004288401336936e+01
3.128562048678355059e+05 2.025117443362264312e+05 1.330554461521368066e+05 9.103833149155674619e+04 8.174800639150185452e+04 3.251435258878612876e+04 1.606017498278632593e+04 8.329557957640980021e+03 3.034817357657569573e+03 1.069638666058183162e+03 2.078531699310062493e+02 4.387952147138000214e+01
1.903249988953871361e+05 1.205224740380122239e+05 8.424487951626529684e+04 5.933909818536289094e+04 3.251435258878612876e+04 3.601283400003609859e+04 9.489189668362063458e+03 5.748447162404171650e+03 2.218719645660632523e+03 7.566071495183331308e+02 6.830652496603443069e+01 4.194102223104114557e+01
9.428249408795779163e+04 6.049656304584355530e+04 4.181069459326468495e+04 2.796707921188839464e+04 1.606017498278632593e+04 9.489189668362063458e+03 1.136225527304249408e+04 2.728617712077909800e+03 7.543757316750217115e+02 2.500275530731009042e+02 4.439590329798019042e+01 1.282579495266316805e+01
4.753422258535115543e+04 3.121278930853814381e+04 2.110247815962908862e+04 1.552009108362459119e+04 8.329557957640980021e+03 5.748447162404171650e+03 2.728617712077909800e+03 4.044752051761857274e+03 5.505118780570790022e+02 1.790950185620587547e+02 4.040979997568355486e+01 8.911320470522730020e+00
1.555397268133438047e+04 1.103644793019036115e+04 7.649609689405690006e+03 5.386701068719598879e+03 3.034817357657569573e+03 2.218719645660632523e+03 7.543757316750217115e+02 5.505118780570790022e+02 1.132534767155377267e+03 5.690354057214997852e+01 8.582373606440247826e+00 2.042167994664887687e-01
5.043767704778731058e+03 3.644307857019801759e+03 2.739153453034489303e+03 1.821774939479531895e+03 1.069638666058183162e+03 7.566071495183331308e+02 2.500275530731009042e+02 1.790950185620587547e+02 5.690354057214997852e+01 2.478030376566823350e+02 3.981511319501715995e+00 4.240000445593244294e+00
1.351864983618114593e+03 9.374361277914891843e+02 5.218939613443113785e+02 3.182799625423239149e+02 2.078531699310062493e+02 6.830652496603443069e+01 4.439590329798019042e+01 4.040979997568355486e+01 8.582373606440247826e+00 3.981511319501715995e+00 4.526901083335076947e+01 -3.532562529360970816e-01
2.544254589894740661e+02 1.530250985609504539e+02 1.741164615178104214e+02 6.085004288401336936e+01 4.387952147138000214e+01 4.194102223104114557e+01 1.282579495266316805e+01 8.911320470522730020e+00 2.042167994664887687e-01 4.240000445593244294e+00 -3.532562529360970816e-01 3.987247582972690552e+00
