1.021372074491190724e+06 5.175019388825304923e+05 2.827465976202631136e+05 1.458477305704703904e+05 7.538378117691834632e+04 2.923597600309780682e+04 8.919489065655106970e+03 2.470718692985477446e+03 3.734982182715243084e+02
5.175019388825304923e+05 4.012444174522840767e+05 1.733249299890886759e+05 9.008465886379874428e+04 4.699170742189554585e+04 1.844718611014810085e+04 5.311547283624422562e+03 1.559154032017991085e+03 2.458125601710377452e+02
2.827465976202631136e+05 1.733249299890886759e+05 1.388612199131292000e+05 5.020585147488272924e+04 2.567335440274572102e+04 9.807119135874945641e+03 3.219591957595377608e+03 9.395797326203514785e+02 1.039972111104936516e+02
1.458477305704703904e+05 9.008465886379874428e+04 5.020585147488272924e+04 4.455625620999196690e+04 1.297492542068092371e+04 4.932318388490615689e+03 1.314676423750625872e+03 4.142967235211999082e+02 2.447865428418235467e+01
7.538378117691834632e+04 4.699170742189554585e+04 2.567335440274572102e+04 1.297492542068092371e+04 1.493338298719509112e+04 2.954925024549874252e+03 9.387933558906387361e+02 2.314513542509857018e+02 3.343145821361380143e+01
2.923597600309780682e+04 1.844718611014810085e+04 9.807119135874945641e+03 4.932318388490615689e+03 2.954925024549874252e+03 3.682792072498483776e+03 3.342139732801678633e+02 1.067400341544147722e+02 2.570666660556135130e-01
8.919489065655106970e+03 5.311547283624422562e+03 3.219591957595377608e+03 1.314676423750625872e+03 9.387933558906387361e+02 3.342139732801678633e+02 8.079564606750433313e+02 6.488781325615575213e+01 1.054774581478939055e+01
2.470718692985477446e+03 1.559154032017991085e+03 9.395797326203514785e+02 4.142967235211999082e+02 2.314513542509857018e+02 1.067400341544147722e+02 6.488781325615575213e+01 1.580103374185140694e+02 1.053201214488572068e+00
3.734982182715243084e+02 2.458125601710377452e+02 1.039972111104936516e+02 2.447865428418235467e+01 3.343145821361380143e+01 2.570666660556135130e-01 1.054774581478939055e+01 1.053201214488572068e+00 2.490057439115450322e+01
