1.868377047973792069e+06 1.073394725435747998e+06 7.062644464641992236e+05 4.392418005366221187e+05 2.453965795709151716e+05 1.375677054593005450e+05 7.048457022209640127e+04 2.762650179069629303e+04 8.279155994627608379e+03 3.407764756781370124e+03 7.332850995470616908e+02 4.785841615786723224e+01
1.073394725435747998e+06 8.326415489454977214e+05 4.674005191155935172e+05 2.840949066086500534e+05 1.584390892553884478e+05 9.293761715853339410e+04 4.508752649867421860e+04 1.852939012842220473e+04 5.563714312961006726e+03 2.347455302720769396e+03 4.427609307622254846e+02 5.335859244200511142e+01
7.062644464641992236e+05 4.674005191155935172e+05 4.009946000948213623e+05 1.932509248501425609e+05 1.094532180940495455e+05 6.280084798306153243e+04 3.027469057026571681e+04 1.336117144448324507e+04 4.051075804775689448e+03 1.372960225073762558e+03 3.305996979490323042e+02 3.549835832839392680e+01
4.392418005366221187e+05 2.840949066086500534e+05 1.932509248501425609e+05 1.662018997555311071e+05 6.972350738733382605e+04 3.853559777438408491e+04 1.983019022068033519e+04 7.714957348942515637e+03 2.585600059352422250e+03 1.158213409814560919e+03 1.281780863910010453e+02 1.740180925527539557e+01
2.453965795709151716e+05 1.584390892553884478e+05 1.094532180940495455e+05 6.972350738733382605e+04 6.301703756615293241e+04 2.227111284718486786e+04 1.094442667562257338e+04 4.763061978371219993e+03 1.671412267373383656e+03 5.971488715154362126e+02 7.259669573962924005e+01 2.219711695001461038e+01
1.375677054593005450e+05 9.293761715853339410e+04 6.280084798306153243e+04 3.853559777438408491e+04 2.227111284718486786e+04 2.414356266516281539e+04 6.061189368871754596e+03 3.008229282650003825e+03 8.914138248285577220e+02 2.698120406329977072e+02 4.640869383853171826e+01 1.304616084852934144e+01
7.048457022209640127e+04 4.508752649867421860e+04 3.027469057026571681e+04 1.983019022068033519e+04 1.094442667562257338e+04 6.061189368871754596e+03 8.143758148301054462e+03 1.436236988269085714e+03 4.208124183182201818e+02 7.701686706823767281e+01 2.388252271291032258e+01 5.996379207707409620e-01
2.762650179069629303e+04 1.852939012842220473e+04 1.336117144448324507e+04 7.714957348942515637e+03 4.763061978371219993e+03 3.008229282650003825e+03 1.436236988269085714e+03 2.297462375040904135e+03 1.446020975393833510e+02 6.957425809686250773e+01 2.778816778125991505e+01 -1.306510945358757780e+00
8.279155994627608379e+03 5.563714312961006726e+03 4.051075804775689448e+03 2.585600059352422250e+03 1.671412267373383656e+03 8.914138248285577220e+02 4.208124183182201818e+02 1.446020975393833510e+02 5.292391067798519089e+02 2.226851119797520795e+01 1.042868678094036028e+01 7.658470387178453742e-02
3.407764756781370124e+03 2.347455302720769396e+03 1.372960225073762558e+03 1.158213409814560919e+03 5.971488715154362126e+02 2.698120406329977072e+02 7.701686706823767281e+01 6.957425809686250773e+01 2.226851119797520795e+01 1.325937611052325167e+02 1.790561540866691059e+00 7.695251325969071354e-01
7.332850995470616908e+02 4.427609307622254846e+02 3.305996979490323042e+02 1.281780863910010453e+02 7.259669573962924005e+01 4.640869383853171826e+01 2.388252271291032258e+01 2.778816778125991505e+01 1.042868678094036028e+01 1.790561540866691059e+00 1.745410665443226961e+01 -3.532750805458712701e-02
4.785841615786723224e+01 5.335859244200511142e+01 3.549835832839392680e+01 1.740180925527539557e+01 2.219711695001461038e+01 1.304616084852934144e+01 5.996379207707409620e-01 -1.306510945358757780e+00 7.658470387178453742e-02 7.695251325969071354e-01 -3.532750805458712701e-02 1.002775527817376888e+00
