2.251463822080332320e+06 1.333825141985920491e+06 9.135188987387235975e+05 6.213539876736083534e+05 4.030064245439034421e+05 2.421384476501391619e+05 1.480264867333096627e+05 7.315830563984521723e+04 3.924023596277025354e+04 1.006802636986477228e+04 4.136418965973580271e+03 4.617451443306450187e+02 4.077893566953044058e+01
1.333825141985920491e+06 1.141818673319168622e+06 6.422987611713435035e+05 4.296310570246287389e+05 2.875909140276800026e+05 1.707991183189092262e+05 1.034837465803053346e+05 5.004257508997513651e+04 2.718168509331831592e+04 8.280133285035673907e+03 3.824078232017871414e+03 4.992077923095170604e+02 1.074807053494479305e+02
9.135188987387235975e+05 6.422987611713435035e+05 5.859861117780869827e+05 3.033658219138243003e+05 1.898178046574064065e+05 1.228698121888812602e+05 7.291328601314217667e+04 3.774625085818157095e+04 1.822617712346108601e+04 5.583598196148695024e+03 2.277521922231916051e+03 2.524215731015860911e+02 5.488070546263023175e+01
6.213539876736083534e+05 4.296310570246287389e+05 3.033658219138243003e+05 2.703892289275159128e+05 1.339003872725205438e+05 8.224740501931912149e+04 5.012151950940803363e+04 2.509673456077716037e+04 1.336418551814066996e+04 4.381617379739368516e+03 1.699038400189998811e+03 2.200311520283751179e+02 2.265752791361114404e+01
4.030064245439034421e+05 2.875909140276800026e+05 1.898178046574064065e+05 1.339003872725205438e+05 1.242100751985486422e+05 5.258188796830972569e+04 3.189326226655366190e+04 1.665172472793183988e+04 8.974548193109980275e+03 2.611419623804930325e+03 1.003449760506365351e+03 1.600647864826909483e+02 1.733627084155537901e+01
2.421384476501391619e+05 1.707991183189092262e+05 1.228698121888812602e+05 8.224740501931912149e+04 5.258188796830972569e+04 5.266894026965316152e+04 2.044340735194673107e+04 9.572126554558246426e+03 5.237334989296286949e+03 1.698049767242135204e+03 6.436075826569948504e+02 1.102495665470966344e+02 1.342236631461958751e+01
1.480264867333096627e+05 1.034837465803053346e+05 7.291328601314217667e+04 5.012151950940803363e+04 3.189326226655366190e+04 2.044340735194673107e+04 2.587154683163353184e+04 5.851108803906566209e+03 3.330620104556149272e+03 1.070914493272553045e+03 2.755116398099806361e+02 6.651176820475323836e+01 3.133951640623735457e+01
7.315830563984521723e+04 5.004257508997513651e+04 3.774625085818157095e+04 2.509673456077716037e+04 1.665172472793183988e+04 9.572126554558246426e+03 5.851108803906566209e+03 7.861178214569653392e+03 1.755474782823724581e+03 3.863924966934323493e+02 1.446798812671239034e+02 4.559502795052070923e+01 1.527910213872323908e+01
3.924023596277025354e+04 2.718168509331831592e+04 1.822617712346108601e+04 1.336418551814066996e+04 8.974548193109980275e+03 5.237334989296286949e+03 3.330620104556149272e+03 1.755474782823724581e+03 2.946984668957853501e+03 3.000252441092084723e+02 1.099803536737870360e+02 4.005985816464483484e+00 -1.050416618419070636e+00
1.006802636986477228e+04 8.280133285035673907e+03 5.583598196148695024e+03 4.381617379739368516e+03 2.611419623804930325e+03 1.698049767242135204e+03 1.070914493272553045e+03 3.863924966934323493e+02 3.000252441092084723e+02 7.323154440813977999e+02 3.839234616725116922e+01 1.007571408605959995e+01 8.531887828692454878e-01
4.136418965973580271e+03 3.824078232017871414e+03 2.277521922231916051e+03 1.699038400189998811e+03 1.003449760506365351e+03 6.436075826569948504e+02 2.755116398099806361e+02 1.446798812671239034e+02 1.099803536737870360e+02 3.839234616725116922e+01 1.658906662772837421e+02 1.544856294258412976e+00 -4.381866046132307790e-01
4.617451443306450187e+02 4.992077923095170604e+02 2.524215731015860911e+02 2.200311520283751179e+02 1.600647864826909483e+02 1.102495665470966344e+02 6.651176820475323836e+01 4.559502795052070923e+01 4.005985816464483484e+00 1.007571408605959995e+01 1.544856294258412976e+00 2.683945018981501462e+01 7.503691523657527451e-01
4.077893566953044058e+01 1.074807053494479305e+02 5.488070546263023175e+01 2.265752791361114404e+01 1.733627084155537901e+01 1.342236631461958751e+01 3.133951640623735457e+01 1.527910213872323908e+01 -1.050416618419070636e+00 8.531887828692454878e-01 -4.381866046132307790e-01 7.503691523657527451e-01 4.978267923416993312e+00
