1.470587637251081876e+06 7.982095010387243237e+05 5.031709033535215422e+05 2.734991662389360135e+05 1.482498258372418932e+05 7.130666491777614283e+04 2.944920985372868381e+04 1.099856238323947582e+04 1.378651700271802838e+03 6.301028926199516036e+02 4.676394779862066287e+01
7.982095010387243237e+05 6.357358698738077655e+05 3.123612438846207806e+05 1.719242585897802492e+05 9.284506787582910329e+04 4.649690084617888351e+04 1.811455693180804519e+04 7.085252837463262949e+03 8.256298114728245992e+02 3.189034835051986647e+02 6.717298582281225094e+01
5.031709033535215422e+05 3.123612438846207806e+05 2.662212320383104379e+05 1.114019453830662096e+05 6.156986895638074202e+04 2.937183495557346760e+04 1.180418197876719751e+04 4.286253123120397504e+03 7.099537290171764425e+02 2.268727167376252964e+02 1.376005071212436803e+01
2.734991662389360135e+05 1.719242585897802492e+05 1.114019453830662096e+05 9.157774749896652065e+04 3.317805103154382232e+04 1.665905218580273140e+04 6.978281662434855207e+03 2.557568188421685591e+03 4.234979407623151815e+02 1.318978483937224837e+02 2.078745730664064340e+01
1.482498258372418932e+05 9.284506787582910329e+04 6.156986895638074202e+04 3.317805103154382232e+04 3.324259443426488724e+04 8.584838649696921493e+03 4.413156375182709780e+03 1.442642063473712369e+03 1.584227067039288670e+02 8.657479378273841064e+01 8.250174633887350950e+00
7.130666491777614283e+04 4.649690084617888351e+04 2.937183495557346760e+04 1.665905218580273140e+04 8.584838649696921493e+03 1.007044966837199536e+04 1.692828879396474122e+03 5.142501923760476075e+02 1.446244961254148222e+02 2.929511635336143272e+01 7.790957691612129921e+00
2.944920985372868381e+04 1.811455693180804519e+04 1.180418197876719751e+04 6.978281662434855207e+03 4.413156375182709780e+03 1.692828879396474122e+03 2.989958311079051782e+03 2.720402979807903421e+02 4.666676788798246633e+01 1.592609800400449238e+01 -2.984317896595759745e+00
1.099856238323947582e+04 7.085252837463262949e+03 4.286253123120397504e+03 2.557568188421685591e+03 1.442642063473712369e+03 5.142501923760476075e+02 2.720402979807903421e+02 6.857391916858574632e+02 1.672722357265660165e+01 7.675173639547711701e+00 9.260069346158228409e-01
1.378651700271802838e+03 8.256298114728245992e+02 7.099537290171764425e+02 4.234979407623151815e+02 1.584227067039288670e+02 1.446244961254148222e+02 4.666676788798246633e+01 1.672722357265660165e+01 1.141689505111659315e+02 -8.251401574154045848e-01 -2.263787511342306991e-01
6.301028926199516036e+02 3.189034835051986647e+02 2.268727167376252964e+02 1.318978483937224837e+02 8.657479378273841064e+01 2.929511635336143272e+01 1.592609800400449238e+01 7.675173639547711701e+00 -8.251401574154045848e-01 1.857831642852034548e+01 -3.344671038031887811e-02
4.676394779862066287e+01 6.717298582281225094e+01 1.376005071212436803e+01 2.078745730664064340e+01 8.250174633887350950e+00 7.790957691612129921e+00 -2.984317896595759745e+00 9.260069346158228409e-01 -2.263787511342306991e-01 -3.344671038031887811e-02 1.004961691531860879e+00
