1.011847927293303073e+06 5.126828100619625184e+05 2.802205676823321264e+05 1.446224262032422121e+05 7.479311229411989916e+04 2.902270972760764562e+04 8.858654568594203738e+03 2.454883104206418011e+03 3.712360993383662162e+02
5.126828100619625184e+05 3.975129539818066987e+05 1.717786409051339433e+05 8.932896734201700019e+04 4.662409566439716582e+04 1.831285255610936292e+04 5.275387303161820455e+03 1.549180586264293197e+03 2.443268773127097404e+02
2.802205676823321264e+05 1.717786409051339433e+05 1.376749575609068270e+05 4.980370572236084263e+04 2.548224330816183283e+04 9.739421615662469776e+03 3.198894946224171235e+03 9.339260946194012831e+02 1.034081368850905136e+02
1.446224262032422121e+05 8.932896734201700019e+04 4.980370572236084263e+04 4.422311805509265832e+04 1.288526215017344657e+04 4.900903656523151767e+03 1.306927104763404031e+03 4.120251393538698608e+02 2.435308056914857744e+01
7.479311229411989916e+04 4.662409566439716582e+04 2.548224330816183283e+04 1.288526215017344657e+04 1.483864731190285966e+04 2.937779856476550322e+03 9.337921493065557570e+02 2.303136421550467787e+02 3.327893409573120920e+01
2.902270972760764562e+04 1.831285255610936292e+04 9.739421615662469776e+03 4.900903656523151767e+03 2.937779856476550322e+03 3.663419525151135986e+03 3.326147374892765924e+02 1.062732465108782520e+02 2.560333426441872007e-01
8.858654568594203738e+03 5.275387303161820455e+03 3.198894946224171235e+03 1.306927104763404031e+03 9.337921493065557570e+02 3.326147374892765924e+02 8.044744785153369548e+02 6.463491430767500390e+01 1.051036612488754507e+01
2.454883104206418011e+03 1.549180586264293197e+03 9.339260946194012831e+02 4.120251393538698608e+02 2.303136421550467787e+02 1.062732465108782520e+02 6.463491430767500390e+01 1.574596440347238513e+02 1.049903217432976765e+00
3.712360993383662162e+02 2.443268773127097404e+02 1.034081368850905136e+02 2.435308056914857744e+01 3.327893409573120920e+01 2.560333426441872007e-01 1.051036612488754507e+01 1.049903217432976765e+00 2.483141288308632610e+01
