2.230458959304044023e+06 1.321406176175337750e+06 9.053640040773489745e+05 6.161407852944291662e+05 3.998555723298647790e+05 2.403769288897282095e+05 1.470210585689585714e+05 7.269191551844876085e+04 3.900366225747637509e+04 1.001015542290358826e+04 4.113600587980295131e+03 4.592791943319385268e+02 4.056709829164563530e+01
1.321406176175337750e+06 1.131208717549549183e+06 6.365769964548762655e+05 4.260344368665929069e+05 2.853477900719750905e+05 1.695597712856838480e+05 1.027827957693374919e+05 4.972448494399922492e+04 2.701831886339729317e+04 8.232693993001063063e+03 3.803054404070556757e+03 4.965511132025578718e+02 1.069243785713186412e+02
9.053640040773489745e+05 6.365769964548762655e+05 5.809910386328017339e+05 3.009427891260257456e+05 1.884102617203327536e+05 1.220255141752869094e+05 7.244746744096532348e+04 3.752085445532558515e+04 1.812365501627182675e+04 5.553759357408996948e+03 2.265878351025967731e+03 2.511755299810081681e+02 5.461779545234023914e+01
6.161407852944291662e+05 4.260344368665929069e+05 3.009427891260257456e+05 2.683748776016768534e+05 1.329794769505149743e+05 8.172648808786543668e+04 4.982828578962665051e+04 2.496038593539903377e+04 1.329621033888390775e+04 4.360562654115544319e+03 1.691267873549851629e+03 2.190635955940851147e+02 2.256119949271101177e+01
3.998555723298647790e+05 2.853477900719750905e+05 1.884102617203327536e+05 1.329794769505149743e+05 1.234269300958799431e+05 5.227898213437569939e+04 3.172495226439337785e+04 1.657080538880277891e+04 8.934048181852798734e+03 2.600369472908525950e+03 9.994363793729228291e+02 1.594528014831874145e+02 1.727251826088597753e+01
2.403769288897282095e+05 1.695597712856838480e+05 1.220255141752869094e+05 8.172648808786543668e+04 5.227898213437569939e+04 5.239421926590101066e+04 2.034666153840238621e+04 9.530828857823638828e+03 5.216556248070471156e+03 1.691790786703130152e+03 6.413845842201983487e+02 1.098882077583944152e+02 1.338033261959422759e+01
1.470210585689585714e+05 1.027827957693374919e+05 7.244746744096532348e+04 4.982828578962665051e+04 3.172495226439337785e+04 2.034666153840238621e+04 2.576163122978423416e+04 5.828697257345678736e+03 3.319018904440290953e+03 1.067485838655945145e+03 2.746935121895190832e+02 6.632599570804919153e+01 3.125656138543882534e+01
7.269191551844876085e+04 4.972448494399922492e+04 3.752085445532558515e+04 2.496038593539903377e+04 1.657080538880277891e+04 9.530828857823638828e+03 5.828697257345678736e+03 7.834356451368738817e+03 1.750094834599785827e+03 3.853171784449147026e+02 1.443108401809442114e+02 4.548677347730421872e+01 1.524505876582211528e+01
3.900366225747637509e+04 2.701831886339729317e+04 1.812365501627182675e+04 1.329621033888390775e+04 8.934048181852798734e+03 5.216556248070471156e+03 3.319018904440290953e+03 1.750094834599785827e+03 2.938976858964637358e+03 2.992945351893205270e+02 1.097380467148675365e+02 3.997867122284514796e+00 -1.048441383801685500e+00
1.001015542290358826e+04 8.232693993001063063e+03 5.553759357408996948e+03 4.360562654115544319e+03 2.600369472908525950e+03 1.691790786703130152e+03 1.067485838655945145e+03 3.853171784449147026e+02 2.992945351893205270e+02 7.307383193140515232e+02 3.831858522178838911e+01 1.005813551417086771e+01 8.518250498657090608e-01
4.113600587980295131e+03 3.803054404070556757e+03 2.265878351025967731e+03 1.691267873549851629e+03 9.994363793729228291e+02 6.413845842201983487e+02 2.746935121895190832e+02 1.443108401809442114e+02 1.097380467148675365e+02 3.831858522178838911e+01 1.656105078459756612e+02 1.542520194334746853e+00 -4.375880885946691334e-01
4.592791943319385268e+02 4.965511132025578718e+02 2.511755299810081681e+02 2.190635955940851147e+02 1.594528014831874145e+02 1.098882077583944152e+02 6.632599570804919153e+01 4.548677347730421872e+01 3.997867122284514796e+00 1.005813551417086771e+01 1.542520194334746853e+00 2.680360573058333529e+01 7.494768121686031792e-01
4.056709829164563530e+01 1.069243785713186412e+02 5.461779545234023914e+01 2.256119949271101177e+01 1.727251826088597753e+01 1.338033261959422759e+01 3.125656138543882534e+01 1.524505876582211528e+01 -1.048441383801685500e+00 8.518250498657090608e-01 -4.375880885946691334e-01 7.494768121686031792e-01 4.973076247854038456e+00
