1.456874619757872541e+06 7.907773439700377639e+05 4.986779620372777572e+05 2.712026619750797399e+05 1.470896612063955399e+05 7.078713146164659702e+04 2.924868341858229905e+04 1.092824984784716253e+04 1.370338496676460636e+03 6.264582627033867084e+02 4.650275466472560026e+01
7.907773439700377639e+05 6.298252966238448862e+05 3.095764092667953228e+05 1.704830317203984014e+05 9.211977156004430435e+04 4.615877284327214147e+04 1.799146173300358350e+04 7.040055845448910986e+03 8.206627515671760875e+02 3.170633106924138360e+02 6.679873285859328291e+01
4.986779620372777572e+05 3.095764092667953228e+05 2.639494341169119580e+05 1.105106430120905134e+05 6.111243309281724942e+04 2.916947804216338773e+04 1.172848619207672891e+04 4.260552266326144490e+03 7.059545343776848085e+02 2.256505153822770069e+02 1.368866001087854123e+01
2.712026619750797399e+05 1.704830317203984014e+05 1.105106430120905134e+05 9.089386540804455581e+04 3.294924753903954843e+04 1.655316911890195843e+04 6.937257964844174239e+03 2.543598668608358821e+03 4.213386263869111872e+02 1.312577797982462471e+02 2.069071780134731497e+01
1.470896612063955399e+05 9.211977156004430435e+04 6.111243309281724942e+04 3.294924753903954843e+04 3.303235642154906236e+04 8.535186498220498834e+03 4.389738810015017407e+03 1.435588507450671386e+03 1.577057091933107245e+02 8.620427886687906494e+01 8.216509149602297057e+00
7.078713146164659702e+04 4.615877284327214147e+04 2.916947804216338773e+04 1.655316911890195843e+04 8.535186498220498834e+03 1.001765277609411351e+04 1.684762381029128846e+03 5.120142853851863265e+02 1.440482805887702966e+02 2.918561289474619613e+01 7.763387801801279409e+00
2.924868341858229905e+04 1.799146173300358350e+04 1.172848619207672891e+04 6.937257964844174239e+03 4.389738810015017407e+03 1.684762381029128846e+03 2.977139714494399414e+03 2.709875528873275243e+02 4.650315609968581043e+01 1.587418584663547350e+01 -2.975185194975438208e+00
1.092824984784716253e+04 7.040055845448910986e+03 4.260552266326144490e+03 2.543598668608358821e+03 1.435588507450671386e+03 5.120142853851863265e+02 2.709875528873275243e+02 6.833718586502905055e+02 1.667556607566068649e+01 7.653362854638033674e+00 9.235601338128974769e-01
1.370338496676460636e+03 8.206627515671760875e+02 7.059545343776848085e+02 4.213386263869111872e+02 1.577057091933107245e+02 1.440482805887702966e+02 4.650315609968581043e+01 1.667556607566068649e+01 1.138579440420315620e+02 -8.230958706062403429e-01 -2.258630577195953892e-01
6.264582627033867084e+02 3.170633106924138360e+02 2.256505153822770069e+02 1.312577797982462471e+02 8.620427886687906494e+01 2.918561289474619613e+01 1.587418584663547350e+01 7.653362854638033674e+00 -8.230958706062403429e-01 1.853687091174954915e+01 -3.337876960858897346e-02
4.650275466472560026e+01 6.679873285859328291e+01 1.368866001087854123e+01 2.069071780134731497e+01 8.216509149602297057e+00 7.763387801801279409e+00 -2.975185194975438208e+00 9.235601338128974769e-01 -2.258630577195953892e-01 -3.337876960858897346e-02 1.003120869180915475e+00
