1.636386995658007683e+06 9.215811372841852717e+05 6.124316892382422229e+05 3.458418833722276031e+05 1.876224619923307619e+05 1.031431646069198032e+05 4.939349234718263324e+04 1.533956150370903742e+04 4.885531337696810624e+03 1.667171753290029301e+03 6.774053934977366964e+01
9.215811372841852717e+05 7.292563896466471488e+05 3.940716502785722259e+05 2.270825771720640769e+05 1.239571845917042956e+05 6.775807334721922234e+04 2.897664022209878385e+04 1.034194952927430859e+04 3.651533990985099990e+03 7.871410566554501429e+02 6.877738686862933548e+01
6.124316892382422229e+05 3.940716502785722259e+05 3.275325735633919248e+05 1.482997232693972473e+05 8.537054890671008616e+04 4.494662103021906660e+04 2.058506136855135628e+04 6.736159903823275272e+03 2.280254491261317526e+03 7.423652807435147452e+02 2.757452625814393699e+01
3.458418833722276031e+05 2.270825771720640769e+05 1.482997232693972473e+05 1.216204085753894033e+05 5.056999656092660007e+04 2.720529182979291727e+04 1.185381940465781554e+04 4.187499731285257440e+03 1.327134712829431692e+03 4.869939189219541049e+02 2.452810592497185027e+01
1.876224619923307619e+05 1.239571845917042956e+05 8.537054890671008616e+04 5.056999656092660007e+04 4.669270245163037180e+04 1.524907380569370071e+04 6.678605458452278071e+03 2.711598036769096325e+03 7.538956397038086834e+02 2.422576644245456521e+02 1.329801239513187383e+01
1.031431646069198032e+05 6.775807334721922234e+04 4.494662103021906660e+04 2.720529182979291727e+04 1.524907380569370071e+04 1.546302161078990866e+04 4.182712387673774174e+03 1.236105288285513552e+03 3.325660752141965304e+02 1.063958048519070019e+02 7.530820291199181504e+00
4.939349234718263324e+04 2.897664022209878385e+04 2.058506136855135628e+04 1.185381940465781554e+04 6.678605458452278071e+03 4.182712387673774174e+03 5.101159107234682779e+03 5.199791385842934233e+02 1.413312520648784414e+02 7.509122957205224225e+01 2.292729034338378380e+00
1.533956150370903742e+04 1.034194952927430859e+04 6.736159903823275272e+03 4.187499731285257440e+03 2.711598036769096325e+03 1.236105288285513552e+03 5.199791385842934233e+02 1.157578317678594203e+03 1.010961394840839205e+02 2.392603881149818790e+01 3.246084432942054399e+00
4.885531337696810624e+03 3.651533990985099990e+03 2.280254491261317526e+03 1.327134712829431692e+03 7.538956397038086834e+02 3.325660752141965304e+02 1.413312520648784414e+02 1.010961394840839205e+02 2.957456459673888958e+02 4.021082126010504965e+00 2.030756737334935114e+00
1.667171753290029301e+03 7.871410566554501429e+02 7.423652807435147452e+02 4.869939189219541049e+02 2.422576644245456521e+02 1.063958048519070019e+02 7.509122957205224225e+01 2.392603881149818790e+01 4.021082126010504965e+00 5.019042304578267988e+01 -2.002577966758163353e-01
6.774053934977366964e+01 6.877738686862933548e+01 2.757452625814393699e+01 2.452810592497185027e+01 1.329801239513187383e+01 7.530820291199181504e+00 2.292729034338378380e+00 3.246084432942054399e+00 2.030756737334935114e+00 -2.002577966758163353e-01 2.002173445243665473e+00
