1.149771720298264408e+06 6.239410654217875563e+05 3.740755634973705746e+05 1.874055019090972492e+05 1.061264837680706114e+05 4.181177713014189794e+04 1.628316901359857729e+04 5.089911879933243654e+03 8.000714458048021243e+02 7.877028657214475516e+01
6.239410654217875563e+05 4.855919207417299622e+05 2.344472119515417144e+05 1.220861677460006322e+05 6.596930814450593607e+04 2.773338398673351912e+04 1.133899971277682744e+04 3.433880967061320916e+03 6.393151987009950972e+02 1.276465699809777021e+01
3.740755634973705746e+05 2.344472119515417144e+05 1.933876515485048294e+05 7.236775422888736648e+04 4.053184477694446105e+04 1.639353721837684134e+04 6.673543070070758404e+03 2.150195687056940187e+03 3.917318331348189986e+02 1.721562034459071810e+01
1.874055019090972492e+05 1.220861677460006322e+05 7.236775422888736648e+04 6.107757001544597006e+04 2.035203186262660893e+04 7.989992930481186704e+03 3.477069036960189351e+03 1.052756752616731774e+03 1.423210235867914548e+02 2.998419889630079282e+01
1.061264837680706114e+05 6.596930814450593607e+04 4.053184477694446105e+04 2.035203186262660893e+04 2.213869953010639438e+04 5.465735930852279125e+03 1.977466936784262089e+03 7.424716663922790758e+02 1.062976321322399116e+02 4.701942777487750469e+00
4.181177713014189794e+04 2.773338398673351912e+04 1.639353721837684134e+04 7.989992930481186704e+03 5.465735930852279125e+03 5.888855879074948461e+03 8.593535717157697036e+02 2.693166156685960004e+02 3.899592909034360133e+01 1.082348796151926695e+00
1.628316901359857729e+04 1.133899971277682744e+04 6.673543070070758404e+03 3.477069036960189351e+03 1.977466936784262089e+03 8.593535717157697036e+02 1.445641522512552456e+03 1.278740200903051374e+02 2.233716935826645056e+01 -4.141160611364032462e+00
5.089911879933243654e+03 3.433880967061320916e+03 2.150195687056940187e+03 1.052756752616731774e+03 7.424716663922790758e+02 2.693166156685960004e+02 1.278740200903051374e+02 3.162007498439547817e+02 5.415665534369212608e+00 -6.372524615025346728e-01
8.000714458048021243e+02 6.393151987009950972e+02 3.917318331348189986e+02 1.423210235867914548e+02 1.062976321322399116e+02 3.899592909034360133e+01 2.233716935826645056e+01 5.415665534369212608e+00 5.966251661107302340e+01 -3.411751640044269340e-01
7.877028657214475516e+01 1.276465699809777021e+01 1.721562034459071810e+01 2.998419889630079282e+01 4.701942777487750469e+00 1.082348796151926695e+00 -4.141160611364032462e+00 -6.372524615025346728e-01 -3.411751640044269340e-01 2.994106180659540151e+00
