4.141684799999999814e+05 1.922838440000000119e+05 9.170477999999999884e+04 3.643558400000000256e+04 1.185767559999999867e+04 2.317430720000000292e+03 2.173977640000000235e+02 9.695557519999999485e+00 0.000000000000000000e+00 0.000000000000000000e+00
1.922838440000000119e+05 1.235023279999999941e+05 4.891081600000000617e+04 1.938396320000000196e+04 6.293460000000000036e+03 1.276177479999999832e+03 1.206005520000000075e+02 4.024779399999999896e+00 0.000000000000000000e+00 0.000000000000000000e+00
9.170477999999999884e+04 4.891081600000000617e+04 3.227932799999999770e+04 9.518451200000001336e+03 3.114098399999999856e+03 6.533015599999999949e+02 5.634262800000000482e+01 1.326544799999999746e+00 0.000000000000000000e+00 0.000000000000000000e+00
3.643558400000000256e+04 1.938396320000000196e+04 9.518451200000001336e+03 6.806442800000000716e+03 1.270851719999999887e+03 2.641599320000000262e+02 1.877240200000000314e+01 8.237787200000000754e-01 0.000000000000000000e+00 0.000000000000000000e+00
1.185767559999999867e+04 6.293460000000000036e+03 3.114098399999999856e+03 1.270851719999999887e+03 1.141919840000000022e+03 9.313056000000000267e+01 8.519967336000000557e+00 6.513035600000001146e-01 0.000000000000000000e+00 0.000000000000000000e+00
2.317430720000000292e+03 1.276177479999999832e+03 6.533015599999999949e+02 2.641599320000000262e+02 9.313056000000000267e+01 1.270427119999999945e+02 3.383925120000000231e+00 -4.865479040000000172e-02 0.000000000000000000e+00 0.000000000000000000e+00
2.173977640000000235e+02 1.206005520000000075e+02 5.634262800000000482e+01 1.877240200000000314e+01 8.519967336000000557e+00 3.383925120000000231e+00 7.928702799999999939e+00 6.214402159999999481e-02 0.000000000000000000e+00 0.000000000000000000e+00
9.695557519999999485e+00 4.024779399999999896e+00 1.326544799999999746e+00 8.237787200000000754e-01 6.513035600000001146e-01 -4.865479040000000172e-02 6.214402159999999481e-02 2.389074959999999970e-01 0.000000000000000000e+00 0.000000000000000000e+00
0.000000000000000000e+00 0.000000000000000000e+00 0.000000000000000000e+00 0.000000000000000000e+00 0.000000000000000000e+00 0.000000000000000000e+00 0.000000000000000000e+00 0.000000000000000000e+00 0.000000000000000000e+00 0.000000000000000000e+00
0.000000000000000000e+00 0.000000000000000000e+00 0.000000000000000000e+00 0.000000000000000000e+00 0.000000000000000000e+00 0.000000000000000000e+00 0.000000000000000000e+00 0.000000000000000000e+00 0.000000000000000000e+00 0.000000000000000000e+00
