2.172413507852930576e+06 1.234690071560722310e+06 7.652380654793358408e+05 4.859005783832146553e+05 2.788256459189493908e+05 1.499189905676034396e+05 8.177016135814714653e+04 3.026563311262059142e+04 1.061773188675057099e+04 2.828008777540097071e+03 5.253038706194076894e+02 4.318806989862785883e+01
1.234690071560722310e+06 9.542645729450487997e+05 4.949882769137960277e+05 3.116955357247972279e+05 1.803490348152671941e+05 9.903731876026734244e+04 5.437837606320141640e+04 1.916114230567400955e+04 6.901918666058727467e+03 2.185517120415405770e+03 3.939318247095812922e+02 5.493704451192215998e+01
7.652380654793358408e+05 4.949882769137960277e+05 4.040393546287715435e+05 1.976163490795581311e+05 1.166926197739815689e+05 6.562141535917075817e+04 3.367407888297231693e+04 1.273305711911459366e+04 5.065753148923648041e+03 1.404971090031143831e+03 2.448500427005327538e+02 2.933714255077289579e+01
4.859005783832146553e+05 3.116955357247972279e+05 1.976163490795581311e+05 1.673941746240153734e+05 7.209467292174483009e+04 4.031202993248347775e+04 2.161262703497506300e+04 7.890205077339525815e+03 3.781334538393980893e+03 9.406042409457417079e+02 1.284034298275475408e+02 1.281171564140725927e+01
2.788256459189493908e+05 1.803490348152671941e+05 1.166926197739815689e+05 7.209467292174483009e+04 6.819057806916712434e+04 2.429597754297830033e+04 1.300056982012103981e+04 5.088592277143466163e+03 1.725703195070438369e+03 5.355665764147503296e+02 8.562320150428099907e+01 2.002345272881097316e+01
1.499189905676034396e+05 9.903731876026734244e+04 6.562141535917075817e+04 4.031202993248347775e+04 2.429597754297830033e+04 2.503869430647245463e+04 6.528494605949086690e+03 3.170830994060385365e+03 1.241634460652389407e+03 3.118086098015915582e+02 2.919008429042628094e+01 4.021553226281715077e+00
8.177016135814714653e+04 5.437837606320141640e+04 3.367407888297231693e+04 2.161262703497506300e+04 1.300056982012103981e+04 6.528494605949086690e+03 8.034335897916713293e+03 1.537543131345219081e+03 5.152215562899856423e+02 1.339308596397809765e+02 4.208807411123446940e+01 4.009788565454205589e+00
3.026563311262059142e+04 1.916114230567400955e+04 1.273305711911459366e+04 7.890205077339525815e+03 5.088592277143466163e+03 3.170830994060385365e+03 1.537543131345219081e+03 2.196689626648245394e+03 2.273716782641066914e+02 9.598786769352247461e+01 1.005878500771676620e+01 8.509771332065144689e-01
1.061773188675057099e+04 6.901918666058727467e+03 5.065753148923648041e+03 3.781334538393980893e+03 1.725703195070438369e+03 1.241634460652389407e+03 5.152215562899856423e+02 2.273716782641066914e+02 5.837467840579683980e+02 4.126258707648943869e+01 8.948985336300147253e+00 7.058796496641164819e-02
2.828008777540097071e+03 2.185517120415405770e+03 1.404971090031143831e+03 9.406042409457417079e+02 5.355665764147503296e+02 3.118086098015915582e+02 1.339308596397809765e+02 9.598786769352247461e+01 4.126258707648943869e+01 1.074956667598546147e+02 6.460759571233258391e+00 8.058792667001123400e-01
5.253038706194076894e+02 3.939318247095812922e+02 2.448500427005327538e+02 1.284034298275475408e+02 8.562320150428099907e+01 2.919008429042628094e+01 4.208807411123446940e+01 1.005878500771676620e+01 8.948985336300147253e+00 6.460759571233258391e+00 1.472739457952443232e+01 -2.549009846010086983e-02
4.318806989862785883e+01 5.493704451192215998e+01 2.933714255077289579e+01 1.281171564140725927e+01 2.002345272881097316e+01 4.021553226281715077e+00 4.009788565454205589e+00 8.509771332065144689e-01 7.058796496641164819e-02 8.058792667001123400e-01 -2.549009846010086983e-02 1.001956947162427225e+00
