2.289322479760130402e+06 1.292418138814490521e+06 7.970379451964832842e+05 5.042300638218652457e+05 2.885523892154893838e+05 1.548314348779287247e+05 8.432139392083391431e+04 3.117454863163234768e+04 1.092728840022601798e+04 2.908599310842032992e+03 5.400524086239822736e+02 4.438664087940317415e+01
1.292418138814490521e+06 9.921892107570950175e+05 5.121037503952412517e+05 3.212865260397891980e+05 1.853900367535642581e+05 1.015972549249748263e+05 5.569930379330118012e+04 1.960434866001842965e+04 7.055553648141655685e+03 2.232739045013532177e+03 4.022786506301320628e+02 5.608340665617858178e+01
7.970379451964832842e+05 5.121037503952412517e+05 4.159336483910428360e+05 2.026852504520021321e+05 1.193584861447443254e+05 6.698322242508557974e+04 3.432073671736488177e+04 1.296286662374263506e+04 5.152792193248332296e+03 1.428198215025868649e+03 2.487960292954093688e+02 2.980054792307815958e+01
5.042300638218652457e+05 3.212865260397891980e+05 2.026852504520021321e+05 1.710560748770827195e+05 7.347032744023199484e+04 4.099718133784234669e+04 2.194660379636881044e+04 8.003050256668190741e+03 3.832150830353543370e+03 9.526358437561655137e+02 1.299926426901048728e+02 1.296619702555087805e+01
2.885523892154893838e+05 1.853900367535642581e+05 1.193584861447443254e+05 7.347032744023199484e+04 6.930168739207067119e+04 2.464134141563835146e+04 1.316536153924290375e+04 5.147253349366819748e+03 1.744111450821958215e+03 5.409337626269223165e+02 8.644586976390456812e+01 2.020947027678193564e+01
1.548314348779287247e+05 1.015972549249748263e+05 6.698322242508557974e+04 4.099718133784234669e+04 2.464134141563835146e+04 2.534265889196041826e+04 6.597721556350496030e+03 3.200821949935687371e+03 1.252311646024134006e+03 3.142890553935899334e+02 2.941024663459148769e+01 4.050608930362222360e+00
8.432139392083391431e+04 5.569930379330118012e+04 3.432073671736488177e+04 2.194660379636881044e+04 1.316536153924290375e+04 6.597721556350496030e+03 8.107208670822833483e+03 1.549730437016552287e+03 5.188634992154522934e+02 1.347914187209099737e+02 4.234116509729919642e+01 4.032630227521825539e+00
3.117454863163234768e+04 1.960434866001842965e+04 1.296286662374263506e+04 8.003050256668190741e+03 5.147253349366819748e+03 3.200821949935687371e+03 1.549730437016552287e+03 2.211592166168227777e+03 2.287193725622458089e+02 9.649513560061961925e+01 1.010780290908460799e+01 8.548547059485939181e-01
1.092728840022601798e+04 7.055553648141655685e+03 5.152792193248332296e+03 3.832150830353543370e+03 1.744111450821958215e+03 1.252311646024134006e+03 5.188634992154522934e+02 2.287193725622458089e+02 5.867070737453644824e+02 4.144534605436984975e+01 8.984941949534562156e+00 7.084925989777811350e-02
2.908599310842032992e+03 2.232739045013532177e+03 1.428198215025868649e+03 9.526358437561655137e+02 5.409337626269223165e+02 3.142890553935899334e+02 1.347914187209099737e+02 9.649513560061961925e+01 4.144534605436984975e+01 1.079028130919558635e+02 6.482575024578497214e+00 8.083456991424767812e-01
5.400524086239822736e+02 4.022786506301320628e+02 2.487960292954093688e+02 1.299926426901048728e+02 8.644586976390456812e+01 2.941024663459148769e+01 4.234116509729919642e+01 1.010780290908460799e+01 8.984941949534562156e+00 6.482575024578497214e+00 1.477107344139121459e+01 -2.555764451121653527e-02
4.438664087940317415e+01 5.608340665617858178e+01 2.980054792307815958e+01 1.296619702555087805e+01 2.020947027678193564e+01 4.050608930362222360e+00 4.032630227521825539e+00 8.548547059485939181e-01 7.084925989777811350e-02 8.083456991424767812e-01 -2.555764451121653527e-02 1.004295577594404243e+00
