1.999468726853354136e+06 1.093876370013038162e+06 6.862805531864759978e+05 4.134829362726833788e+05 2.304788245422998152e+05 1.176529418983231881e+05 6.076854837750778097e+04 2.141619443849687377e+04 6.414769783031112638e+03 1.540561580537551890e+03 1.555043764399220834e+02
1.093876370013038162e+06 8.431064435800934443e+05 4.346873276161897229e+05 2.599084782291471201e+05 1.454676795614931034e+05 7.755568333510444791e+04 3.865061909392639791e+04 1.486132616145824068e+04 4.598456639798414471e+03 1.338447221130547632e+03 1.153334027164937368e+02
6.862805531864759978e+05 4.346873276161897229e+05 3.609905165786213474e+05 1.684971599986916408e+05 9.317717729463944852e+04 4.974417749339841976e+04 2.366569309097374935e+04 9.874949999404803748e+03 3.490037642500555194e+03 6.277166372770811904e+02 8.438797964610962765e+01
4.134829362726833788e+05 2.599084782291471201e+05 1.684971599986916408e+05 1.418959875164308469e+05 5.694549801164941891e+04 3.045818211597750269e+04 1.507387489357824415e+04 5.317793526526877031e+03 2.174890763296531986e+03 5.048371165172202382e+02 1.804813389701116222e+01
2.304788245422998152e+05 1.454676795614931034e+05 9.317717729463944852e+04 5.694549801164941891e+04 5.229143739727934735e+04 1.614344368411056348e+04 8.875811806511506802e+03 3.530806889846860940e+03 8.970364734857647591e+02 2.526396675139980346e+02 2.284468007811994283e+01
1.176529418983231881e+05 7.755568333510444791e+04 4.974417749339841976e+04 3.045818211597750269e+04 1.614344368411056348e+04 1.753269149008868408e+04 4.574268810448731529e+03 1.841787341282341231e+03 5.714671043418983345e+02 1.713102308059867767e+02 1.231663964155415947e+01
6.076854837750778097e+04 3.865061909392639791e+04 2.366569309097374935e+04 1.507387489357824415e+04 8.875811806511506802e+03 4.574268810448731529e+03 5.662252818527293130e+03 8.658811613013699571e+02 1.917099060879450860e+02 1.066065061774357901e+02 -1.809106916688963396e-01
2.141619443849687377e+04 1.486132616145824068e+04 9.874949999404803748e+03 5.317793526526877031e+03 3.530806889846860940e+03 1.841787341282341231e+03 8.658811613013699571e+02 1.394324798768845312e+03 1.517049199368932193e+02 4.180209998842722996e+01 9.412368989739070102e+00
6.414769783031112638e+03 4.598456639798414471e+03 3.490037642500555194e+03 2.174890763296531986e+03 8.970364734857647591e+02 5.714671043418983345e+02 1.917099060879450860e+02 1.517049199368932193e+02 3.499005068026305025e+02 1.423105697332748321e+01 3.319230428262362587e+00
1.540561580537551890e+03 1.338447221130547632e+03 6.277166372770811904e+02 5.048371165172202382e+02 2.526396675139980346e+02 1.713102308059867767e+02 1.066065061774357901e+02 4.180209998842722996e+01 1.423105697332748321e+01 6.980963609075480747e+01 -3.416185411195737931e-01
1.555043764399220834e+02 1.153334027164937368e+02 8.438797964610962765e+01 1.804813389701116222e+01 2.284468007811994283e+01 1.231663964155415947e+01 -1.809106916688963396e-01 9.412368989739070102e+00 3.319230428262362587e+00 -3.416185411195737931e-01 2.997251631730780908e+00
