1.641108747222581180e+06 8.900676997694282327e+05 5.366042853305647150e+05 3.116058487743155565e+05 1.643555040415782714e+05 7.600124617942376062e+04 3.569571662529367313e+04 1.123216617199707071e+04 2.770226495748445814e+03 8.442933771551234940e+02 7.473221599515819946e+01
8.900676997694282327e+05 6.805249658644314623e+05 3.380351791003840626e+05 2.017752448203669628e+05 1.063262097674496035e+05 4.987923508834749373e+04 2.391834833336940937e+04 6.798412482049593564e+03 1.830394268534246066e+03 4.460486899974004018e+02 6.819047675662892516e+01
5.366042853305647150e+05 3.380351791003840626e+05 2.722318848320057150e+05 1.234074418931196706e+05 6.677439026030320383e+04 2.950086077581657082e+04 1.466920600043934064e+04 4.945227496324283493e+03 1.165361426745047538e+03 3.728463172429410406e+02 2.167409654910255057e+01
3.116058487743155565e+05 2.017752448203669628e+05 1.234074418931196706e+05 1.036809803111774963e+05 3.884316561346682283e+04 1.917289980970368561e+04 8.459391237860863839e+03 2.870741456613106493e+03 6.328860208515720842e+02 1.944899282633957114e+02 2.675961535570863248e+01
1.643555040415782714e+05 1.063262097674496035e+05 6.677439026030320383e+04 3.884316561346682283e+04 3.668907737261392322e+04 9.179507041119844871e+03 4.892502363113461797e+03 1.615072371156609961e+03 2.741669107020322258e+02 1.254379769096772890e+02 -3.199169477487368685e+00
7.600124617942376062e+04 4.987923508834749373e+04 2.950086077581657082e+04 1.917289980970368561e+04 9.179507041119844871e+03 1.101691647926515543e+04 2.089210464517883793e+03 5.914795895396163132e+02 1.767916112779819855e+02 6.972809876925545325e+01 5.093214332660187083e+00
3.569571662529367313e+04 2.391834833336940937e+04 1.466920600043934064e+04 8.459391237860863839e+03 4.892502363113461797e+03 2.089210464517883793e+03 3.168980087020368046e+03 3.492976455006589163e+02 7.520768980293821926e+01 4.124763501806202015e+01 -2.386903383028188941e+00
1.123216617199707071e+04 6.798412482049593564e+03 4.945227496324283493e+03 2.870741456613106493e+03 1.615072371156609961e+03 5.914795895396163132e+02 3.492976455006589163e+02 7.062349516044637312e+02 3.826729624007403885e+01 1.118253189075177545e+01 7.814434473374371137e+00
2.770226495748445814e+03 1.830394268534246066e+03 1.165361426745047538e+03 6.328860208515720842e+02 2.741669107020322258e+02 1.767916112779819855e+02 7.520768980293821926e+01 3.826729624007403885e+01 1.305141314196624194e+02 6.710339899057076174e+00 1.547434993326833652e+00
8.442933771551234940e+02 4.460486899974004018e+02 3.728463172429410406e+02 1.944899282633957114e+02 1.254379769096772890e+02 6.972809876925545325e+01 4.124763501806202015e+01 1.118253189075177545e+01 6.710339899057076174e+00 2.415327581028929771e+01 -9.050475527474401150e-02
7.473221599515819946e+01 6.819047675662892516e+01 2.167409654910255057e+01 2.675961535570863248e+01 -3.199169477487368685e+00 5.093214332660187083e+00 -2.386903383028188941e+00 7.814434473374371137e+00 1.547434993326833652e+00 -9.050475527474401150e-02 2.006001348333533940e+00
