1.016232210140321869e+06 5.007635959727839218e+05 2.893779937423834344e+05 1.533692753934119828e+05 7.004708076333283680e+04 3.342878178316089907e+04 9.226231333367501065e+03 1.891882950816237781e+03 5.658370487246143057e+02 1.821640082567710692e+02
5.007635959727839218e+05 3.821646148720107740e+05 1.709312473527500988e+05 9.168573122804614832e+04 3.999345468192848784e+04 2.035658086480877319e+04 5.304583606833339218e+03 1.049595980407520528e+03 3.669515358779926260e+02 8.007812470080691014e+01
2.893779937423834344e+05 1.709312473527500988e+05 1.387330039943089359e+05 5.440092695723129145e+04 2.311557029882655843e+04 1.214204761777048043e+04 3.530892360246598400e+03 5.554174807847543889e+02 2.480323834544067836e+02 5.795271923744000020e+01
1.533692753934119828e+05 9.168573122804614832e+04 5.440092695723129145e+04 4.632239318936168274e+04 1.189931521401942518e+04 5.795060159848980220e+03 2.039588267508059744e+03 3.998102335698661136e+02 1.470523780163177321e+02 3.790573718697353911e+01
7.004708076333283680e+04 3.999345468192848784e+04 2.311557029882655843e+04 1.189931521401942518e+04 1.305895391025666140e+04 2.659989813151739781e+03 5.777468070358100931e+02 1.972698327595299190e+02 3.756456202296981672e+01 1.805483281697065578e+01
3.342878178316089907e+04 2.035658086480877319e+04 1.214204761777048043e+04 5.795060159848980220e+03 2.659989813151739781e+03 4.002086634165610121e+03 3.580064720952944981e+02 1.285014686677801024e+02 2.850969473922000574e+01 2.029796148145863199e+01
9.226231333367501065e+03 5.304583606833339218e+03 3.530892360246598400e+03 2.039588267508059744e+03 5.777468070358100931e+02 3.580064720952944981e+02 7.780283929672104932e+02 3.563907920082954206e+01 1.974502242255479345e+01 7.011737853332154380e+00
1.891882950816237781e+03 1.049595980407520528e+03 5.554174807847543889e+02 3.998102335698661136e+02 1.972698327595299190e+02 1.285014686677801024e+02 3.563907920082954206e+01 1.264936332198482631e+02 5.772526912810537425e+00 1.003917723967049369e+00
5.658370487246143057e+02 3.669515358779926260e+02 2.480323834544067836e+02 1.470523780163177321e+02 3.756456202296981672e+01 2.850969473922000574e+01 1.974502242255479345e+01 5.772526912810537425e+00 2.624107597627153154e+01 -1.647052515883441204e-01
1.821640082567710692e+02 8.007812470080691014e+01 5.795271923744000020e+01 3.790573718697353911e+01 1.805483281697065578e+01 2.029796148145863199e+01 7.011737853332154380e+00 1.003917723967049369e+00 -1.647052515883441204e-01 3.984298466994228072e+00
