6.299716366140847094e+05 2.720884906950523728e+05 1.361882266199285223e+05 6.467413452349436557e+04 2.604084529790531087e+04 7.223029828380304025e+03 2.344283523746649735e+03 3.800707628491680339e+02 5.254688117712291273e+01
2.720884906950523728e+05 2.114065415461290104e+05 7.855090305853822792e+04 3.675942969069389073e+04 1.519486230781488666e+04 4.513957694219824589e+03 1.410194208412368425e+03 2.570156119617240620e+02 5.440595502022491559e+01
1.361882266199285223e+05 7.855090305853822792e+04 5.846740515789828351e+04 1.722886648514934495e+04 7.304693253472925790e+03 2.058177525029288972e+03 8.608518515794638688e+02 8.905500680569231520e+01 1.811519537259325219e+01
6.467413452349436557e+04 3.675942969069389073e+04 1.722886648514934495e+04 1.715402794578188696e+04 3.674396577021016583e+03 1.169119721412935633e+03 3.671706102577256274e+02 8.785091652757061809e+01 1.401680605564933124e+01
2.604084529790531087e+04 1.519486230781488666e+04 7.304693253472925790e+03 3.674396577021016583e+03 4.222696546557390320e+03 5.258816257707865134e+02 1.612855185842247749e+02 2.261201748831639335e+01 6.971418322403633461e+00
7.223029828380304025e+03 4.513957694219824589e+03 2.058177525029288972e+03 1.169119721412935633e+03 5.258816257707865134e+02 9.143800589606603353e+02 7.105670795694503283e+01 1.878055051066457182e+01 4.876994400689818931e+00
2.344283523746649735e+03 1.410194208412368425e+03 8.608518515794638688e+02 3.671706102577256274e+02 1.612855185842247749e+02 7.105670795694503283e+01 1.711621438163788014e+02 -9.252439367852238750e-01 -6.060316490779362741e-01
3.800707628491680339e+02 2.570156119617240620e+02 8.905500680569231520e+01 8.785091652757061809e+01 2.261201748831639335e+01 1.878055051066457182e+01 -9.252439367852238750e-01 2.615153711800083869e+01 -9.043840812702924614e-02
5.254688117712291273e+01 5.440595502022491559e+01 1.811519537259325219e+01 1.401680605564933124e+01 6.971418322403633461e+00 4.876994400689818931e+00 -6.060316490779362741e-01 -9.043840812702924614e-02 2.004386404162207036e+00
