2.207733586348849713e+04 4.250347788661531013e+03 1.473552682844326000e+03 3.095885151653769185e+02 5.387649617531106117e+01 7.383865862755320641e+00
4.250347788661531013e+03 4.991490713927188153e+03 5.177038022725917017e+02 1.537543591352876149e+02 4.078128636209429203e+01 -1.190419350070154092e+00
1.473552682844326000e+03 5.177038022725917017e+02 9.565955835710269639e+02 4.547586768033699656e+01 -6.353735200718626963e+00 -1.192793723250983984e+00
3.095885151653769185e+02 1.537543591352876149e+02 4.547586768033699656e+01 1.283486304964541489e+02 -2.541254194432450708e-01 -1.014574088194804657e+00
5.387649617531106117e+01 4.078128636209429203e+01 -6.353735200718626963e+00 -2.541254194432450708e-01 1.870042732670961882e+01 8.779791073720555339e-01
7.383865862755320641e+00 -1.190419350070154092e+00 -1.192793723250983984e+00 -1.014574088194804657e+00 8.779791073720555339e-01 4.010519031355443964e+00
