2.228446755334351838e+04 4.290313458265680310e+03 1.486879018687054895e+03 3.122263981603441039e+02 5.430711629354959769e+01 7.437875581113358336e+00
4.290313458265680310e+03 5.038529220570725556e+03 5.223965243417876536e+02 1.550676386904813171e+02 4.110808799397992885e+01 -1.199151477231108487e+00
1.486879018687054895e+03 5.223965243417876536e+02 9.649231049685114385e+02 4.584797308024857898e+01 -6.402371609925083362e+00 -1.201115646210235255e+00
3.122263981603441039e+02 1.550676386904813171e+02 4.584797308024857898e+01 1.293317629084656062e+02 -2.559379502954847174e-01 -1.021122998340824317e+00
5.430711629354959769e+01 4.110808799397992885e+01 -6.402371609925083362e+00 -2.559379502954847174e-01 1.882394869620801714e+01 8.831837981902105339e-01
7.437875581113358336e+00 -1.199151477231108487e+00 -1.201115646210235255e+00 -1.021122998340824317e+00 8.831837981902105339e-01 4.031579291936309595e+00
