8.110107490321384976e+05 3.863481051937351585e+05 2.103305297435866087e+05 1.052511281038877642e+05 4.685341915712483024e+04 1.525207519714882073e+04 3.892606670044079237e+03 1.048598222489247746e+03 2.442215296108519453e+02 4.874432958039873398e+01
3.863481051937351585e+05 2.940531748008539435e+05 1.222090689058513672e+05 6.039621080352795252e+04 2.736152408075600397e+04 9.737365728671062243e+03 2.088674187512836852e+03 5.235012893293384195e+02 1.377061897017849788e+02 4.232255190569411241e+01
2.103305297435866087e+05 1.222090689058513672e+05 9.584135965363780269e+04 3.246941237412055852e+04 1.481809056103811054e+04 5.339769115684352982e+03 1.396563099865173854e+03 4.024067431008599556e+02 1.117820125076047617e+02 4.832041959205474413e+00
1.052511281038877642e+05 6.039621080352795252e+04 3.246941237412055852e+04 2.831664409306395100e+04 7.057657487811652572e+03 2.453908904202625763e+03 7.795472431926680201e+02 1.794861099372609203e+02 4.087025717541152403e+01 1.193812276396796257e+01
4.685341915712483024e+04 2.736152408075600397e+04 1.481809056103811054e+04 7.057657487811652572e+03 8.367332231332859010e+03 1.276819461255005308e+03 3.104302154462635599e+02 1.071405826103853656e+02 3.145350934130503973e+01 4.056769585034304626e+00
1.525207519714882073e+04 9.737365728671062243e+03 5.339769115684352982e+03 2.453908904202625763e+03 1.276819461255005308e+03 1.801729874469559491e+03 1.840714270519142985e+02 3.801259260492548009e+01 2.363715477392950604e+01 4.340100346220606475e+00
3.892606670044079237e+03 2.088674187512836852e+03 1.396563099865173854e+03 7.795472431926680201e+02 3.104302154462635599e+02 1.840714270519142985e+02 4.060674078101534406e+02 1.610466184854872251e+00 9.775828024629284130e+00 -6.668772341075206445e-01
1.048598222489247746e+03 5.235012893293384195e+02 4.024067431008599556e+02 1.794861099372609203e+02 1.071405826103853656e+02 3.801259260492548009e+01 1.610466184854872251e+00 5.583354263070383183e+01 1.101144920135570304e+00 -1.140141290244262445e-01
2.442215296108519453e+02 1.377061897017849788e+02 1.117820125076047617e+02 4.087025717541152403e+01 3.145350934130503973e+01 2.363715477392950604e+01 9.775828024629284130e+00 1.101144920135570304e+00 7.924112545085122861e+00 -1.571789294501337378e-02
4.874432958039873398e+01 4.232255190569411241e+01 4.832041959205474413e+00 1.193812276396796257e+01 4.056769585034304626e+00 4.340100346220606475e+00 -6.668772341075206445e-01 -1.140141290244262445e-01 -1.571789294501337378e-02 1.003689699957331039e+00
