1.318627164884810336e+06 6.771050905993423657e+05 4.124774301163110649e+05 2.238867550309974467e+05 1.084789876366795797e+05 5.463197107695676823e+04 1.948932109468253839e+04 5.234288081277973106e+03 1.211038284046157969e+03 4.212220539244851238e+02
6.771050905993423657e+05 5.138962309858989320e+05 2.484785951872350706e+05 1.354999213120392815e+05 6.828077638822673180e+04 3.239475420928588574e+04 1.172658896221720170e+04 3.674924978822151388e+03 5.763430239772184223e+02 2.334616354976990635e+02
4.124774301163110649e+05 2.484785951872350706e+05 2.034309913085910375e+05 8.533940871468298428e+04 4.045040544586659962e+04 2.080649297036155258e+04 7.689375961859911513e+03 2.250868015091851703e+03 3.608757746786996563e+02 1.273815220315169228e+02
2.238867550309974467e+05 1.354999213120392815e+05 8.533940871468298428e+04 6.904292930423469807e+04 2.227983893879838070e+04 1.123682601607974357e+04 4.406683805520531678e+03 1.068191196881161204e+03 2.129714743969429946e+02 1.101910699865381531e+02
1.084789876366795797e+05 6.828077638822673180e+04 4.045040544586659962e+04 2.227983893879838070e+04 2.187853828353599602e+04 5.537530914617141207e+03 2.063221764399850599e+03 6.961030200547849063e+02 1.315520684310760657e+02 1.253807639118190842e+01
5.463197107695676823e+04 3.239475420928588574e+04 2.080649297036155258e+04 1.123682601607974357e+04 5.537530914617141207e+03 6.494775076875331251e+03 1.112593586206653754e+03 3.126382902774210493e+02 8.890821309834778674e+01 2.694427625571508500e+01
1.948932109468253839e+04 1.172658896221720170e+04 7.689375961859911513e+03 4.406683805520531678e+03 2.063221764399850599e+03 1.112593586206653754e+03 1.550569438469802435e+03 1.195806800131626915e+02 2.400364618705977193e+01 2.386771610517223507e+01
5.234288081277973106e+03 3.674924978822151388e+03 2.250868015091851703e+03 1.068191196881161204e+03 6.961030200547849063e+02 3.126382902774210493e+02 1.195806800131626915e+02 3.269004903211846340e+02 4.510577951219435278e+00 1.125103023291077342e+01
1.211038284046157969e+03 5.763430239772184223e+02 3.608757746786996563e+02 2.129714743969429946e+02 1.315520684310760657e+02 8.890821309834778674e+01 2.400364618705977193e+01 4.510577951219435278e+00 5.263553655881595716e+01 1.049095387681538760e+00
4.212220539244851238e+02 2.334616354976990635e+02 1.273815220315169228e+02 1.101910699865381531e+02 1.253807639118190842e+01 2.694427625571508500e+01 2.386771610517223507e+01 1.125103023291077342e+01 1.049095387681538760e+00 9.858965010684467956e+00
