1.941316172276286175e+06 1.073404555533256615e+06 7.019853313509961590e+05 4.559350491464580409e+05 2.975289062143145711e+05 1.638768931888228690e+05 8.568236398721873411e+04 4.312660856374647119e+04 1.771111675378552900e+04 6.295532138416293492e+03 1.049102588523788882e+03 2.888171654380066116e+02 1.750215064863620285e+02 0.000000000000000000e+00 0.000000000000000000e+00 0.000000000000000000e+00 0.000000000000000000e+00 0.000000000000000000e+00 0.000000000000000000e+00 0.000000000000000000e+00
1.073404555533256615e+06 8.640130103451200994e+05 4.483744682582121459e+05 3.004933433114683139e+05 1.970536365599483543e+05 1.110833496300694824e+05 5.684421025216028647e+04 2.849973620421851592e+04 1.098076620031153652e+04 4.539219636306235770e+03 6.501063831312575303e+02 1.235226299908893992e+02 1.040274280668987217e+02 0.000000000000000000e+00 0.000000000000000000e+00 0.000000000000000000e+00 0.000000000000000000e+00 0.000000000000000000e+00 0.000000000000000000e+00 0.000000000000000000e+00
7.019853313509961590e+05 4.483744682582121459e+05 4.170687635645857663e+05 1.929564862493307446e+05 1.292906328823193471e+05 7.454213288080019993e+04 4.088313003479428880e+04 1.948673027610666395e+04 8.776348951235382629e+03 2.956245311337957446e+03 4.724251502214109451e+02 8.754129398296718989e+01 7.985059364203684140e+01 0.000000000000000000e+00 0.000000000000000000e+00 0.000000000000000000e+00 0.000000000000000000e+00 0.000000000000000000e+00 0.000000000000000000e+00 0.000000000000000000e+00
4.559350491464580409e+05 3.004933433114683139e+05 1.929564862493307446e+05 1.812745783772008726e+05 8.553970899788972747e+04 4.374633340714864607e+04 2.495594732241669772e+04 1.348400256688648733e+04 5.651349167399988801e+03 1.630903351281154983e+03 2.849316972782090716e+02 5.918498659266382589e+01 6.048034800955283430e+01 0.000000000000000000e+00 0.000000000000000000e+00 0.000000000000000000e+00 0.000000000000000000e+00 0.000000000000000000e+00 0.000000000000000000e+00 0.000000000000000000e+00
2.975289062143145711e+05 1.970536365599483543e+05 1.292906328823193471e+05 8.553970899788972747e+04 9.220125246492032602e+04 3.327115607194050972e+04 1.822555917899982160e+04 7.928148575823857755e+03 3.508671919482004341e+03 1.193367724867185643e+03 2.157289691827855336e+02 3.955184443795688765e+01 2.651491160729915819e+01 0.000000000000000000e+00 0.000000000000000000e+00 0.000000000000000000e+00 0.000000000000000000e+00 0.000000000000000000e+00 0.000000000000000000e+00 0.000000000000000000e+00
1.638768931888228690e+05 1.110833496300694824e+05 7.454213288080019993e+04 4.374633340714864607e+04 3.327115607194050972e+04 3.384319638797248626e+04 1.049880080733493924e+04 4.453089974380057356e+03 2.061201391136353323e+03 6.840738074976462713e+02 9.914437988987624806e+01 1.560469390575444137e+01 2.357087013484170868e+01 0.000000000000000000e+00 0.000000000000000000e+00 0.000000000000000000e+00 0.000000000000000000e+00 0.000000000000000000e+00 0.000000000000000000e+00 0.000000000000000000e+00
8.568236398721873411e+04 5.684421025216028647e+04 4.088313003479428880e+04 2.495594732241669772e+04 1.822555917899982160e+04 1.049880080733493924e+04 1.305087832776771211e+04 2.601809761989194158e+03 1.209969741433109448e+03 4.294036688706274845e+02 1.213402736999700977e+02 4.979935474000812157e+00 1.245934554555388551e+01 0.000000000000000000e+00 0.000000000000000000e+00 0.000000000000000000e+00 0.000000000000000000e+00 0.000000000000000000e+00 0.000000000000000000e+00 0.000000000000000000e+00
4.312660856374647119e+04 2.849973620421851592e+04 1.948673027610666395e+04 1.348400256688648733e+04 7.928148575823857755e+03 4.453089974380057356e+03 2.601809761989194158e+03 4.058137164015588496e+03 5.751394324608469333e+02 2.317054665549620722e+02 3.905312935294468701e+01 1.171508856475041149e+01 7.099428424939520532e+00 0.000000000000000000e+00 0.000000000000000000e+00 0.000000000000000000e+00 0.000000000000000000e+00 0.000000000000000000e+00 0.000000000000000000e+00 0.000000000000000000e+00
1.771111675378552900e+04 1.098076620031153652e+04 8.776348951235382629e+03 5.651349167399988801e+03 3.508671919482004341e+03 2.061201391136353323e+03 1.209969741433109448e+03 5.751394324608469333e+02 1.161673375059190676e+03 6.558465404354826944e+01 1.650743843593682314e+01 7.167486723645196678e-01 6.318508040964430528e+00 0.000000000000000000e+00 0.000000000000000000e+00 0.000000000000000000e+00 0.000000000000000000e+00 0.000000000000000000e+00 0.000000000000000000e+00 0.000000000000000000e+00
6.295532138416293492e+03 4.539219636306235770e+03 2.956245311337957446e+03 1.630903351281154983e+03 1.193367724867185643e+03 6.840738074976462713e+02 4.294036688706274845e+02 2.317054665549620722e+02 6.558465404354826944e+01 3.204161681630225189e+02 6.247329029824448376e+00 -7.577284142152023172e-01 -1.020667020614934722e-01 0.000000000000000000e+00 0.000000000000000000e+00 0.000000000000000000e+00 0.000000000000000000e+00 0.000000000000000000e+00 0.000000000000000000e+00 0.000000000000000000e+00
1.049102588523788882e+03 6.501063831312575303e+02 4.724251502214109451e+02 2.849316972782090716e+02 2.157289691827855336e+02 9.914437988987624806e+01 1.213402736999700977e+02 3.905312935294468701e+01 1.650743843593682314e+01 6.247329029824448376e+00 4.527037884215438623e+01 5.632643837311194224e-01 -1.766149137557575799e-01 0.000000000000000000e+00 0.000000000000000000e+00 0.000000000000000000e+00 0.000000000000000000e+00 0.000000000000000000e+00 0.000000000000000000e+00 0.000000000000000000e+00
2.888171654380066116e+02 1.235226299908893992e+02 8.754129398296718989e+01 5.918498659266382589e+01 3.955184443795688765e+01 1.560469390575444137e+01 4.979935474000812157e+00 1.171508856475041149e+01 7.167486723645196678e-01 -7.577284142152023172e-01 5.632643837311194224e-01 4.974396762147394568e+00 -1.962080982446029465e-02 0.000000000000000000e+00 0.000000000000000000e+00 0.000000000000000000e+00 0.000000000000000000e+00 0.000000000000000000e+00 0.000000000000000000e+00 0.000000000000000000e+00
1.750215064863620285e+02 1.040274280668987217e+02 7.985059364203684140e+01 6.048034800955283430e+01 2.651491160729915819e+01 2.357087013484170868e+01 1.245934554555388551e+01 7.099428424939520532e+00 6.318508040964430528e+00 -1.020667020614934722e-01 -1.766149137557575799e-01 -1.962080982446029465e-02 2.001112801179821155e+00 0.000000000000000000e+00 0.000000000000000000e+00 0.000000000000000000e+00 0.000000000000000000e+00 0.000000000000000000e+00 0.000000000000000000e+00 0.000000000000000000e+00
0.000000000000000000e+00 0.000000000000000000e+00 0.000000000000000000e+00 0.000000000000000000e+00 0.000000000000000000e+00 0.000000000000000000e+00 0.000000000000000000e+00 0.000000000000000000e+00 0.000000000000000000e+00 0.000000000000000000e+00 0.000000000000000000e+00 0.000000000000000000e+00 0.000000000000000000e+00 0.000000000000000000e+00 0.000000000000000000e+00 0.000000000000000000e+00 0.000000000000000000e+00 0.000000000000000000e+00 0.000000000000000000e+00 0.000000000000000000e+00
0.000000000000000000e+00 0.000000000000000000e+00 0.000000000000000000e+00 0.000000000000000000e+00 0.000000000000000000e+00 0.000000000000000000e+00 0.000000000000000000e+00 0.000000000000000000e+00 0.000000000000000000e+00 0.000000000000000000e+00 0.000000000000000000e+00 0.000000000000000000e+00 0.000000000000000000e+00 0.000000000000000000e+00 0.000000000000000000e+00 0.000000000000000000e+00 0.000000000000000000e+00 0.000000000000000000e+00 0.000000000000000000e+00 0.000000000000000000e+00
0.000000000000000000e+00 0.000000000000000000e+00 0.000000000000000000e+00 0.000000000000000000e+00 0.000000000000000000e+00 0.000000000000000000e+00 0.000000000000000000e+00 0.000000000000000000e+00 0.000000000000000000e+00 0.000000000000000000e+00 0.000000000000000000e+00 0.000000000000000000e+00 0.000000000000000000e+00 0.000000000000000000e+00 0.000000000000000000e+00 0.000000000000000000e+00 0.000000000000000000e+00 0.000000000000000000e+00 0.000000000000000000e+00 0.000000000000000000e+00
0.000000000000000000e+00 0.000000000000000000e+00 0.000000000000000000e+00 0.000000000000000000e+00 0.000000000000000000e+00 0.000000000000000000e+00 0.000000000000000000e+00 0.000000000000000000e+00 0.000000000000000000e+00 0.000000000000000000e+00 0.000000000000000000e+00 0.000000000000000000e+00 0.000000000000000000e+00 0.000000000000000000e+00 0.000000000000000000e+00 0.000000000000000000e+00 0.000000000000000000e+00 0.000000000000000000e+00 0.000000000000000000e+00 0.000000000000000000e+00
0.000000000000000000e+00 0.000000000000000000e+00 0.000000000000000000e+00 0.000000000000000000e+00 0.000000000000000000e+00 0.000000000000000000e+00 0.000000000000000000e+00 0.000000000000000000e+00 0.000000000000000000e+00 0.000000000000000000e+00 0.000000000000000000e+00 0.000000000000000000e+00 0.000000000000000000e+00 0.000000000000000000e+00 0.000000000000000000e+00 0.000000000000000000e+00 0.000000000000000000e+00 0.000000000000000000e+00 0.000000000000000000e+00 0.000000000000000000e+00
0.000000000000000000e+00 0.000000000000000000e+00 0.000000000000000000e+00 0.000000000000000000e+00 0.000000000000000000e+00 0.000000000000000000e+00 0.000000000000000000e+00 0.000000000000000000e+00 0.000000000000000000e+00 0.000000000000000000e+00 0.000000000000000000e+00 0.000000000000000000e+00 0.000000000000000000e+00 0.000000000000000000e+00 0.000000000000000000e+00 0.000000000000000000e+00 0.000000000000000000e+00 0.000000000000000000e+00 0.000000000000000000e+00 0.000000000000000000e+00
0.000000000000000000e+00 0.000000000000000000e+00 0.000000000000000000e+00 0.000000000000000000e+00 0.000000000000000000e+00 0.000000000000000000e+00 0.000000000000000000e+00 0.000000000000000000e+00 0.000000000000000000e+00 0.000000000000000000e+00 0.000000000000000000e+00 0.000000000000000000e+00 0.000000000000000000e+00 0.000000000000000000e+00 0.000000000000000000e+00 0.000000000000000000e+00 0.000000000000000000e+00 0.000000000000000000e+00 0.000000000000000000e+00 0.000000000000000000e+00
