1.568206387605760014e+06 8.494142094920378877e+05 5.350519571202757070e+05 3.232174857386956573e+05 1.941684737468147068e+05 1.035371325026281993e+05 4.072728978527059371e+04 1.822741459415264035e+04 5.470704298757113065e+03 2.095733380916994520e+03 1.923529158106416617e+02 1.099435321678624149e+02 0.000000000000000000e+00 0.000000000000000000e+00 0.000000000000000000e+00 0.000000000000000000e+00 0.000000000000000000e+00 0.000000000000000000e+00 0.000000000000000000e+00 0.000000000000000000e+00
8.494142094920378877e+05 6.808693422248485731e+05 3.385934752998527838e+05 2.061740847412699077e+05 1.238872553464177909e+05 6.724238663644745247e+04 2.694020340426958137e+04 1.106177703175844727e+04 3.310172855983566478e+03 1.241909841450355543e+03 1.690069638414278472e+02 6.380189511134814495e+01 0.000000000000000000e+00 0.000000000000000000e+00 0.000000000000000000e+00 0.000000000000000000e+00 0.000000000000000000e+00 0.000000000000000000e+00 0.000000000000000000e+00 0.000000000000000000e+00
5.350519571202757070e+05 3.385934752998527838e+05 2.921147245481061982e+05 1.343029971855608164e+05 7.883219501334495726e+04 4.454233267341389728e+04 1.694630422065801758e+04 7.809257352479051406e+03 2.498464647488467563e+03 6.162017118456907383e+02 8.267823774153519878e+01 2.552631008366370580e+01 0.000000000000000000e+00 0.000000000000000000e+00 0.000000000000000000e+00 0.000000000000000000e+00 0.000000000000000000e+00 0.000000000000000000e+00 0.000000000000000000e+00 0.000000000000000000e+00
3.232174857386956573e+05 2.061740847412699077e+05 1.343029971855608164e+05 1.236606528365696431e+05 4.900421795223845402e+04 2.794057694977031861e+04 9.816984041572823116e+03 4.903410100297482131e+03 1.372450904856977331e+03 4.679687899678862664e+02 4.052958893409321917e+01 2.395866902530551101e+01 0.000000000000000000e+00 0.000000000000000000e+00 0.000000000000000000e+00 0.000000000000000000e+00 0.000000000000000000e+00 0.000000000000000000e+00 0.000000000000000000e+00 0.000000000000000000e+00
1.941684737468147068e+05 1.238872553464177909e+05 7.883219501334495726e+04 4.900421795223845402e+04 5.064888462775063817e+04 1.636610405502214599e+04 5.668075794069778567e+03 2.552063803958255903e+03 7.615093511338338885e+02 2.930567649441272806e+02 4.763282202475670601e+01 1.520252772072375080e+01 0.000000000000000000e+00 0.000000000000000000e+00 0.000000000000000000e+00 0.000000000000000000e+00 0.000000000000000000e+00 0.000000000000000000e+00 0.000000000000000000e+00 0.000000000000000000e+00
1.035371325026281993e+05 6.724238663644745247e+04 4.454233267341389728e+04 2.794057694977031861e+04 1.636610405502214599e+04 1.735500620434736993e+04 3.642174326086229030e+03 1.756083264785751453e+03 5.050316351248561659e+02 1.639293728454114216e+02 2.548852280151162475e+01 5.807840212879368025e+00 0.000000000000000000e+00 0.000000000000000000e+00 0.000000000000000000e+00 0.000000000000000000e+00 0.000000000000000000e+00 0.000000000000000000e+00 0.000000000000000000e+00 0.000000000000000000e+00
4.072728978527059371e+04 2.694020340426958137e+04 1.694630422065801758e+04 9.816984041572823116e+03 5.668075794069778567e+03 3.642174326086229030e+03 4.702521196815354415e+03 6.107505487195861633e+02 1.850074650201238455e+02 8.332216858084119337e+01 1.795282839528517016e+01 2.791820300039719593e-01 0.000000000000000000e+00 0.000000000000000000e+00 0.000000000000000000e+00 0.000000000000000000e+00 0.000000000000000000e+00 0.000000000000000000e+00 0.000000000000000000e+00 0.000000000000000000e+00
1.822741459415264035e+04 1.106177703175844727e+04 7.809257352479051406e+03 4.903410100297482131e+03 2.552063803958255903e+03 1.756083264785751453e+03 6.107505487195861633e+02 1.492916214913936074e+03 1.128229461978816914e+02 1.314083665814257351e+01 4.222712921050467472e+00 1.742672491430922843e+00 0.000000000000000000e+00 0.000000000000000000e+00 0.000000000000000000e+00 0.000000000000000000e+00 0.000000000000000000e+00 0.000000000000000000e+00 0.000000000000000000e+00 0.000000000000000000e+00
5.470704298757113065e+03 3.310172855983566478e+03 2.498464647488467563e+03 1.372450904856977331e+03 7.615093511338338885e+02 5.050316351248561659e+02 1.850074650201238455e+02 1.128229461978816914e+02 3.148016073691089787e+02 1.021526147049764432e+01 3.613786270749745899e-01 -5.498442480745855399e-01 0.000000000000000000e+00 0.000000000000000000e+00 0.000000000000000000e+00 0.000000000000000000e+00 0.000000000000000000e+00 0.000000000000000000e+00 0.000000000000000000e+00 0.000000000000000000e+00
2.095733380916994520e+03 1.241909841450355543e+03 6.162017118456907383e+02 4.679687899678862664e+02 2.930567649441272806e+02 1.639293728454114216e+02 8.332216858084119337e+01 1.314083665814257351e+01 1.021526147049764432e+01 9.136360276100143096e+01 5.222474202210337646e-01 -1.609702184417399484e-01 0.000000000000000000e+00 0.000000000000000000e+00 0.000000000000000000e+00 0.000000000000000000e+00 0.000000000000000000e+00 0.000000000000000000e+00 0.000000000000000000e+00 0.000000000000000000e+00
1.923529158106416617e+02 1.690069638414278472e+02 8.267823774153519878e+01 4.052958893409321917e+01 4.763282202475670601e+01 2.548852280151162475e+01 1.795282839528517016e+01 4.222712921050467472e+00 3.613786270749745899e-01 5.222474202210337646e-01 2.997313713248779710e+00 -5.887778083717422513e-03 0.000000000000000000e+00 0.000000000000000000e+00 0.000000000000000000e+00 0.000000000000000000e+00 0.000000000000000000e+00 0.000000000000000000e+00 0.000000000000000000e+00 0.000000000000000000e+00
1.099435321678624149e+02 6.380189511134814495e+01 2.552631008366370580e+01 2.395866902530551101e+01 1.520252772072375080e+01 5.807840212879368025e+00 2.791820300039719593e-01 1.742672491430922843e+00 -5.498442480745855399e-01 -1.609702184417399484e-01 -5.887778083717422513e-03 1.002739429164763330e+00 0.000000000000000000e+00 0.000000000000000000e+00 0.000000000000000000e+00 0.000000000000000000e+00 0.000000000000000000e+00 0.000000000000000000e+00 0.000000000000000000e+00 0.000000000000000000e+00
0.000000000000000000e+00 0.000000000000000000e+00 0.000000000000000000e+00 0.000000000000000000e+00 0.000000000000000000e+00 0.000000000000000000e+00 0.000000000000000000e+00 0.000000000000000000e+00 0.000000000000000000e+00 0.000000000000000000e+00 0.000000000000000000e+00 0.000000000000000000e+00 0.000000000000000000e+00 0.000000000000000000e+00 0.000000000000000000e+00 0.000000000000000000e+00 0.000000000000000000e+00 0.000000000000000000e+00 0.000000000000000000e+00 0.000000000000000000e+00
0.000000000000000000e+00 0.000000000000000000e+00 0.000000000000000000e+00 0.000000000000000000e+00 0.000000000000000000e+00 0.000000000000000000e+00 0.000000000000000000e+00 0.000000000000000000e+00 0.000000000000000000e+00 0.000000000000000000e+00 0.000000000000000000e+00 0.000000000000000000e+00 0.000000000000000000e+00 0.000000000000000000e+00 0.000000000000000000e+00 0.000000000000000000e+00 0.000000000000000000e+00 0.000000000000000000e+00 0.000000000000000000e+00 0.000000000000000000e+00
0.000000000000000000e+00 0.000000000000000000e+00 0.000000000000000000e+00 0.000000000000000000e+00 0.000000000000000000e+00 0.000000000000000000e+00 0.000000000000000000e+00 0.000000000000000000e+00 0.000000000000000000e+00 0.000000000000000000e+00 0.000000000000000000e+00 0.000000000000000000e+00 0.000000000000000000e+00 0.000000000000000000e+00 0.000000000000000000e+00 0.000000000000000000e+00 0.000000000000000000e+00 0.000000000000000000e+00 0.000000000000000000e+00 0.000000000000000000e+00
0.000000000000000000e+00 0.000000000000000000e+00 0.000000000000000000e+00 0.000000000000000000e+00 0.000000000000000000e+00 0.000000000000000000e+00 0.000000000000000000e+00 0.000000000000000000e+00 0.000000000000000000e+00 0.000000000000000000e+00 0.000000000000000000e+00 0.000000000000000000e+00 0.000000000000000000e+00 0.000000000000000000e+00 0.000000000000000000e+00 0.000000000000000000e+00 0.000000000000000000e+00 0.000000000000000000e+00 0.000000000000000000e+00 0.000000000000000000e+00
0.000000000000000000e+00 0.000000000000000000e+00 0.000000000000000000e+00 0.000000000000000000e+00 0.000000000000000000e+00 0.000000000000000000e+00 0.000000000000000000e+00 0.000000000000000000e+00 0.000000000000000000e+00 0.000000000000000000e+00 0.000000000000000000e+00 0.000000000000000000e+00 0.000000000000000000e+00 0.000000000000000000e+00 0.000000000000000000e+00 0.000000000000000000e+00 0.000000000000000000e+00 0.000000000000000000e+00 0.000000000000000000e+00 0.000000000000000000e+00
0.000000000000000000e+00 0.000000000000000000e+00 0.000000000000000000e+00 0.000000000000000000e+00 0.000000000000000000e+00 0.000000000000000000e+00 0.000000000000000000e+00 0.000000000000000000e+00 0.000000000000000000e+00 0.000000000000000000e+00 0.000000000000000000e+00 0.000000000000000000e+00 0.000000000000000000e+00 0.000000000000000000e+00 0.000000000000000000e+00 0.000000000000000000e+00 0.000000000000000000e+00 0.000000000000000000e+00 0.000000000000000000e+00 0.000000000000000000e+00
0.000000000000000000e+00 0.000000000000000000e+00 0.000000000000000000e+00 0.000000000000000000e+00 0.000000000000000000e+00 0.000000000000000000e+00 0.000000000000000000e+00 0.000000000000000000e+00 0.000000000000000000e+00 0.000000000000000000e+00 0.000000000000000000e+00 0.000000000000000000e+00 0.000000000000000000e+00 0.000000000000000000e+00 0.000000000000000000e+00 0.000000000000000000e+00 0.000000000000000000e+00 0.000000000000000000e+00 0.000000000000000000e+00 0.000000000000000000e+00
0.000000000000000000e+00 0.000000000000000000e+00 0.000000000000000000e+00 0.000000000000000000e+00 0.000000000000000000e+00 0.000000000000000000e+00 0.000000000000000000e+00 0.000000000000000000e+00 0.000000000000000000e+00 0.000000000000000000e+00 0.000000000000000000e+00 0.000000000000000000e+00 0.000000000000000000e+00 0.000000000000000000e+00 0.000000000000000000e+00 0.000000000000000000e+00 0.000000000000000000e+00 0.000000000000000000e+00 0.000000000000000000e+00 0.000000000000000000e+00
