1.901367649825177155e+06 1.146363710362255340e+06 7.475095184837068664e+05 5.152491889653585968e+05 3.337837354208544130e+05 2.100503995658507920e+05 1.109615884754161671e+05 5.899699654230752640e+04 2.314417736353802320e+04 8.333087627819646514e+03 1.658239084128195827e+03 3.242408044444730990e+02 1.446680804150408335e+02
1.146363710362255340e+06 9.846306364537170157e+05 5.084831407223876449e+05 3.587278013833840960e+05 2.283182286741817370e+05 1.465666657229507109e+05 7.509826266153293545e+04 3.890355353963650850e+04 1.552190635694848061e+04 6.228858806236921737e+03 1.024143881708813524e+03 1.824436846088747757e+02 9.138312241381819945e+01
7.475095184837068664e+05 5.084831407223876449e+05 4.617682443465352408e+05 2.430605227101097989e+05 1.486376037825678068e+05 9.850392260962055298e+04 5.026778177385691379e+04 2.631990334208977583e+04 1.033531966932101386e+04 3.962699202918550782e+03 5.301210528127334101e+02 1.266351617268740171e+02 8.501462911774385134e+01
5.152491889653585968e+05 3.587278013833840960e+05 2.430605227101097989e+05 2.344495660289322841e+05 1.016847053256447689e+05 6.704673933376297646e+04 3.501352268885376543e+04 1.730715855188884598e+04 7.308500844701554342e+03 2.980711591900393614e+03 4.142502427044437923e+02 5.098010783648513922e+01 2.551888844079832808e+01
3.337837354208544130e+05 2.283182286741817370e+05 1.486376037825678068e+05 1.016847053256447689e+05 1.005494798512961279e+05 4.161890219007403357e+04 2.015732761227340961e+04 1.180285863685596451e+04 4.645465680264355797e+03 2.050469086827761657e+03 4.483080342597296521e+02 6.848292554532305587e+01 9.058063240009218475e+00
2.100503995658507920e+05 1.465666657229507109e+05 9.850392260962055298e+04 6.704673933376297646e+04 4.161890219007403357e+04 4.451058488623677840e+04 1.521743842462974862e+04 7.902000142270828292e+03 3.258225756342060322e+03 9.485976089651702523e+02 2.797502589596298890e+02 3.811854932316527567e+01 1.592429821166525095e+01
1.109615884754161671e+05 7.509826266153293545e+04 5.026778177385691379e+04 3.501352268885376543e+04 2.015732761227340961e+04 1.521743842462974862e+04 1.605860070030347742e+04 3.688934111196161211e+03 1.667223484535020589e+03 6.210845553374185783e+02 1.212476048321368012e+02 2.629432799891810291e+01 1.595692277067432130e+01
5.899699654230752640e+04 3.890355353963650850e+04 2.631990334208977583e+04 1.730715855188884598e+04 1.180285863685596451e+04 7.902000142270828292e+03 3.688934111196161211e+03 6.178773349930574113e+03 9.744597837880228326e+02 4.417733479769989344e+02 9.037585242344503911e+01 3.171796575308869848e+01 1.933045672540680604e+00
2.314417736353802320e+04 1.552190635694848061e+04 1.033531966932101386e+04 7.308500844701554342e+03 4.645465680264355797e+03 3.258225756342060322e+03 1.667223484535020589e+03 9.744597837880228326e+02 1.689260168714396059e+03 1.083770378157893646e+02 3.884717552842072052e+01 6.437068529955121576e+00 -1.608110639043517809e+00
8.333087627819646514e+03 6.228858806236921737e+03 3.962699202918550782e+03 2.980711591900393614e+03 2.050469086827761657e+03 9.485976089651702523e+02 6.210845553374185783e+02 4.417733479769989344e+02 1.083770378157893646e+02 4.725755995857662128e+02 1.583284918267349006e+01 6.533049358886631630e+00 2.512438451236517767e-01
1.658239084128195827e+03 1.024143881708813524e+03 5.301210528127334101e+02 4.142502427044437923e+02 4.483080342597296521e+02 2.797502589596298890e+02 1.212476048321368012e+02 9.037585242344503911e+01 3.884717552842072052e+01 1.583284918267349006e+01 8.322796006419453363e+01 -9.302850550841991195e-01 -1.550306734772920192e-01
3.242408044444730990e+02 1.824436846088747757e+02 1.266351617268740171e+02 5.098010783648513922e+01 6.848292554532305587e+01 3.811854932316527567e+01 2.629432799891810291e+01 3.171796575308869848e+01 6.437068529955121576e+00 6.533049358886631630e+00 -9.302850550841991195e-01 5.957492930965168298e+00 -1.177242300712411614e-02
1.446680804150408335e+02 9.138312241381819945e+01 8.501462911774385134e+01 2.551888844079832808e+01 9.058063240009218475e+00 1.592429821166525095e+01 1.595692277067432130e+01 1.933045672540680604e+00 -1.608110639043517809e+00 2.512438451236517767e-01 -1.550306734772920192e-01 -1.177242300712411614e-02 1.002509157671455320e+00
