1.821253315420966595e+06 1.105488429103785893e+06 7.241877011194186052e+05 5.007465999594129389e+05 3.250946138227208285e+05 2.048891761291139410e+05 1.083475262426281115e+05 5.764781060121572227e+04 2.262609766353611849e+04 8.149302124302964330e+03 1.622021239195775252e+03 3.172144714519782269e+02 1.415484775257353931e+02
1.105488429103785893e+06 9.559443998452379601e+05 4.959506830319783767e+05 3.509887891666883952e+05 2.238786641901532421e+05 1.439322880044267222e+05 7.382504864794190507e+04 3.827099069013917324e+04 1.527708463126269635e+04 6.132682396283691560e+03 1.008551039556330466e+03 1.796973510364880440e+02 9.001730232344873173e+01
7.241877011194186052e+05 4.959506830319783767e+05 4.524688064153909218e+05 2.389160262100576074e+05 1.464210314145465964e+05 9.718051410649641184e+04 4.964393733173227520e+04 2.601161803148598119e+04 1.021931968704111023e+04 3.919545773798235132e+03 5.244626973701698489e+02 1.253054024762430458e+02 8.413105035596286996e+01
5.007465999594129389e+05 3.509887891666883952e+05 2.389160262100576074e+05 2.311780323145077273e+05 1.004839445927310007e+05 6.635438117961322132e+04 3.468794558844169660e+04 1.715833428946646745e+04 7.249242826122379483e+03 2.957541614806842517e+03 4.111199941789321315e+02 5.060372777371264874e+01 2.533323631573029289e+01
3.250946138227208285e+05 2.238786641901532421e+05 1.464210314145465964e+05 1.004839445927310007e+05 9.957831668842614454e+04 4.127874387736344943e+04 2.001334296360576991e+04 1.172682567851625390e+04 4.617825452567718457e+03 2.038956897377020141e+03 4.458884884785088047e+02 6.812522929982458209e+01 9.011730194047714804e+00
2.048891761291139410e+05 1.439322880044267222e+05 9.718051410649641184e+04 6.635438117961322132e+04 4.127874387736344943e+04 4.421300714995311137e+04 1.513140087545788265e+04 7.862871848683956159e+03 3.243697381673978725e+03 9.446865782531398281e+02 2.786577563658534018e+02 3.797632515194700886e+01 1.586660590301180918e+01
1.083475262426281115e+05 7.382504864794190507e+04 4.964393733173227520e+04 3.468794558844169660e+04 2.001334296360576991e+04 1.513140087545788265e+04 1.598439172644009159e+04 3.674480045649149815e+03 1.661513244817445866e+03 6.191662562566601764e+02 1.208995369962549944e+02 2.622342898502918374e+01 1.591562532312560840e+01
5.764781060121572227e+04 3.827099069013917324e+04 2.601161803148598119e+04 1.715833428946646745e+04 1.172682567851625390e+04 7.862871848683956159e+03 3.674480045649149815e+03 6.158909746822073430e+03 9.718080430145055288e+02 4.407198808215241570e+02 9.018004679822510639e+01 3.165478073383556179e+01 1.929404375749113498e+00
2.262609766353611849e+04 1.527708463126269635e+04 1.021931968704111023e+04 7.249242826122379483e+03 4.617825452567718457e+03 3.243697381673978725e+03 1.661513244817445866e+03 9.718080430145055288e+02 1.685497466691606633e+03 1.081721347574461163e+02 3.878220441864034740e+01 6.427426365554470777e+00 -1.605876202986311396e+00
8.149302124302964330e+03 6.132682396283691560e+03 3.919545773798235132e+03 2.957541614806842517e+03 2.038956897377020141e+03 9.446865782531398281e+02 6.191662562566601764e+02 4.407198808215241570e+02 1.081721347574461163e+02 4.718413302645134308e+02 1.581170415248129757e+01 6.525465205785838663e+00 2.509794309917412480e-01
1.622021239195775252e+03 1.008551039556330466e+03 5.244626973701698489e+02 4.111199941789321315e+02 4.458884884785088047e+02 2.786577563658534018e+02 1.208995369962549944e+02 9.018004679822510639e+01 3.878220441864034740e+01 1.581170415248129757e+01 8.313497573921667083e+01 -9.294082053913701458e-01 -1.549013675652284316e-01
3.172144714519782269e+02 1.796973510364880440e+02 1.253054024762430458e+02 5.060372777371264874e+01 6.812522929982458209e+01 3.797632515194700886e+01 2.622342898502918374e+01 3.165478073383556179e+01 6.427426365554470777e+00 6.525465205785838663e+00 -9.294082053913701458e-01 5.952918378835863500e+00 -1.176466082773886326e-02
1.415484775257353931e+02 9.001730232344873173e+01 8.413105035596286996e+01 2.533323631573029289e+01 9.011730194047714804e+00 1.586660590301180918e+01 1.591562532312560840e+01 1.929404375749113498e+00 -1.605876202986311396e+00 2.509794309917412480e-01 -1.549013675652284316e-01 -1.176466082773886326e-02 1.001956947162427225e+00
