1.830717318589465925e+06 1.081262012677070918e+06 6.897800988901534583e+05 4.534733791798274033e+05 2.775792788997790776e+05 1.647303043013911811e+05 9.001566829537317972e+04 3.663206569731867785e+04 1.544186045810780342e+04 3.773016532922757051e+03 3.387549479136748118e+02 2.101004885626169596e+02
1.081262012677070918e+06 8.752091127512608655e+05 4.625376429941519164e+05 3.125156818732768879e+05 1.888653801174557011e+05 1.130439921864970238e+05 6.025203372031106119e+04 2.445138309637155544e+04 9.905898735887776638e+03 2.716424699343950579e+03 2.555464650795678381e+02 1.754145978015825449e+02
6.897800988901534583e+05 4.625376429941519164e+05 4.150190325304361759e+05 2.023697401094385132e+05 1.229482205772050656e+05 7.426660290981947037e+04 4.072309702449779434e+04 1.662045001444949230e+04 6.702563252484009354e+03 1.846514529439231183e+03 1.115564000119454136e+02 8.562684405359304662e+01
4.534733791798274033e+05 3.125156818732768879e+05 2.023697401094385132e+05 1.931827113421754329e+05 8.214925651691817620e+04 5.122806571464707667e+04 2.579374029693739431e+04 1.149573974716454359e+04 4.823605623649767949e+03 1.225441590929073982e+03 8.053651380006834870e+01 4.611240426117866065e+01
2.775792788997790776e+05 1.888653801174557011e+05 1.229482205772050656e+05 8.214925651691817620e+04 7.958258252455774345e+04 2.800603203040795779e+04 1.629950414877911862e+04 6.716645161168964478e+03 2.954476328651402582e+03 6.805667367195435418e+02 1.567886050949653338e+02 5.276164857889154547e+01
1.647303043013911811e+05 1.130439921864970238e+05 7.426660290981947037e+04 5.122806571464707667e+04 2.800603203040795779e+04 3.345256728100126202e+04 9.840510447508315337e+03 4.128065858474547895e+03 1.683280663649602275e+03 4.489078593423689085e+02 3.965571984298036057e+01 2.254356104080245160e+01
9.001566829537317972e+04 6.025203372031106119e+04 4.072309702449779434e+04 2.579374029693739431e+04 1.629950414877911862e+04 9.840510447508315337e+03 1.145335902865081334e+04 2.184389381658971615e+03 8.750658175859421135e+02 2.507911922097607373e+02 9.175841991472816872e+00 1.555284212931148069e+01
3.663206569731867785e+04 2.445138309637155544e+04 1.662045001444949230e+04 1.149573974716454359e+04 6.716645161168964478e+03 4.128065858474547895e+03 2.184389381658971615e+03 3.767503873138406561e+03 4.866467905919380428e+02 1.142790741698236161e+02 1.908359110186101759e+01 1.230533099493747429e+01
1.544186045810780342e+04 9.905898735887776638e+03 6.702563252484009354e+03 4.823605623649767949e+03 2.954476328651402582e+03 1.683280663649602275e+03 8.750658175859421135e+02 4.866467905919380428e+02 9.420497026622911108e+02 6.353119846657737924e+01 1.503388045464245337e+01 -1.023265394201071099e-01
3.773016532922757051e+03 2.716424699343950579e+03 1.846514529439231183e+03 1.225441590929073982e+03 6.805667367195435418e+02 4.489078593423689085e+02 2.507911922097607373e+02 1.142790741698236161e+02 6.353119846657737924e+01 1.973185197339842603e+02 3.070979129100633642e+00 6.214378278554315571e-01
3.387549479136748118e+02 2.555464650795678381e+02 1.115564000119454136e+02 8.053651380006834870e+01 1.567886050949653338e+02 3.965571984298036057e+01 9.175841991472816872e+00 1.908359110186101759e+01 1.503388045464245337e+01 3.070979129100633642e+00 2.413048619265744676e+01 -1.808466986006727062e-01
2.101004885626169596e+02 1.754145978015825449e+02 8.562684405359304662e+01 4.611240426117866065e+01 5.276164857889154547e+01 2.254356104080245160e+01 1.555284212931148069e+01 1.230533099493747429e+01 -1.023265394201071099e-01 6.214378278554315571e-01 -1.808466986006727062e-01 3.992850987476806335e+00
