1.355132881639974948e+04 1.877663876598923707e+03 4.741597492201782416e+02 8.634599876653228989e+01 -3.665455657713828086e-01 -1.728167304968735829e+00
1.877663876598923707e+03 2.480406729618165173e+03 1.783485876946560325e+02 9.105037771255203305e-01 7.801226364841410410e-01 -6.334226277412112749e-01
4.741597492201782416e+02 1.783485876946560325e+02 5.641888313014030700e+02 4.479289460268275569e+00 6.450652692407884414e-01 1.340462240148515560e+00
8.634599876653228989e+01 9.105037771255203305e-01 4.479289460268275569e+00 6.971652916127865751e+01 1.825918719967639658e-01 -4.163407758353940280e-01
-3.665455657713828086e-01 7.801226364841410410e-01 6.450652692407884414e-01 1.825918719967639658e-01 6.009907046633473193e+00 -3.559381439168460975e-02
-1.728167304968735829e+00 -6.334226277412112749e-01 1.340462240148515560e+00 -4.163407758353940280e-01 -3.559381439168460975e-02 3.016317834658312602e+00
