1.104881146352143027e+06 5.664927853672321653e+05 3.512152937814321485e+05 1.826852179907787940e+05 9.637138854169126716e+04 4.157265820388834982e+04 1.447145394115624913e+04 4.660979740838632097e+03 1.046942722221227996e+03 1.672388439070503452e+01
5.664927853672321653e+05 4.674037678166109254e+05 2.202768890855506179e+05 1.143895508444688603e+05 5.872626209813111927e+04 2.502967197004025365e+04 9.620821112395771706e+03 2.718047609438247491e+03 6.594091737797400583e+02 -8.883293490503403333e+00
3.512152937814321485e+05 2.202768890855506179e+05 1.912335687419627211e+05 7.298496670060402539e+04 3.602141848273203505e+04 1.604214432092871175e+04 6.055699567804379512e+03 1.581628546345044697e+03 4.196355841610790094e+02 -1.108876151304208157e+01
1.826852179907787940e+05 1.143895508444688603e+05 7.298496670060402539e+04 6.093341004961283761e+04 1.922360638769237630e+04 8.625464720707661400e+03 3.259898804846658550e+03 7.195687655234492013e+02 1.940678810580196512e+02 2.982310147830511404e+00
9.637138854169126716e+04 5.872626209813111927e+04 3.602141848273203505e+04 1.922360638769237630e+04 2.187937594711297788e+04 4.973116885112802265e+03 1.623370577842731791e+03 5.733184920111744987e+02 1.580136002815229972e+02 2.123913433622320213e+00
4.157265820388834982e+04 2.502967197004025365e+04 1.604214432092871175e+04 8.625464720707661400e+03 4.973116885112802265e+03 5.786684185984961005e+03 8.720885059562353945e+02 1.505668676064163947e+02 4.704762135100103393e+01 5.501689374918729669e+00
1.447145394115624913e+04 9.620821112395771706e+03 6.055699567804379512e+03 3.259898804846658550e+03 1.623370577842731791e+03 8.720885059562353945e+02 1.487228072153251105e+03 1.365584010282506426e+02 3.586569023736932138e+01 2.824685072512707062e+00
4.660979740838632097e+03 2.718047609438247491e+03 1.581628546345044697e+03 7.195687655234492013e+02 5.733184920111744987e+02 1.505668676064163947e+02 1.365584010282506426e+02 3.136095385200326291e+02 1.005513963343492456e+01 4.678210516257959584e-01
1.046942722221227996e+03 6.594091737797400583e+02 4.196355841610790094e+02 1.940678810580196512e+02 1.580136002815229972e+02 4.704762135100103393e+01 3.586569023736932138e+01 1.005513963343492456e+01 4.365707385213187308e+01 -8.447966499951356512e-02
1.672388439070503452e+01 -8.883293490503403333e+00 -1.108876151304208157e+01 2.982310147830511404e+00 2.123913433622320213e+00 5.501689374918729669e+00 2.824685072512707062e+00 4.678210516257959584e-01 -8.447966499951356512e-02 1.003644823890535775e+00
