2.134479018245235551e+06 1.231135373700900935e+06 8.938779560900145443e+05 5.885376404168686131e+05 4.379057360341925523e+05 2.771999041256535565e+05 1.628591390249053366e+05 9.548070887903080438e+04 4.445632824978874123e+04 2.239095742274641088e+04 6.168626577403371812e+03 1.550234577744392709e+03 3.564279172096257184e+02
1.231135373700900935e+06 1.048414063794576796e+06 6.009870568480811780e+05 4.138649627648958704e+05 2.918855150968406815e+05 1.892823219428012089e+05 1.090983658308474551e+05 6.323910720590066921e+04 3.135656567740241371e+04 1.509830229578933904e+04 3.958310980439822288e+03 9.512887304443016774e+02 2.677563325379073262e+02
8.938779560900145443e+05 6.009870568480811780e+05 5.621807699933446711e+05 2.985812781340721995e+05 2.202780004859907494e+05 1.392979637653425161e+05 7.855158383343934838e+04 4.582384260330969119e+04 2.224425229209930694e+04 9.632240870282312244e+03 2.933674448618676251e+03 6.688812101504088332e+02 2.481427407518878567e+02
5.885376404168686131e+05 4.138649627648958704e+05 2.985812781340721995e+05 2.805336360737251816e+05 1.435642983400440135e+05 9.078517691227245086e+04 5.541482038702158752e+04 3.210187998435295958e+04 1.410631973418261259e+04 7.769691803888134928e+03 1.878089116869813779e+03 3.893970624610130358e+02 1.346711408636409146e+02
4.379057360341925523e+05 2.918855150968406815e+05 2.202780004859907494e+05 1.435642983400440135e+05 1.516653595350900723e+05 6.499373162659454829e+04 4.132919727844203589e+04 2.396238943255188133e+04 1.131329264857633825e+04 5.202324079323175283e+03 1.999116161121269897e+03 4.302634022072736570e+02 1.030878222517020646e+02
2.771999041256535565e+05 1.892823219428012089e+05 1.392979637653425161e+05 9.078517691227245086e+04 6.499373162659454829e+04 7.075022684670766466e+04 2.487854867462291440e+04 1.308919672451606129e+04 7.016188234915919566e+03 3.364867397214739412e+03 9.084644279552989019e+02 2.501008000932752395e+02 4.219941089173880044e+01
1.628591390249053366e+05 1.090983658308474551e+05 7.855158383343934838e+04 5.541482038702158752e+04 4.132919727844203589e+04 2.487854867462291440e+04 2.808335054293844223e+04 8.561458403085032842e+03 4.229350784708436549e+03 1.827442982520776923e+03 6.944483201708745810e+02 1.388404566899713757e+02 3.460577295393692054e+01
9.548070887903080438e+04 6.323910720590066921e+04 4.582384260330969119e+04 3.210187998435295958e+04 2.396238943255188133e+04 1.308919672451606129e+04 8.561458403085032842e+03 1.121351903432296240e+04 2.703735733896410693e+03 1.220558968797829721e+03 4.050420046381614725e+02 8.417380186856816238e+01 1.727944043986228806e+01
4.445632824978874123e+04 3.135656567740241371e+04 2.224425229209930694e+04 1.410631973418261259e+04 1.131329264857633825e+04 7.016188234915919566e+03 4.229350784708436549e+03 2.703735733896410693e+03 3.952915831635019913e+03 6.615026694399101643e+02 1.761771187074269278e+02 4.933994514766847317e+01 1.477032118531661453e+01
2.239095742274641088e+04 1.509830229578933904e+04 9.632240870282312244e+03 7.769691803888134928e+03 5.202324079323175283e+03 3.364867397214739412e+03 1.827442982520776923e+03 1.220558968797829721e+03 6.615026694399101643e+02 1.338089548357498415e+03 9.889717476718759315e+01 1.802938444858762423e+01 7.612587158488645755e+00
6.168626577403371812e+03 3.958310980439822288e+03 2.933674448618676251e+03 1.878089116869813779e+03 1.999116161121269897e+03 9.084644279552989019e+02 6.944483201708745810e+02 4.050420046381614725e+02 1.761771187074269278e+02 9.889717476718759315e+01 3.525873892063875701e+02 1.247007793990221458e+01 -3.458671345981884637e-01
1.550234577744392709e+03 9.512887304443016774e+02 6.688812101504088332e+02 3.893970624610130358e+02 4.302634022072736570e+02 2.501008000932752395e+02 1.388404566899713757e+02 8.417380186856816238e+01 4.933994514766847317e+01 1.802938444858762423e+01 1.247007793990221458e+01 4.482475552549684039e+01 -3.300308082036211843e-01
3.564279172096257184e+02 2.677563325379073262e+02 2.481427407518878567e+02 1.346711408636409146e+02 1.030878222517020646e+02 4.219941089173880044e+01 3.460577295393692054e+01 1.727944043986228806e+01 1.477032118531661453e+01 7.612587158488645755e+00 -3.458671345981884637e-01 -3.300308082036211843e-01 3.990796101942278629e+00
