1.598576811332585989e+06 9.070510282665365376e+05 5.862650175512129208e+05 3.745709968941389816e+05 2.259373935608280881e+05 1.139109284661069541e+05 6.079414364987471345e+04 2.128706357588923856e+04 7.524418242883559287e+03 1.585703731220377222e+03 3.871828309480914072e+02 1.259367726073240590e+02
9.070510282665365376e+05 7.513571833440918708e+05 3.974241956487388816e+05 2.548750847001832444e+05 1.536761644141922879e+05 7.926527487256475433e+04 4.023031848070152046e+04 1.379130600756022613e+04 5.503322061420015416e+03 1.107223210695359967e+03 2.526617774901600626e+02 1.036839166516852231e+02
5.862650175512129208e+05 3.974241956487388816e+05 3.582266751735581202e+05 1.666368755634266417e+05 1.015056818562987901e+05 5.193229523477335897e+04 2.747334576690343965e+04 1.010359267925588210e+04 3.825781427001231350e+03 4.077631442894173688e+02 1.454582664741591884e+02 2.273716782640933332e+01
3.745709968941389816e+05 2.548750847001832444e+05 1.666368755634266417e+05 1.515250334365973831e+05 6.740286343878527987e+04 3.061948469866288724e+04 1.724366141367314049e+04 6.012182857755557052e+03 2.725842502134987171e+03 6.298917053779485968e+02 8.183890227135847795e+01 1.899404490638385923e+01
2.259373935608280881e+05 1.536761644141922879e+05 1.015056818562987901e+05 6.740286343878527987e+04 6.403878220441529993e+04 2.011623668720529531e+04 9.878283738189838914e+03 4.190023169335273451e+03 1.454974820102542253e+03 2.436069102063719072e+02 5.242332864840285112e+01 1.877639868107068466e+01
1.139109284661069541e+05 7.926527487256475433e+04 5.193229523477335897e+04 3.061948469866288724e+04 2.011623668720529531e+04 2.054017035780246806e+04 5.343993259829452654e+03 2.053331352131766380e+03 6.741523201887209780e+02 1.515798116581918862e+02 2.823126443296318655e+01 1.089603670329048946e+01
6.079414364987471345e+04 4.023031848070152046e+04 2.747334576690343965e+04 1.724366141367314049e+04 9.878283738189838914e+03 5.343993259829452654e+03 7.495514432006190873e+03 1.267891222843030846e+03 3.685848629562502197e+02 1.443014081594315599e+02 1.442739572841668050e+01 3.241164058041964502e+00
2.128706357588923856e+04 1.379130600756022613e+04 1.010359267925588210e+04 6.012182857755557052e+03 4.190023169335273451e+03 2.053331352131766380e+03 1.267891222843030846e+03 1.779787301672467947e+03 1.484366864403957891e+02 8.778397754297991185e+01 3.117635119350832262e+00 3.029400163142767166e+00
7.524418242883559287e+03 5.503322061420015416e+03 3.825781427001231350e+03 2.725842502134987171e+03 1.454974820102542253e+03 6.741523201887209780e+02 3.685848629562502197e+02 1.484366864403957891e+02 5.268038648749197819e+02 2.651362395211447520e+01 2.772538401737122182e+00 -8.764672316665649277e-01
1.585703731220377222e+03 1.107223210695359967e+03 4.077631442894173688e+02 6.298917053779485968e+02 2.436069102063719072e+02 1.515798116581918862e+02 1.443014081594315599e+02 8.778397754297991185e+01 2.651362395211447520e+01 8.921534461035302854e+01 3.921553609246297700e-02 -1.607836979790978893e-01
3.871828309480914072e+02 2.526617774901600626e+02 1.454582664741591884e+02 8.183890227135847795e+01 5.242332864840285112e+01 2.823126443296318655e+01 1.442739572841668050e+01 3.117635119350832262e+00 2.772538401737122182e+00 3.921553609246297700e-02 5.952918378835864388e+00 9.921530631393107313e-01
1.259367726073240590e+02 1.036839166516852231e+02 2.273716782640933332e+01 1.899404490638385923e+01 1.877639868107068466e+01 1.089603670329048946e+01 3.241164058041964502e+00 3.029400163142767166e+00 -8.764672316665649277e-01 -1.607836979790978893e-01 9.921530631393107313e-01 1.001956947162427225e+00
