2.082358503709790995e+06 1.193601462351873051e+06 8.527539432253316045e+05 5.782304624319765717e+05 3.924480835800682544e+05 2.521715371914838906e+05 1.424592802567348990e+05 8.388263447608069691e+04 3.448420811860253889e+04 1.688689314798698251e+04 3.698989613731329428e+03 9.559351635119794537e+02 1.161833815341824447e+02
1.193601462351873051e+06 9.969619037192091346e+05 5.729311663740160875e+05 3.828686287827124470e+05 2.626456141441938234e+05 1.701131656283230986e+05 9.096681534164212644e+04 5.171167302745223424e+04 2.234834098848976282e+04 1.139546573783365420e+04 2.146910420849041202e+03 5.472315067767659684e+02 8.181257663524380064e+01
8.527539432253316045e+05 5.729311663740160875e+05 5.341384923835562076e+05 2.917004161932500429e+05 1.951550852310011978e+05 1.263558073587474937e+05 6.486096657236978353e+04 3.738538170015106152e+04 1.704539504641151143e+04 7.614500765925754422e+03 1.603289847712419260e+03 4.439874452539757499e+02 9.802849155545916915e+01
5.782304624319765717e+05 3.828686287827124470e+05 2.917004161932500429e+05 2.729117594262755010e+05 1.295927717406972515e+05 8.363258946705519338e+04 4.767134562810277566e+04 2.591463521675710945e+04 1.122723813547731334e+04 5.885736613364745608e+03 1.178900900096901523e+03 3.060540825469420838e+02 5.272928034191590996e+01
3.924480835800682544e+05 2.626456141441938234e+05 1.951550852310011978e+05 1.295927717406972515e+05 1.285058844211414107e+05 5.661888732825405896e+04 3.272099585044370906e+04 1.729886801890388597e+04 6.953985319277974668e+03 4.322231392001835957e+03 1.019545331520887999e+03 2.915732390616129237e+02 5.392650102872255324e+00
2.521715371914838906e+05 1.701131656283230986e+05 1.263558073587474937e+05 8.363258946705519338e+04 5.661888732825405896e+04 6.014218525370702991e+04 1.921364503727547344e+04 1.144880796049459968e+04 5.081621729290032818e+03 2.498214275124021242e+03 3.683832974124289308e+02 1.321981458551163087e+02 1.640161798426708017e+01
1.424592802567348990e+05 9.096681534164212644e+04 6.486096657236978353e+04 4.767134562810277566e+04 3.272099585044370906e+04 1.921364503727547344e+04 2.191633635332703852e+04 6.386324823150785960e+03 2.604133172438797374e+03 1.215561978221006711e+03 3.473779860141937661e+02 8.281475314508435304e+01 1.490027193963823215e+01
8.388263447608069691e+04 5.171167302745223424e+04 3.738538170015106152e+04 2.591463521675710945e+04 1.729886801890388597e+04 1.144880796049459968e+04 6.386324823150785960e+03 9.398397306878156087e+03 1.720809868373092741e+03 8.642902072628043015e+02 2.593640183601236799e+02 6.784492939110526777e+01 2.797932939541601272e+00
3.448420811860253889e+04 2.234834098848976282e+04 1.704539504641151143e+04 1.122723813547731334e+04 6.953985319277974668e+03 5.081621729290032818e+03 2.604133172438797374e+03 1.720809868373092741e+03 2.783401777503987432e+03 3.630740073777682255e+02 5.077547859838831101e+01 1.659025786590564522e+01 2.996238625965579327e+00
1.688689314798698251e+04 1.139546573783365420e+04 7.614500765925754422e+03 5.885736613364745608e+03 4.322231392001835957e+03 2.498214275124021242e+03 1.215561978221006711e+03 8.642902072628043015e+02 3.630740073777682255e+02 8.892850106121655926e+02 9.169803706819293154e+01 1.413936509457159296e+01 -1.388059769872852067e+00
3.698989613731329428e+03 2.146910420849041202e+03 1.603289847712419260e+03 1.178900900096901523e+03 1.019545331520887999e+03 3.683832974124289308e+02 3.473779860141937661e+02 2.593640183601236799e+02 5.077547859838831101e+01 9.169803706819293154e+01 1.946152225659203339e+02 1.544990181389518602e+00 6.485143129808564888e-01
9.559351635119794537e+02 5.472315067767659684e+02 4.439874452539757499e+02 3.060540825469420838e+02 2.915732390616129237e+02 1.321981458551163087e+02 8.281475314508435304e+01 6.784492939110526777e+01 1.659025786590564522e+01 1.413936509457159296e+01 1.544990181389518602e+00 2.026015117174183899e+01 -4.125376947128887167e-02
1.161833815341824447e+02 8.181257663524380064e+01 9.802849155545916915e+01 5.272928034191590996e+01 5.392650102872255324e+00 1.640161798426708017e+01 1.490027193963823215e+01 2.797932939541601272e+00 2.996238625965579327e+00 -1.388059769872852067e+00 6.485143129808564888e-01 -4.125376947128887167e-02 1.003616264349864950e+00
