1.684604619045994245e+06 9.494316848131922306e+05 6.106190659197086934e+05 3.886907888632530230e+05 2.338128256229860999e+05 1.176415108369087829e+05 6.269026691797577223e+04 2.192632097736027936e+04 7.743819232006762832e+03 1.630921092282664631e+03 3.980532856953241208e+02 1.294296503694944249e+02
9.494316848131922306e+05 7.811707381854372798e+05 4.111480233708677697e+05 2.627029852670075488e+05 1.579625919415564567e+05 8.131032453282362258e+04 4.120589647283335216e+04 1.410986725304262291e+04 5.625676186420105296e+03 1.131132824432980215e+03 2.580074177113730229e+02 1.058425112948451243e+02
6.106190659197086934e+05 4.111480233708677697e+05 3.687620357883700053e+05 1.709043503437589388e+05 1.038203456770017510e+05 5.300839084755599470e+04 2.800024473588483306e+04 1.028579208740182185e+04 3.891475807751131924e+03 4.145059532843864645e+02 1.478003394046017149e+02 2.309561267892924619e+01
3.886907888632530230e+05 2.627029852670075488e+05 1.709043503437589388e+05 1.548317827697707398e+05 6.868536122679295659e+04 3.113857278231564851e+04 1.750948949917430218e+04 6.098005545452810111e+03 2.762413332701178660e+03 6.379437904934252401e+02 8.284962393187647933e+01 1.922225360997407151e+01
2.338128256229860999e+05 1.579625919415564567e+05 1.038203456770017510e+05 6.868536122679295659e+04 6.507872237137908087e+04 2.040129220627025279e+04 1.000312297154256157e+04 4.238207077371818741e+03 1.470460943868210506e+03 2.460459622524228678e+02 5.292555893132861655e+01 1.895000175055815816e+01
1.176415108369087829e+05 8.131032453282362258e+04 5.300839084755599470e+04 3.113857278231564851e+04 2.040129220627025279e+04 2.078882609863784091e+04 5.400512787014195965e+03 2.072715866886951517e+03 6.799406963597700724e+02 1.527857983262631194e+02 2.844370563939113339e+01 1.097439277224403043e+01
6.269026691797577223e+04 4.120589647283335216e+04 2.800024473588483306e+04 1.750948949917430218e+04 1.000312297154256157e+04 5.400512787014195965e+03 7.563341561600432215e+03 1.277926573089881458e+03 3.711877795820498136e+02 1.452296750964057139e+02 1.451399475278215512e+01 3.259538598645355556e+00
2.192632097736027936e+04 1.410986725304262291e+04 1.028579208740182185e+04 6.098005545452810111e+03 4.238207077371818741e+03 2.072715866886951517e+03 1.277926573089881458e+03 1.791858230938586303e+03 1.493169332869581467e+02 8.824938515518201143e+01 3.132823581303297189e+00 3.043150247200311576e+00
7.743819232006762832e+03 5.625676186420105296e+03 3.891475807751131924e+03 2.762413332701178660e+03 1.470460943868210506e+03 6.799406963597700724e+02 3.711877795820498136e+02 1.493169332869581467e+02 5.294793557177030152e+02 2.663163279879467282e+01 2.783687587051173029e+00 -8.797002247464703606e-01
1.630921092282664631e+03 1.131132824432980215e+03 4.145059532843864645e+02 6.379437904934252401e+02 2.460459622524228678e+02 1.527857983262631194e+02 1.452296750964057139e+02 8.824938515518201143e+01 2.663163279879467282e+01 8.955645242154209029e+01 3.934863774047342444e-02 -1.612759670445889082e-01
3.980532856953241208e+02 2.580074177113730229e+02 1.478003394046017149e+02 8.284962393187647933e+01 5.292555893132861655e+01 2.844370563939113339e+01 1.451399475278215512e+01 3.132823581303297189e+00 2.783687587051173029e+00 3.934863774047342444e-02 5.970568619775158403e+00 9.947650996527579448e-01
1.294296503694944249e+02 1.058425112948451243e+02 2.309561267892924619e+01 1.922225360997407151e+01 1.895000175055815816e+01 1.097439277224403043e+01 3.259538598645355556e+00 3.043150247200311576e+00 -8.797002247464703606e-01 -1.612759670445889082e-01 9.947650996527579448e-01 1.004261976689319491e+00
