1.367839361108674893e+04 1.895314193733255706e+03 4.784465842475167960e+02 8.708294171415668927e+01 -3.694272512096263839e-01 -1.741097876369816611e+00
1.895314193733255706e+03 2.503781435716340184e+03 1.799652270737965409e+02 9.182961763967971702e-01 7.862741332281212303e-01 -6.381769663158844974e-01
4.784465842475167960e+02 1.799652270737965409e+02 5.691003055393931618e+02 4.516016942696396974e+00 6.499204142904281278e-01 1.350042829017389145e+00
8.708294171415668927e+01 9.182961763967971702e-01 4.516016942696396974e+00 7.025290576957543465e+01 1.838738883276042069e-01 -4.191061260306410130e-01
-3.694272512096263839e-01 7.862741332281212303e-01 6.499204142904281278e-01 1.838738883276042069e-01 6.048065115714068796e+00 -3.580631909400820712e-02
-1.741097876369816611e+00 -6.381769663158844974e-01 1.350042829017389145e+00 -4.191061260306410130e-01 -3.580631909400820712e-02 3.033183543414978089e+00
