1.668895924082869897e+06 9.405891141660298454e+05 6.051600666255182587e+05 3.854213339908845956e+05 2.319778254791494401e+05 1.167814110188928898e+05 6.226198280267634254e+04 2.178555863599585427e+04 7.696807515427319231e+03 1.621482981795838441e+03 3.958334355439794194e+02 1.287303230800426377e+02
9.405891141660298454e+05 7.739041117453445913e+05 4.074769703176483745e+05 2.604962462872085744e+05 1.567246664708280878e+05 8.071677093289258482e+04 4.092485558282541751e+04 1.401944501174248398e+04 5.591587303498168694e+03 1.124599823947252389e+03 2.565715010310793787e+02 1.052718311066216899e+02
6.051600666255182587e+05 4.074769703176483745e+05 3.656072001361200237e+05 1.695326121709588042e+05 1.030455515026255598e+05 5.264127266564296588e+04 2.781975430679460987e+04 1.022372853669853976e+04 3.869353326871686022e+03 4.122672654147971230e+02 1.470331727028944897e+02 2.297974491481079085e+01
3.854213339908845956e+05 2.604962462872085744e+05 1.695326121709588042e+05 1.536709762105557602e+05 6.820913842548897082e+04 3.093941248175737201e+04 1.740590251373028150e+04 6.064443899126737051e+03 2.748174561064125101e+03 6.348368010186162564e+02 8.246355219456219743e+01 1.913602010243855389e+01
2.319778254791494401e+05 1.567246664708280878e+05 1.030455515026255598e+05 6.820913842548897082e+04 6.466421904203409940e+04 2.028232218069970622e+04 9.949592910746529014e+03 4.217275585265707377e+03 1.463712524914309597e+03 2.449867316597190268e+02 5.270885616430036436e+01 1.887570631332823012e+01
1.167814110188928898e+05 8.071677093289258482e+04 5.264127266564296588e+04 3.093941248175737201e+04 2.028232218069970622e+04 2.067878174123923236e+04 5.374520020847568048e+03 2.063595458852017600e+03 6.771865333230948636e+02 1.522103874397000993e+02 2.834257445859567426e+01 1.093728272973145366e+01
6.226198280267634254e+04 4.092485558282541751e+04 2.781975430679460987e+04 1.740590251373028150e+04 9.949592910746529014e+03 5.374520020847568048e+03 7.530574393759405211e+03 1.272917905936789111e+03 3.698627976521963205e+02 1.447525998505419409e+02 1.446937544655608576e+01 3.250085385425438123e+00
2.178555863599585427e+04 1.401944501174248398e+04 1.022372853669853976e+04 6.064443899126737051e+03 4.217275585265707377e+03 2.063595458852017600e+03 1.272917905936789111e+03 1.785575613511566871e+03 1.488456501819222240e+02 8.799597352402749095e+01 3.124488052254078774e+00 3.035583214932802587e+00
7.696807515427319231e+03 5.591587303498168694e+03 3.869353326871686022e+03 2.748174561064125101e+03 1.463712524914309597e+03 6.771865333230948636e+02 3.698627976521963205e+02 1.488456501819222240e+02 5.279935331988270946e+02 2.656448446515451423e+01 2.777255962717508631e+00 -8.778209400524756845e-01
1.621482981795838441e+03 1.124599823947252389e+03 4.122672654147971230e+02 6.348368010186162564e+02 2.449867316597190268e+02 1.522103874397000993e+02 1.447525998505419409e+02 8.799597352402749095e+01 2.656448446515451423e+01 8.935616180582015033e+01 3.926893679069751175e-02 -1.609774021977837810e-01
3.958334355439794194e+02 2.565715010310793787e+02 1.470331727028944897e+02 8.246355219456219743e+01 5.270885616430036436e+01 2.834257445859567426e+01 1.446937544655608576e+01 3.124488052254078774e+00 2.777255962717508631e+00 3.926893679069751175e-02 5.959735043800103327e+00 9.931334667571940500e-01
1.287303230800426377e+02 1.052718311066216899e+02 2.297974491481079085e+01 1.913602010243855389e+01 1.887570631332823012e+01 1.093728272973145366e+01 3.250085385425438123e+00 3.035583214932802587e+00 -8.778209400524756845e-01 -1.609774021977837810e-01 9.931334667571940500e-01 1.002789817394544425e+00
