1.979321498309112503e+05 6.792399281558764051e+04 2.978847415565968913e+04 1.055464193228379008e+04 3.986647477605947188e+03 3.378085102308780279e+02 -5.092137361606284607e+00 -4.135278280950106300e+00
6.792399281558764051e+04 5.291039933210739400e+04 1.378745308113865394e+04 5.030929752872961217e+03 1.659699526273170250e+03 1.752248191451422485e+02 1.516268703015033736e+01 -1.103917341002798480e+00
2.978847415565968913e+04 1.378745308113865394e+04 1.366529668621148085e+04 2.235662026416861409e+03 1.001862829875805232e+03 9.293297743192337634e+01 7.850950325710786437e+00 -5.262724943608983352e+00
1.055464193228379008e+04 5.030929752872961217e+03 2.235662026416861409e+03 3.065839239279769572e+03 3.010811999034797850e+02 1.720777723737289477e+01 7.670558859685654873e+00 -1.490190371513532064e+00
3.986647477605947188e+03 1.659699526273170250e+03 1.001862829875805232e+03 3.010811999034797850e+02 6.800836700226741414e+02 5.125470567284914125e+00 6.003898575755890477e+00 -1.137250546681397578e-01
3.378085102308780279e+02 1.752248191451422485e+02 9.293297743192337634e+01 1.720777723737289477e+01 5.125470567284914125e+00 9.985648032904285287e+01 1.549013675652279876e-01 7.980361594816195447e-01
-5.092137361606284607e+00 1.516268703015033736e+01 7.850950325710786437e+00 7.670558859685654873e+00 6.003898575755890477e+00 1.549013675652279876e-01 8.876436594528971824e+00 -1.764699124160830704e-02
-4.135278280950106300e+00 -1.103917341002798480e+00 -5.262724943608983352e+00 -1.490190371513532064e+00 -1.137250546681397578e-01 7.980361594816195447e-01 -1.764699124160830704e-02 1.001956947162427003e+00
