2.062931296311429935e+06 1.182483570815893589e+06 8.451309308777814731e+05 5.733680069562273566e+05 3.893691312775301631e+05 2.503290240928987623e+05 1.414872615540039551e+05 8.334484262030069658e+04 3.427516114908003510e+04 1.678936491138516067e+04 3.678460427604883080e+03 9.508184646912401377e+02 1.155762188420738994e+02
1.182483570815893589e+06 9.876904303643724415e+05 5.678180809547655517e+05 3.796547004760949058e+05 2.605889332565371878e+05 1.688727502641915053e+05 9.034749078649179137e+04 5.138090711207472486e+04 2.221319589164961144e+04 1.132982240289688343e+04 2.135027188715145257e+03 5.443105765977777537e+02 8.138625218375689485e+01
8.451309308777814731e+05 5.678180809547655517e+05 5.295721447330815718e+05 2.893613581972634420e+05 1.937002470085375826e+05 1.254819745859275135e+05 6.444378026668141683e+04 3.716032339240097645e+04 1.694873601870982384e+04 7.573505487500296113e+03 1.595019568814190734e+03 4.417848881542504387e+02 9.755460753525873940e+01
5.733680069562273566e+05 3.796547004760949058e+05 2.893613581972634420e+05 2.708681634752698592e+05 1.286954845281054440e+05 8.309863869498400891e+04 4.739005702269904577e+04 2.577240776924979582e+04 1.116954307502872507e+04 5.857179877530747945e+03 1.173447058922596625e+03 3.046986794474779003e+02 5.250244621589860117e+01
3.893691312775301631e+05 2.605889332565371878e+05 1.937002470085375826e+05 1.286954845281054440e+05 1.276886696673901170e+05 5.628938615292023314e+04 3.254641439458074092e+04 1.721370659221586175e+04 6.922182724795002287e+03 4.303705727623530038e+03 1.015405610221913093e+03 2.904469853114739522e+02 5.372504077634679298e+00
2.503290240928987623e+05 1.688727502641915053e+05 1.254819745859275135e+05 8.309863869498400891e+04 5.628938615292023314e+04 5.982465753632234555e+04 1.912151220121446386e+04 1.139863419415330645e+04 5.061129596064711222e+03 2.488857750502045747e+03 3.670868135422143723e+02 1.317590365658548137e+02 1.634922002982428424e+01
1.414872615540039551e+05 9.034749078649179137e+04 6.444378026668141683e+04 4.739005702269904577e+04 3.254641439458074092e+04 1.912151220121446386e+04 2.182186595032982223e+04 6.361433689197543572e+03 2.594894879871068042e+03 1.211599127067338259e+03 3.463240095203141777e+02 8.257987344278915032e+01 1.485990372345743538e+01
8.334484262030069658e+04 5.138090711207472486e+04 3.716032339240097645e+04 2.577240776924979582e+04 1.721370659221586175e+04 1.139863419415330645e+04 6.361433689197543572e+03 9.365648941721899973e+03 1.715416334429696008e+03 8.618298076554200406e+02 2.586843217396055365e+02 6.768056414025627987e+01 2.791509923783113578e+00
3.427516114908003510e+04 2.221319589164961144e+04 1.694873601870982384e+04 1.116954307502872507e+04 6.922182724795002287e+03 5.061129596064711222e+03 2.594894879871068042e+03 1.715416334429696008e+03 2.775652748742571475e+03 3.621676506739989918e+02 5.066021006047201780e+01 1.655588078255211926e+01 2.990410797438142865e+00
1.678936491138516067e+04 1.132982240289688343e+04 7.573505487500296113e+03 5.857179877530747945e+03 4.303705727623530038e+03 2.488857750502045747e+03 1.211599127067338259e+03 8.618298076554200406e+02 3.621676506739989918e+02 8.873209479756811788e+02 9.151626028611173069e+01 1.411413697339703432e+01 -1.385759568944063380e+00
3.678460427604883080e+03 2.135027188715145257e+03 1.595019568814190734e+03 1.173447058922596625e+03 1.015405610221913093e+03 3.670868135422143723e+02 3.463240095203141777e+02 2.586843217396055365e+02 5.066021006047201780e+01 9.151626028611173069e+01 1.942734695670324072e+02 1.542583232404142635e+00 6.475864422546859789e-01
9.508184646912401377e+02 5.443105765977777537e+02 4.417848881542504387e+02 3.046986794474779003e+02 2.904469853114739522e+02 1.317590365658548137e+02 8.257987344278915032e+01 6.768056414025627987e+01 1.655588078255211926e+01 1.411413697339703432e+01 1.542583232404142635e+00 2.023260288702873666e+01 -4.120292171437066331e-02
1.155762188420738994e+02 8.138625218375689485e+01 9.755460753525873940e+01 5.250244621589860117e+01 5.372504077634679298e+00 1.634922002982428424e+01 1.485990372345743538e+01 2.791509923783113578e+00 2.990410797438142865e+00 -1.385759568944063380e+00 6.475864422546859789e-01 -4.120292171437066331e-02 1.002506890184600374e+00
