2.745672800000000279e+05 1.008112599999999802e+05 3.750148799999999756e+04 9.865502399999999398e+03 1.632327840000000151e+03 1.312660000000000196e+02 -2.084202440000000323e+00 0.000000000000000000e+00 0.000000000000000000e+00 0.000000000000000000e+00
1.008112599999999802e+05 5.728627200000000448e+04 1.623769839999999931e+04 4.519961599999999635e+03 7.315415600000000040e+02 6.509020000000001005e+01 -6.206600000000001005e-01 0.000000000000000000e+00 0.000000000000000000e+00 0.000000000000000000e+00
3.750148799999999756e+04 1.623769839999999931e+04 9.958294799999999668e+03 1.728522599999999784e+03 2.956749600000000555e+02 2.240630720000000053e+01 -3.704471000000000291e-01 0.000000000000000000e+00 0.000000000000000000e+00 0.000000000000000000e+00
9.865502399999999398e+03 4.519961599999999635e+03 1.728522599999999784e+03 1.300370439999999917e+03 9.626964800000000366e+01 8.556458799999999698e+00 -2.913829000000000002e-01 0.000000000000000000e+00 0.000000000000000000e+00 0.000000000000000000e+00
1.632327840000000151e+03 7.315415600000000040e+02 2.956749600000000555e+02 9.626964800000000366e+01 1.200018040000000070e+02 9.875985439999999116e-01 4.085755600000000320e-02 0.000000000000000000e+00 0.000000000000000000e+00 0.000000000000000000e+00
1.312660000000000196e+02 6.509020000000001005e+01 2.240630720000000053e+01 8.556458799999999698e+00 9.875985439999999116e-01 6.379781200000000929e+00 3.251449759999999745e-02 0.000000000000000000e+00 0.000000000000000000e+00 0.000000000000000000e+00
-2.084202440000000323e+00 -6.206600000000001005e-01 -3.704471000000000291e-01 -2.913829000000000002e-01 4.085755600000000320e-02 3.251449759999999745e-02 1.195317119999999983e-01 0.000000000000000000e+00 0.000000000000000000e+00 0.000000000000000000e+00
0.000000000000000000e+00 0.000000000000000000e+00 0.000000000000000000e+00 0.000000000000000000e+00 0.000000000000000000e+00 0.000000000000000000e+00 0.000000000000000000e+00 0.000000000000000000e+00 0.000000000000000000e+00 0.000000000000000000e+00
0.000000000000000000e+00 0.000000000000000000e+00 0.000000000000000000e+00 0.000000000000000000e+00 0.000000000000000000e+00 0.000000000000000000e+00 0.000000000000000000e+00 0.000000000000000000e+00 0.000000000000000000e+00 0.000000000000000000e+00
0.000000000000000000e+00 0.000000000000000000e+00 0.000000000000000000e+00 0.000000000000000000e+00 0.000000000000000000e+00 0.000000000000000000e+00 0.000000000000000000e+00 0.000000000000000000e+00 0.000000000000000000e+00 0.000000000000000000e+00
