2.745672800000000279e+05 1.008112599999999948e+05 3.750148799999999756e+04 9.865502400000001217e+03 1.632327839999999924e+03 1.312659999999999911e+02 -2.084202439999999878e+00
1.008112599999999948e+05 5.728627199999999721e+04 1.623769840000000113e+04 4.519961599999999635e+03 7.315415600000000040e+02 6.509019999999999584e+01 -6.206599999999999895e-01
3.750148799999999756e+04 1.623769840000000113e+04 9.958294799999999668e+03 1.728522600000000011e+03 2.956749599999999987e+02 2.240630720000000053e+01 -3.704470999999999736e-01
9.865502400000001217e+03 4.519961599999999635e+03 1.728522600000000011e+03 1.300370439999999917e+03 9.626964800000000366e+01 8.556458800000001474e+00 -2.913829000000000002e-01
1.632327839999999924e+03 7.315415600000000040e+02 2.956749599999999987e+02 9.626964800000000366e+01 1.200018039999999928e+02 9.875985439999999116e-01 4.085755600000000320e-02
1.312659999999999911e+02 6.509019999999999584e+01 2.240630720000000053e+01 8.556458800000001474e+00 9.875985439999999116e-01 6.379781200000000041e+00 3.251449759999999745e-02
-2.084202439999999878e+00 -6.206599999999999895e-01 -3.704470999999999736e-01 -2.913829000000000002e-01 4.085755600000000320e-02 3.251449759999999745e-02 1.195317119999999983e-01
