3.803073278159085894e+05 2.217087323787343630e+05 1.525580412005617109e+05 9.799476361479640764e+04 6.166705045413520565e+04 3.788996687669232051e+04 2.049197410447665243e+04 9.307593908432707394e+03 4.617325648291319339e+03 1.365310850486501295e+03 2.107763689410749919e+02 3.630296857271081734e+01 1.198959568120594898e+00
2.217087323787343630e+05 1.895468688623151393e+05 1.047976712843537680e+05 6.825910227789927740e+04 4.270687930411269190e+04 2.630556527426715911e+04 1.399524829090478852e+04 6.314178540888979114e+03 3.107968058223194021e+03 9.332801557137867121e+02 1.228963897026666672e+02 2.170685279886767205e+01 8.728159149496921287e-01
1.525580412005617109e+05 1.047976712843537680e+05 9.334206057991544367e+04 4.680601968081748055e+04 2.947142400892877049e+04 1.805189738917001523e+04 9.803259556014832924e+03 4.403582061427145163e+03 2.176090155235247494e+03 6.435978845995939537e+02 9.848170405031426355e+01 1.401074254922995088e+01 8.699529576250750740e-01
9.799476361479640764e+04 6.825910227789927740e+04 4.680601968081748055e+04 4.349865789100405527e+04 1.938463891072547631e+04 1.198705068619125996e+04 6.485473726055920451e+03 2.911461104570193129e+03 1.379337779251817210e+03 4.089263302932212127e+02 6.736886562138889190e+01 8.923988990377186070e+00 5.222481567520923518e-01
6.166705045413520565e+04 4.270687930411269190e+04 2.947142400892877049e+04 1.938463891072547631e+04 1.916666283143390319e+04 7.328402781506192696e+03 4.225288893128594282e+03 1.930226625535350195e+03 9.017288144502801970e+02 2.559345196741008408e+02 4.190801591772073209e+01 7.013817693517337304e+00 3.200007416668585458e-01
3.788996687669232051e+04 2.630556527426715911e+04 1.805189738917001523e+04 1.198705068619125996e+04 7.328402781506192696e+03 8.227317667166236788e+03 2.557227134600125737e+03 1.142258384809389781e+03 5.353186103812689680e+02 1.568006949608529794e+02 2.434875387993135831e+01 3.854084497672052745e+00 6.140067337784129581e-02
2.049197410447665243e+04 1.399524829090478852e+04 9.803259556014832924e+03 6.485473726055920451e+03 4.225288893128594282e+03 2.557227134600125737e+03 3.056589043885013325e+03 6.622367949845471458e+02 3.348534520170607038e+02 1.042293080069652689e+02 2.470424470020912011e+01 2.262935341396263844e+00 -1.941555064391227992e-01
9.307593908432707394e+03 6.314178540888979114e+03 4.403582061427145163e+03 2.911461104570193129e+03 1.930226625535350195e+03 1.142258384809389781e+03 6.622367949845471458e+02 9.702275771283781296e+02 1.606486534451862553e+02 5.094067454314109966e+01 9.132937858630388206e+00 1.414532830835239618e+00 1.485196329059778816e-02
4.617325648291319339e+03 3.107968058223194021e+03 2.176090155235247494e+03 1.379337779251817210e+03 9.017288144502801970e+02 5.353186103812689680e+02 3.348534520170607038e+02 1.606486534451862553e+02 3.037265409242084502e+02 3.054402467998349380e+01 2.523766341688163273e+00 1.248910082908428337e-01 3.275209007429417257e-02
1.365310850486501295e+03 9.332801557137867121e+02 6.435978845995939537e+02 4.089263302932212127e+02 2.559345196741008408e+02 1.568006949608529794e+02 1.042293080069652689e+02 5.094067454314109966e+01 3.054402467998349380e+01 7.237011087524463449e+01 1.953193349992300210e+00 3.215532242156443066e-01 -2.504648870027011837e-02
2.107763689410749919e+02 1.228963897026666672e+02 9.848170405031426355e+01 6.736886562138889190e+01 4.190801591772073209e+01 2.434875387993135831e+01 2.470424470020912011e+01 9.132937858630388206e+00 2.523766341688163273e+00 1.953193349992300210e+00 1.243406024283159539e+01 2.435214839288274702e-01 -3.767888783129268084e-03
3.630296857271081734e+01 2.170685279886767205e+01 1.401074254922995088e+01 8.923988990377186070e+00 7.013817693517337304e+00 3.854084497672052745e+00 2.262935341396263844e+00 1.414532830835239618e+00 1.248910082908428337e-01 3.215532242156443066e-01 2.435214839288274702e-01 1.696475633621896462e+00 -5.493957754536650875e-04
1.198959568120594898e+00 8.728159149496921287e-01 8.699529576250750740e-01 5.222481567520923518e-01 3.200007416668585458e-01 6.140067337784129581e-02 -1.941555064391227992e-01 1.485196329059778816e-02 3.275209007429417257e-02 -2.504648870027011837e-02 -3.767888783129268084e-03 -5.493957754536650875e-04 4.010123562384004109e-02
