6.922366399999998976e+05 3.601904399999999441e+05 1.940451879999999946e+05 9.735142399999998452e+04 4.185117200000000594e+04 1.402656360000000132e+04 2.777411999999999807e+03 2.190093120000000226e+02 6.588202400000000125e+00
3.601904399999999441e+05 2.519761600000000326e+05 1.146088919999999925e+05 5.813090800000000309e+04 2.479764400000000023e+04 8.019290399999999863e+03 1.704866719999999987e+03 1.063955400000000111e+02 4.678032800000000435e+00
1.940451879999999946e+05 1.146088919999999925e+05 8.113243200000000070e+04 3.144168400000000111e+04 1.353188599999999860e+04 4.492697599999999511e+03 8.556549199999999473e+02 7.411737999999999715e+01 2.053091600000000128e+00
9.735142399999998452e+04 5.813090800000000309e+04 3.144168400000000111e+04 2.322951599999999962e+04 7.223896799999999530e+03 2.263913720000000012e+03 4.464521999999999480e+02 3.024830160000000134e+01 1.081477519999999970e+00
4.185117200000000594e+04 2.479764400000000023e+04 1.353188599999999860e+04 7.223896799999999530e+03 5.628024400000000242e+03 1.006431320000000028e+03 2.410921239999999841e+02 2.314213159999999903e+01 1.185960399999999582e-01
1.402656360000000132e+04 8.019290399999999863e+03 4.492697599999999511e+03 2.263913720000000012e+03 1.006431320000000028e+03 1.012110680000000002e+03 8.588582799999998940e+01 6.059079599999999566e+00 1.583620000000000028e-01
2.777411999999999807e+03 1.704866719999999987e+03 8.556549199999999473e+02 4.464521999999999480e+02 2.410921239999999841e+02 8.588582799999998940e+01 1.283339320000000043e+02 1.468298360000000136e+00 -4.140335080000000223e-02
2.190093120000000226e+02 1.063955400000000111e+02 7.411737999999999715e+01 3.024830160000000134e+01 2.314213159999999903e+01 6.059079599999999566e+00 1.468298360000000136e+00 8.542813599999998786e+00 -4.756317200000000425e-03
6.588202400000000125e+00 4.678032800000000435e+00 2.053091600000000128e+00 1.081477519999999970e+00 1.185960399999999582e-01 1.583620000000000028e-01 -4.140335080000000223e-02 -4.756317200000000425e-03 7.968780799999999886e-02
