6.157331999999999534e+05 3.013004799999999814e+05 1.523481240000000107e+05 6.737472800000000279e+04 2.357041999999999825e+04 6.185019200000000637e+03 7.841318400000000111e+02 2.750359927999999954e+01
3.013004799999999814e+05 1.999667719999999972e+05 8.522586000000000058e+04 3.778058000000000175e+04 1.340828279999999904e+04 3.537946800000000167e+03 4.855235999999999876e+02 1.069196559999999963e+01
1.523481240000000107e+05 8.522586000000000058e+04 5.705850400000000081e+04 1.941407040000000052e+04 6.950501599999999598e+03 1.792569160000000011e+03 2.696475599999999986e+02 9.347722400000000320e+00
6.737472800000000279e+04 3.778058000000000175e+04 1.941407040000000052e+04 1.366202440000000206e+04 3.200528800000000047e+03 8.065141999999999598e+02 1.076462960000000066e+02 2.367242720000000133e+00
2.357041999999999825e+04 1.340828279999999904e+04 6.950501599999999598e+03 3.200528800000000047e+03 2.519258400000000165e+03 3.396037999999999784e+02 5.314919199999999222e+01 2.247008843999999783e+00
6.185019200000000637e+03 3.537946800000000167e+03 1.792569160000000011e+03 8.065141999999999598e+02 3.396037999999999784e+02 3.578188000000000102e+02 1.739276079999999780e+01 9.278711600000005832e-02
7.841318400000000111e+02 4.855235999999999876e+02 2.696475599999999986e+02 1.076462960000000066e+02 5.314919199999999222e+01 1.739276079999999780e+01 3.150732800000000111e+01 2.509931879999999782e-01
2.750359927999999954e+01 1.069196559999999963e+01 9.347722400000000320e+00 2.367242720000000133e+00 2.247008843999999783e+00 9.278711600000005832e-02 2.509931879999999782e-01 1.259098599999999735e+00
