2.906743152378036175e+05 1.544048944928865239e+05 9.803968264261707372e+04 5.525737299485721451e+04 3.103133082195284078e+04 1.544109195740521864e+04 6.403518401519073450e+03 2.180116905367567142e+03 6.670730433428245760e+02 9.973353548105581012e+01 -3.446214088436085010e+00
1.544048944928865239e+05 1.233253540135579824e+05 6.264778061837256246e+04 3.585433095691543713e+04 2.000300598644652564e+04 1.008331617639553770e+04 4.056518738216763268e+03 1.408378255104352547e+03 4.040185722181301458e+02 6.124791476410548796e+01 -2.310460635246541550e+00
9.803968264261707372e+04 6.264778061837256246e+04 5.380134549828228774e+04 2.308817393516937227e+04 1.282694418300478719e+04 6.462756311397997706e+03 2.660793100119986320e+03 9.132562958477319626e+02 2.728211008630033803e+02 3.949234480679571391e+01 -1.875799735340325070e+00
5.525737299485721451e+04 3.585433095691543713e+04 2.308817393516937227e+04 2.044708092333266541e+04 7.443521824151312103e+03 3.751795522537671786e+03 1.585889464846474993e+03 5.254022496187083107e+02 1.611531056656131682e+02 2.828273061405347022e+01 4.943218775172881219e-01
3.103133082195284078e+04 2.000300598644652564e+04 1.282694418300478719e+04 7.443521824151312103e+03 7.555937369488335207e+03 2.198960962473801828e+03 9.224710572627325291e+02 2.984420977640807564e+02 9.917391443689500363e+01 1.362176329576431399e+01 -1.335203701005233334e+00
1.544109195740521864e+04 1.008331617639553770e+04 6.462756311397997706e+03 3.751795522537671786e+03 2.198960962473801828e+03 2.565090228137803933e+03 5.009943034493333585e+02 1.854477419532781539e+02 5.720337302994280293e+01 8.659170378379920763e+00 9.189980059404468937e-01
6.403518401519073450e+03 4.056518738216763268e+03 2.660793100119986320e+03 1.585889464846474993e+03 9.224710572627325291e+02 5.009943034493333585e+02 6.955984172024323016e+02 8.133516825153704133e+01 2.418842612740224496e+01 3.971896545369769882e+00 1.219267804792250748e-01
2.180116905367567142e+03 1.408378255104352547e+03 9.132562958477319626e+02 5.254022496187083107e+02 2.984420977640807564e+02 1.854477419532781539e+02 8.133516825153704133e+01 1.724540100177635509e+02 9.506445379650381611e+00 1.004653743420201639e+00 4.268346910916496345e-02
6.670730433428245760e+02 4.040185722181301458e+02 2.728211008630033803e+02 1.611531056656131682e+02 9.917391443689500363e+01 5.720337302994280293e+01 2.418842612740224496e+01 9.506445379650381611e+00 3.886471815509872840e+01 8.902034480832137220e-01 3.425579099376803438e-02
9.973353548105581012e+01 6.124791476410548796e+01 3.949234480679571391e+01 2.828273061405347022e+01 1.362176329576431399e+01 8.659170378379920763e+00 3.971896545369769882e+00 1.004653743420201639e+00 8.902034480832137220e-01 4.833534861756267453e+00 1.594339037920174812e-02
-3.446214088436085010e+00 -2.310460635246541550e+00 -1.875799735340325070e+00 4.943218775172881219e-01 -1.335203701005233334e+00 9.189980059404468937e-01 1.219267804792250748e-01 4.268346910916496345e-02 3.425579099376803438e-02 1.594339037920174812e-02 4.785025050663145874e-01
