2.083609459934122860e+05 1.027056488709082187e+05 5.935368121806647105e+04 3.233612098279660495e+04 1.556369113990533515e+04 6.599830787151292498e+03 2.234713311830853399e+03 4.824393324458729921e+02 1.213827179062313633e+02 1.227708024616924476e+01 1.603855455453597964e-02
1.027056488709082187e+05 8.068068049907175009e+04 3.575054628876478819e+04 1.968573752421468089e+04 9.330739726800959033e+03 3.929635448717405779e+03 1.372448572699989654e+03 3.195336203643537374e+02 6.060880066242339126e+01 4.039578294927190782e+00 -4.015435264057289899e-01
5.935368121806647105e+04 3.575054628876478819e+04 3.023898304585708684e+04 1.146128464392940441e+04 5.462801783731668365e+03 2.417246305059368296e+03 8.034070160193014090e+02 1.813869774927004528e+02 4.713762859568568331e+01 4.641124042447207998e+00 1.006032041733021742e+00
3.233612098279660495e+04 1.968573752421468089e+04 1.146128464392940441e+04 1.068973284328383488e+04 3.028212461919016278e+03 1.336783277530273153e+03 4.445271386519522707e+02 9.967215736915670732e+01 2.619089092164268351e+01 4.425108869212487583e+00 5.070410076653596443e-01
1.556369113990533515e+04 9.330739726800959033e+03 5.462801783731668365e+03 3.028212461919016278e+03 3.293434801786479511e+03 6.738674699813988127e+02 2.540117954208546109e+02 5.926508290315145899e+01 1.108084154949382238e+01 -2.202269334601327788e-01 6.979730119863677973e-02
6.599830787151292498e+03 3.929635448717405779e+03 2.417246305059368296e+03 1.336783277530273153e+03 6.738674699813988127e+02 9.227641021856767338e+02 1.128578182843269531e+02 2.818551846664109917e+01 5.745336119774837158e+00 8.040426603656062321e-01 3.457121925432998788e-02
2.234713311830853399e+03 1.372448572699989654e+03 8.034070160193014090e+02 4.445271386519522707e+02 2.540117954208546109e+02 1.128578182843269531e+02 2.144236248937288565e+02 1.045915880394524855e+01 2.272042462030983589e+00 3.847615282201345965e-01 -2.831960300981887363e-02
4.824393324458729921e+02 3.195336203643537374e+02 1.813869774927004528e+02 9.967215736915670732e+01 5.926508290315145899e+01 2.818551846664109917e+01 1.045915880394524855e+01 4.190674432022709084e+01 3.679345224316917240e-01 1.698999809269374495e-01 -1.517141360149192909e-02
1.213827179062313633e+02 6.060880066242339126e+01 4.713762859568568331e+01 2.619089092164268351e+01 1.108084154949382238e+01 5.745336119774837158e+00 2.272042462030983589e+00 3.679345224316917240e-01 5.401153575469800572e+00 7.071610227458410489e-03 -2.435782518097879320e-03
1.227708024616924476e+01 4.039578294927190782e+00 4.641124042447207998e+00 4.425108869212487583e+00 -2.202269334601327788e-01 8.040426603656062321e-01 3.847615282201345965e-01 1.698999809269374495e-01 7.071610227458410489e-03 6.775681653517563463e-01 -1.570971064612018101e-04
1.603855455453597964e-02 -4.015435264057289899e-01 1.006032041733021742e+00 5.070410076653596443e-01 6.979730119863677973e-02 3.457121925432998788e-02 -2.831960300981887363e-02 -1.517141360149192909e-02 -2.435782518097879320e-03 -1.570971064612018101e-04 4.012807308546902790e-02
