2.104295078898569103e+06 1.170970347437439254e+06 8.233788571892210748e+05 5.219512141190181719e+05 3.316554694088626420e+05 1.910792105227883731e+05 1.030300980651697610e+05 5.482663946318096714e+04 1.787830118840690557e+04 6.446856092542240731e+03 1.269949430644261383e+03 4.317227498197852924e+02 0.000000000000000000e+00 0.000000000000000000e+00 0.000000000000000000e+00 0.000000000000000000e+00 0.000000000000000000e+00 0.000000000000000000e+00 0.000000000000000000e+00 0.000000000000000000e+00
1.170970347437439254e+06 9.112688872859550174e+05 5.367974708934921073e+05 3.290222483299302403e+05 2.064401176885926106e+05 1.248822053389256471e+05 6.509804080620093009e+04 3.453980548844605801e+04 1.223431243965894646e+04 3.929250383230154966e+03 8.521616697778952130e+02 1.748983682394439541e+02 0.000000000000000000e+00 0.000000000000000000e+00 0.000000000000000000e+00 0.000000000000000000e+00 0.000000000000000000e+00 0.000000000000000000e+00 0.000000000000000000e+00 0.000000000000000000e+00
8.233788571892210748e+05 5.367974708934921073e+05 4.775195537752022501e+05 2.367588683362593292e+05 1.489651725427175406e+05 8.450256235096382443e+04 4.754149033622381103e+04 2.555595785663673814e+04 8.916038870291335115e+03 3.058905995857835478e+03 6.470978284249728176e+02 1.879123252395941108e+02 0.000000000000000000e+00 0.000000000000000000e+00 0.000000000000000000e+00 0.000000000000000000e+00 0.000000000000000000e+00 0.000000000000000000e+00 0.000000000000000000e+00 0.000000000000000000e+00
5.219512141190181719e+05 3.290222483299302403e+05 2.367588683362593292e+05 2.098799964865607908e+05 9.429161303827571101e+04 5.616791204563716019e+04 3.023214945873563920e+04 1.562353201800148418e+04 4.625379388474480947e+03 1.701333825112157911e+03 3.588790504547445721e+02 1.874752389841451929e+02 0.000000000000000000e+00 0.000000000000000000e+00 0.000000000000000000e+00 0.000000000000000000e+00 0.000000000000000000e+00 0.000000000000000000e+00 0.000000000000000000e+00 0.000000000000000000e+00
3.316554694088626420e+05 2.064401176885926106e+05 1.489651725427175406e+05 9.429161303827571101e+04 9.222462796793901362e+04 3.469275499530608795e+04 1.898450677495223499e+04 9.651464868393743018e+03 4.084755829238833940e+03 8.713772358992863474e+02 2.731687085798243970e+02 8.080031111702372471e+01 0.000000000000000000e+00 0.000000000000000000e+00 0.000000000000000000e+00 0.000000000000000000e+00 0.000000000000000000e+00 0.000000000000000000e+00 0.000000000000000000e+00 0.000000000000000000e+00
1.910792105227883731e+05 1.248822053389256471e+05 8.450256235096382443e+04 5.616791204563716019e+04 3.469275499530608795e+04 3.455398721403117815e+04 1.188219179548023021e+04 5.658020772833699993e+03 2.161592908083489874e+03 6.380231387674024290e+02 1.013114434264498271e+02 4.561625785836674396e+01 0.000000000000000000e+00 0.000000000000000000e+00 0.000000000000000000e+00 0.000000000000000000e+00 0.000000000000000000e+00 0.000000000000000000e+00 0.000000000000000000e+00 0.000000000000000000e+00
1.030300980651697610e+05 6.509804080620093009e+04 4.754149033622381103e+04 3.023214945873563920e+04 1.898450677495223499e+04 1.188219179548023021e+04 1.388592584729319424e+04 3.242909925859486066e+03 1.553628472958881048e+03 3.533414232250598843e+02 1.358723548290547853e+02 2.346509756418450365e+01 0.000000000000000000e+00 0.000000000000000000e+00 0.000000000000000000e+00 0.000000000000000000e+00 0.000000000000000000e+00 0.000000000000000000e+00 0.000000000000000000e+00 0.000000000000000000e+00
5.482663946318096714e+04 3.453980548844605801e+04 2.555595785663673814e+04 1.562353201800148418e+04 9.651464868393743018e+03 5.658020772833699993e+03 3.242909925859486066e+03 5.148490983603179302e+03 5.676377241217558094e+02 2.340383043194673007e+02 3.630803733947119127e+01 1.586166201498426886e+01 0.000000000000000000e+00 0.000000000000000000e+00 0.000000000000000000e+00 0.000000000000000000e+00 0.000000000000000000e+00 0.000000000000000000e+00 0.000000000000000000e+00 0.000000000000000000e+00
1.787830118840690557e+04 1.223431243965894646e+04 8.916038870291335115e+03 4.625379388474480947e+03 4.084755829238833940e+03 2.161592908083489874e+03 1.553628472958881048e+03 5.676377241217558094e+02 1.250467328777375997e+03 6.394052628062375732e+00 3.399316620104021780e+01 6.028283298544501179e+00 0.000000000000000000e+00 0.000000000000000000e+00 0.000000000000000000e+00 0.000000000000000000e+00 0.000000000000000000e+00 0.000000000000000000e+00 0.000000000000000000e+00 0.000000000000000000e+00
6.446856092542240731e+03 3.929250383230154966e+03 3.058905995857835478e+03 1.701333825112157911e+03 8.713772358992863474e+02 6.380231387674024290e+02 3.533414232250598843e+02 2.340383043194673007e+02 6.394052628062375732e+00 2.486682311720355756e+02 2.475653054722217750e+00 -5.692569363794368620e-01 0.000000000000000000e+00 0.000000000000000000e+00 0.000000000000000000e+00 0.000000000000000000e+00 0.000000000000000000e+00 0.000000000000000000e+00 0.000000000000000000e+00 0.000000000000000000e+00
1.269949430644261383e+03 8.521616697778952130e+02 6.470978284249728176e+02 3.588790504547445721e+02 2.731687085798243970e+02 1.013114434264498271e+02 1.358723548290547853e+02 3.630803733947119127e+01 3.399316620104021780e+01 2.475653054722217750e+00 3.991290124770028314e+01 1.526807752200990187e+00 0.000000000000000000e+00 0.000000000000000000e+00 0.000000000000000000e+00 0.000000000000000000e+00 0.000000000000000000e+00 0.000000000000000000e+00 0.000000000000000000e+00 0.000000000000000000e+00
4.317227498197852924e+02 1.748983682394439541e+02 1.879123252395941108e+02 1.874752389841451929e+02 8.080031111702372471e+01 4.561625785836674396e+01 2.346509756418450365e+01 1.586166201498426886e+01 6.028283298544501179e+00 -5.692569363794368620e-01 1.526807752200990187e+00 5.957199784845616186e+00 0.000000000000000000e+00 0.000000000000000000e+00 0.000000000000000000e+00 0.000000000000000000e+00 0.000000000000000000e+00 0.000000000000000000e+00 0.000000000000000000e+00 0.000000000000000000e+00
0.000000000000000000e+00 0.000000000000000000e+00 0.000000000000000000e+00 0.000000000000000000e+00 0.000000000000000000e+00 0.000000000000000000e+00 0.000000000000000000e+00 0.000000000000000000e+00 0.000000000000000000e+00 0.000000000000000000e+00 0.000000000000000000e+00 0.000000000000000000e+00 0.000000000000000000e+00 0.000000000000000000e+00 0.000000000000000000e+00 0.000000000000000000e+00 0.000000000000000000e+00 0.000000000000000000e+00 0.000000000000000000e+00 0.000000000000000000e+00
0.000000000000000000e+00 0.000000000000000000e+00 0.000000000000000000e+00 0.000000000000000000e+00 0.000000000000000000e+00 0.000000000000000000e+00 0.000000000000000000e+00 0.000000000000000000e+00 0.000000000000000000e+00 0.000000000000000000e+00 0.000000000000000000e+00 0.000000000000000000e+00 0.000000000000000000e+00 0.000000000000000000e+00 0.000000000000000000e+00 0.000000000000000000e+00 0.000000000000000000e+00 0.000000000000000000e+00 0.000000000000000000e+00 0.000000000000000000e+00
0.000000000000000000e+00 0.000000000000000000e+00 0.000000000000000000e+00 0.000000000000000000e+00 0.000000000000000000e+00 0.000000000000000000e+00 0.000000000000000000e+00 0.000000000000000000e+00 0.000000000000000000e+00 0.000000000000000000e+00 0.000000000000000000e+00 0.000000000000000000e+00 0.000000000000000000e+00 0.000000000000000000e+00 0.000000000000000000e+00 0.000000000000000000e+00 0.000000000000000000e+00 0.000000000000000000e+00 0.000000000000000000e+00 0.000000000000000000e+00
0.000000000000000000e+00 0.000000000000000000e+00 0.000000000000000000e+00 0.000000000000000000e+00 0.000000000000000000e+00 0.000000000000000000e+00 0.000000000000000000e+00 0.000000000000000000e+00 0.000000000000000000e+00 0.000000000000000000e+00 0.000000000000000000e+00 0.000000000000000000e+00 0.000000000000000000e+00 0.000000000000000000e+00 0.000000000000000000e+00 0.000000000000000000e+00 0.000000000000000000e+00 0.000000000000000000e+00 0.000000000000000000e+00 0.000000000000000000e+00
0.000000000000000000e+00 0.000000000000000000e+00 0.000000000000000000e+00 0.000000000000000000e+00 0.000000000000000000e+00 0.000000000000000000e+00 0.000000000000000000e+00 0.000000000000000000e+00 0.000000000000000000e+00 0.000000000000000000e+00 0.000000000000000000e+00 0.000000000000000000e+00 0.000000000000000000e+00 0.000000000000000000e+00 0.000000000000000000e+00 0.000000000000000000e+00 0.000000000000000000e+00 0.000000000000000000e+00 0.000000000000000000e+00 0.000000000000000000e+00
0.000000000000000000e+00 0.000000000000000000e+00 0.000000000000000000e+00 0.000000000000000000e+00 0.000000000000000000e+00 0.000000000000000000e+00 0.000000000000000000e+00 0.000000000000000000e+00 0.000000000000000000e+00 0.000000000000000000e+00 0.000000000000000000e+00 0.000000000000000000e+00 0.000000000000000000e+00 0.000000000000000000e+00 0.000000000000000000e+00 0.000000000000000000e+00 0.000000000000000000e+00 0.000000000000000000e+00 0.000000000000000000e+00 0.000000000000000000e+00
0.000000000000000000e+00 0.000000000000000000e+00 0.000000000000000000e+00 0.000000000000000000e+00 0.000000000000000000e+00 0.000000000000000000e+00 0.000000000000000000e+00 0.000000000000000000e+00 0.000000000000000000e+00 0.000000000000000000e+00 0.000000000000000000e+00 0.000000000000000000e+00 0.000000000000000000e+00 0.000000000000000000e+00 0.000000000000000000e+00 0.000000000000000000e+00 0.000000000000000000e+00 0.000000000000000000e+00 0.000000000000000000e+00 0.000000000000000000e+00
0.000000000000000000e+00 0.000000000000000000e+00 0.000000000000000000e+00 0.000000000000000000e+00 0.000000000000000000e+00 0.000000000000000000e+00 0.000000000000000000e+00 0.000000000000000000e+00 0.000000000000000000e+00 0.000000000000000000e+00 0.000000000000000000e+00 0.000000000000000000e+00 0.000000000000000000e+00 0.000000000000000000e+00 0.000000000000000000e+00 0.000000000000000000e+00 0.000000000000000000e+00 0.000000000000000000e+00 0.000000000000000000e+00 0.000000000000000000e+00
