2.373596218421686906e+06 1.376953573456108104e+06 9.317040784497067798e+05 6.523256345926016802e+05 4.309494257273983676e+05 2.740687173512715963e+05 1.675631866344588634e+05 8.934745272191516415e+04 4.595331625886017719e+04 2.208889019968853609e+04 5.432233737237798778e+03 1.661261861589196087e+03 -1.940484532895643355e+01 0.000000000000000000e+00 0.000000000000000000e+00 0.000000000000000000e+00 0.000000000000000000e+00 0.000000000000000000e+00 0.000000000000000000e+00 0.000000000000000000e+00
1.376953573456108104e+06 1.105724592185331974e+06 6.220948019421043573e+05 4.506004950500112609e+05 2.840789366265496355e+05 1.860541561357989267e+05 1.126177011563865672e+05 6.079100036223280040e+04 2.985801101056633706e+04 1.503910143042914569e+04 3.274900995391273682e+03 1.074131105051505756e+03 7.875021259838912613e+01 0.000000000000000000e+00 0.000000000000000000e+00 0.000000000000000000e+00 0.000000000000000000e+00 0.000000000000000000e+00 0.000000000000000000e+00 0.000000000000000000e+00
9.317040784497067798e+05 6.220948019421043573e+05 5.425843685930627398e+05 2.953146436325729592e+05 1.926166441768250661e+05 1.243658367958466406e+05 7.620850446265551727e+04 4.068241914415017527e+04 2.037882287852275476e+04 1.059970126175362384e+04 2.500932309453456583e+03 9.196632705150140055e+02 8.315780850453762696e+01 0.000000000000000000e+00 0.000000000000000000e+00 0.000000000000000000e+00 0.000000000000000000e+00 0.000000000000000000e+00 0.000000000000000000e+00 0.000000000000000000e+00
6.523256345926016802e+05 4.506004950500112609e+05 2.953146436325729592e+05 2.853599311807795311e+05 1.452946980424985522e+05 8.860174767141832854e+04 5.556182743825997750e+04 2.959658369316769677e+04 1.487142476248415551e+04 7.286607854229966506e+03 1.714524652347101664e+03 5.143507429214113245e+02 9.218605737781619069e+00 0.000000000000000000e+00 0.000000000000000000e+00 0.000000000000000000e+00 0.000000000000000000e+00 0.000000000000000000e+00 0.000000000000000000e+00 0.000000000000000000e+00
4.309494257273983676e+05 2.840789366265496355e+05 1.926166441768250661e+05 1.452946980424985522e+05 1.344864021841044596e+05 5.848568508276285866e+04 3.518786888669917971e+04 1.969254664857317766e+04 9.408559039682841103e+03 4.250077503266482381e+03 1.305405968763995133e+03 4.071468213035607846e+02 2.907809778189059102e+01 0.000000000000000000e+00 0.000000000000000000e+00 0.000000000000000000e+00 0.000000000000000000e+00 0.000000000000000000e+00 0.000000000000000000e+00 0.000000000000000000e+00
2.740687173512715963e+05 1.860541561357989267e+05 1.243658367958466406e+05 8.860174767141832854e+04 5.848568508276285866e+04 5.980625096001732891e+04 2.306532659295007034e+04 1.241383687565464606e+04 6.258143331612159272e+03 3.108404264516311287e+03 6.602687940061795189e+02 1.558097360773275852e+02 3.336388786295171371e+01 0.000000000000000000e+00 0.000000000000000000e+00 0.000000000000000000e+00 0.000000000000000000e+00 0.000000000000000000e+00 0.000000000000000000e+00 0.000000000000000000e+00
1.675631866344588634e+05 1.126177011563865672e+05 7.620850446265551727e+04 5.556182743825997750e+04 3.518786888669917971e+04 2.306532659295007034e+04 2.585450508069368880e+04 7.314060981350315160e+03 3.972243917288649754e+03 2.240453390986247541e+03 5.221516935676268076e+02 1.899671417559733584e+02 1.081118778150139903e+01 0.000000000000000000e+00 0.000000000000000000e+00 0.000000000000000000e+00 0.000000000000000000e+00 0.000000000000000000e+00 0.000000000000000000e+00 0.000000000000000000e+00
8.934745272191516415e+04 6.079100036223280040e+04 4.068241914415017527e+04 2.959658369316769677e+04 1.969254664857317766e+04 1.241383687565464606e+04 7.314060981350315160e+03 9.959194308803789681e+03 2.410644093433219041e+03 1.078891797808265437e+03 1.686838560181541027e+02 1.079606249498851582e+02 1.096865508450702720e+01 0.000000000000000000e+00 0.000000000000000000e+00 0.000000000000000000e+00 0.000000000000000000e+00 0.000000000000000000e+00 0.000000000000000000e+00 0.000000000000000000e+00
4.595331625886017719e+04 2.985801101056633706e+04 2.037882287852275476e+04 1.487142476248415551e+04 9.408559039682841103e+03 6.258143331612159272e+03 3.972243917288649754e+03 2.410644093433219041e+03 3.457060887021411418e+03 5.480400857717315830e+02 1.214073792364224715e+02 6.147500609395796545e+01 -1.350794827562170397e+00 0.000000000000000000e+00 0.000000000000000000e+00 0.000000000000000000e+00 0.000000000000000000e+00 0.000000000000000000e+00 0.000000000000000000e+00 0.000000000000000000e+00
2.208889019968853609e+04 1.503910143042914569e+04 1.059970126175362384e+04 7.286607854229966506e+03 4.250077503266482381e+03 3.108404264516311287e+03 2.240453390986247541e+03 1.078891797808265437e+03 5.480400857717315830e+02 1.023252164402805420e+03 6.407437808738605156e+01 3.170695475579108447e+01 -5.103080076278311283e-01 0.000000000000000000e+00 0.000000000000000000e+00 0.000000000000000000e+00 0.000000000000000000e+00 0.000000000000000000e+00 0.000000000000000000e+00 0.000000000000000000e+00
5.432233737237798778e+03 3.274900995391273682e+03 2.500932309453456583e+03 1.714524652347101664e+03 1.305405968763995133e+03 6.602687940061795189e+02 5.221516935676268076e+02 1.686838560181541027e+02 1.214073792364224715e+02 6.407437808738605156e+01 2.338852063152828293e+02 9.190248027826557475e+00 -1.530577668874062880e+00 0.000000000000000000e+00 0.000000000000000000e+00 0.000000000000000000e+00 0.000000000000000000e+00 0.000000000000000000e+00 0.000000000000000000e+00 0.000000000000000000e+00
1.661261861589196087e+03 1.074131105051505756e+03 9.196632705150140055e+02 5.143507429214113245e+02 4.071468213035607846e+02 1.558097360773275852e+02 1.899671417559733584e+02 1.079606249498851582e+02 6.147500609395796545e+01 3.170695475579108447e+01 9.190248027826557475e+00 4.624178052656571225e+01 -3.060642045638798381e-01 0.000000000000000000e+00 0.000000000000000000e+00 0.000000000000000000e+00 0.000000000000000000e+00 0.000000000000000000e+00 0.000000000000000000e+00 0.000000000000000000e+00
-1.940484532895643355e+01 7.875021259838912613e+01 8.315780850453762696e+01 9.218605737781619069e+00 2.907809778189059102e+01 3.336388786295171371e+01 1.081118778150139903e+01 1.096865508450702720e+01 -1.350794827562170397e+00 -5.103080076278311283e-01 -1.530577668874062880e+00 -3.060642045638798381e-01 3.986294136085049455e+00 0.000000000000000000e+00 0.000000000000000000e+00 0.000000000000000000e+00 0.000000000000000000e+00 0.000000000000000000e+00 0.000000000000000000e+00 0.000000000000000000e+00
0.000000000000000000e+00 0.000000000000000000e+00 0.000000000000000000e+00 0.000000000000000000e+00 0.000000000000000000e+00 0.000000000000000000e+00 0.000000000000000000e+00 0.000000000000000000e+00 0.000000000000000000e+00 0.000000000000000000e+00 0.000000000000000000e+00 0.000000000000000000e+00 0.000000000000000000e+00 0.000000000000000000e+00 0.000000000000000000e+00 0.000000000000000000e+00 0.000000000000000000e+00 0.000000000000000000e+00 0.000000000000000000e+00 0.000000000000000000e+00
0.000000000000000000e+00 0.000000000000000000e+00 0.000000000000000000e+00 0.000000000000000000e+00 0.000000000000000000e+00 0.000000000000000000e+00 0.000000000000000000e+00 0.000000000000000000e+00 0.000000000000000000e+00 0.000000000000000000e+00 0.000000000000000000e+00 0.000000000000000000e+00 0.000000000000000000e+00 0.000000000000000000e+00 0.000000000000000000e+00 0.000000000000000000e+00 0.000000000000000000e+00 0.000000000000000000e+00 0.000000000000000000e+00 0.000000000000000000e+00
0.000000000000000000e+00 0.000000000000000000e+00 0.000000000000000000e+00 0.000000000000000000e+00 0.000000000000000000e+00 0.000000000000000000e+00 0.000000000000000000e+00 0.000000000000000000e+00 0.000000000000000000e+00 0.000000000000000000e+00 0.000000000000000000e+00 0.000000000000000000e+00 0.000000000000000000e+00 0.000000000000000000e+00 0.000000000000000000e+00 0.000000000000000000e+00 0.000000000000000000e+00 0.000000000000000000e+00 0.000000000000000000e+00 0.000000000000000000e+00
0.000000000000000000e+00 0.000000000000000000e+00 0.000000000000000000e+00 0.000000000000000000e+00 0.000000000000000000e+00 0.000000000000000000e+00 0.000000000000000000e+00 0.000000000000000000e+00 0.000000000000000000e+00 0.000000000000000000e+00 0.000000000000000000e+00 0.000000000000000000e+00 0.000000000000000000e+00 0.000000000000000000e+00 0.000000000000000000e+00 0.000000000000000000e+00 0.000000000000000000e+00 0.000000000000000000e+00 0.000000000000000000e+00 0.000000000000000000e+00
0.000000000000000000e+00 0.000000000000000000e+00 0.000000000000000000e+00 0.000000000000000000e+00 0.000000000000000000e+00 0.000000000000000000e+00 0.000000000000000000e+00 0.000000000000000000e+00 0.000000000000000000e+00 0.000000000000000000e+00 0.000000000000000000e+00 0.000000000000000000e+00 0.000000000000000000e+00 0.000000000000000000e+00 0.000000000000000000e+00 0.000000000000000000e+00 0.000000000000000000e+00 0.000000000000000000e+00 0.000000000000000000e+00 0.000000000000000000e+00
0.000000000000000000e+00 0.000000000000000000e+00 0.000000000000000000e+00 0.000000000000000000e+00 0.000000000000000000e+00 0.000000000000000000e+00 0.000000000000000000e+00 0.000000000000000000e+00 0.000000000000000000e+00 0.000000000000000000e+00 0.000000000000000000e+00 0.000000000000000000e+00 0.000000000000000000e+00 0.000000000000000000e+00 0.000000000000000000e+00 0.000000000000000000e+00 0.000000000000000000e+00 0.000000000000000000e+00 0.000000000000000000e+00 0.000000000000000000e+00
0.000000000000000000e+00 0.000000000000000000e+00 0.000000000000000000e+00 0.000000000000000000e+00 0.000000000000000000e+00 0.000000000000000000e+00 0.000000000000000000e+00 0.000000000000000000e+00 0.000000000000000000e+00 0.000000000000000000e+00 0.000000000000000000e+00 0.000000000000000000e+00 0.000000000000000000e+00 0.000000000000000000e+00 0.000000000000000000e+00 0.000000000000000000e+00 0.000000000000000000e+00 0.000000000000000000e+00 0.000000000000000000e+00 0.000000000000000000e+00
