1.786019788885834441e+07 1.202001559858108126e+07 8.451367877216059715e+06 5.819377344855495729e+06 4.166244401412149426e+06 3.011161647470728960e+06 2.176803040399719495e+06 1.520214939376269234e+06 1.073972782867755275e+06 7.842052689756792970e+05 5.735327966892701807e+05 4.098223435949928244e+05 2.795077670623814338e+05 1.949968688337540079e+05 1.494340325923794881e+05 8.362806335781149392e+04 5.488823012001342431e+04 3.578380030234080186e+04 1.310790677415527171e+04 4.182918652381787069e+03 2.239460712049205085e+03 9.749573169407527757e+02
1.202001559858108126e+07 8.713750766057509929e+06 5.881538668926178478e+06 4.056886766352759674e+06 2.909267408704665955e+06 2.102939541969484650e+06 1.511462281933407299e+06 1.046628144323042361e+06 7.396516080628008349e+05 5.451477879278025357e+05 4.006564288818319910e+05 2.837677349856779911e+05 1.950186754770068801e+05 1.366696067594619817e+05 1.042215369932994654e+05 5.867712500451429514e+04 3.758507308395257132e+04 2.489356955757461037e+04 8.880419624289270359e+03 3.148766226041204391e+03 1.515403294320851046e+03 7.513178632663955341e+02
8.451367877216059715e+06 5.881538668926178478e+06 4.450935309655486606e+06 2.846978724052702542e+06 2.057136652492824942e+06 1.473763216614354867e+06 1.066410248615249991e+06 7.467694435964768054e+05 5.235458842516349978e+05 3.897021948721788358e+05 2.831064538257712265e+05 1.990460882654698216e+05 1.351398920722253970e+05 9.514944921246889862e+04 7.289502863613051886e+04 4.213025172949834814e+04 2.747636130706849872e+04 1.690471867992867919e+04 6.542576276003640487e+03 2.056958668926271002e+03 9.297109867007517323e+02 4.312196309133199748e+02
5.819377344855495729e+06 4.056886766352759674e+06 2.846978724052702542e+06 2.129521266671598423e+06 1.394830772563540377e+06 1.011499050489309477e+06 7.343417859555685427e+05 5.164783245642677648e+05 3.585027674056091928e+05 2.688789155257174862e+05 1.941167905907415552e+05 1.385404281423515640e+05 9.420634552516155236e+04 6.534781664154143800e+04 4.959081754060270760e+04 2.771148660525269952e+04 1.762780300689695287e+04 1.175784539121940907e+04 4.474750577542095925e+03 1.464032043596221001e+03 6.915199771739620473e+02 3.653283210288674354e+02
4.166244401412149426e+06 2.909267408704665955e+06 2.057136652492824942e+06 1.394830772563540377e+06 1.130697334991768701e+06 7.336144632900512079e+05 5.268425497605289565e+05 3.683737410110190976e+05 2.550100995701672218e+05 1.900485673040266847e+05 1.406467851673061959e+05 9.838252232866155100e+04 6.802478438321640715e+04 4.698911292936851532e+04 3.599211234522493760e+04 2.016898812942697623e+04 1.281845134310546746e+04 8.641738833953088033e+03 3.104834546584855161e+03 9.884204878980269768e+02 3.635892612474547150e+02 2.427465967608693802e+02
3.011161647470728960e+06 2.102939541969484650e+06 1.473763216614354867e+06 1.011499050489309477e+06 7.336144632900512079e+05 6.115685722072210629e+05 3.788110495842691162e+05 2.638546116818648297e+05 1.864664806285300292e+05 1.378953825173814839e+05 9.842283114408222900e+04 7.093499798357290274e+04 4.851232000949547364e+04 3.386701926247220399e+04 2.584622585991951928e+04 1.488727443281930573e+04 9.638877501680222849e+03 6.034995668670159830e+03 2.398394730698882086e+03 7.392597544621320367e+02 3.146075299437183048e+02 1.890410806129637820e+02
2.176803040399719495e+06 1.511462281933407299e+06 1.066410248615249991e+06 7.343417859555685427e+05 5.268425497605289565e+05 3.788110495842691162e+05 3.290443815459156758e+05 1.932909212601144391e+05 1.338448122805324965e+05 1.025675695278079947e+05 7.119954461089140386e+04 4.930241255711128179e+04 3.448960071632808103e+04 2.548113305822680923e+04 1.805449815357646366e+04 1.017917012416545731e+04 6.905154817365802046e+03 4.661620198495976183e+03 1.727829234214394319e+03 5.398266269136926212e+02 2.462284096313631494e+02 1.400822497703506713e+02
1.520214939376269234e+06 1.046628144323042361e+06 7.467694435964768054e+05 5.164783245642677648e+05 3.683737410110190976e+05 2.638546116818648297e+05 1.932909212601144391e+05 1.685776943464557990e+05 9.400684060553877498e+04 6.848436969491634227e+04 5.144675959720122773e+04 3.583875406120897242e+04 2.375155473157655433e+04 1.767171915588554475e+04 1.256804176926476794e+04 6.919607352542347144e+03 4.402379178831663012e+03 2.986926132383347067e+03 1.119834779444997139e+03 3.160776275135012838e+02 1.484551015720339819e+02 8.465016276387123639e+01
1.073972782867755275e+06 7.396516080628008349e+05 5.235458842516349978e+05 3.585027674056091928e+05 2.550100995701672218e+05 1.864664806285300292e+05 1.338448122805324965e+05 9.400684060553877498e+04 9.145495298558817012e+04 4.787513648371452291e+04 3.661365872150624637e+04 2.587159763075836599e+04 1.700782276929070940e+04 1.145910963372326660e+04 9.295661006793679917e+03 5.127859192830146640e+03 3.421054570147216054e+03 2.183134814835371344e+03 7.468430211728046970e+02 2.456137297406086475e+02 1.175539006633418779e+02 3.854823463981011855e+01
7.842052689756792970e+05 5.451477879278025357e+05 3.897021948721788358e+05 2.688789155257174862e+05 1.900485673040266847e+05 1.378953825173814839e+05 1.025675695278079947e+05 6.848436969491634227e+04 4.787513648371452291e+04 5.341166261543355358e+04 2.811630862375505967e+04 1.815284577343246201e+04 1.268422903387962106e+04 9.138545109338225302e+03 6.661488554850492619e+03 3.597685465433378340e+03 2.338651094742304394e+03 1.590272444668511071e+03 5.452064470136407408e+02 2.085834318481446132e+02 1.113778420936471178e+02 3.485169629800032709e+01
5.735327966892701807e+05 4.006564288818319910e+05 2.831064538257712265e+05 1.941167905907415552e+05 1.406467851673061959e+05 9.842283114408222900e+04 7.119954461089140386e+04 5.144675959720122773e+04 3.661365872150624637e+04 2.811630862375505967e+04 3.099536223189614611e+04 1.423898110572290716e+04 9.083526524434288149e+03 6.584740827841615101e+03 5.119379012632867671e+03 2.612716981155209851e+03 1.696181379490591553e+03 1.129085721345890761e+03 3.438881078653553800e+02 9.521253313097507487e+01 1.303996604670240878e+01 3.058857001275273291e+01
4.098223435949928244e+05 2.837677349856779911e+05 1.990460882654698216e+05 1.385404281423515640e+05 9.838252232866155100e+04 7.093499798357290274e+04 4.930241255711128179e+04 3.583875406120897242e+04 2.587159763075836599e+04 1.815284577343246201e+04 1.423898110572290716e+04 1.739948430642208405e+04 6.286931074620048093e+03 4.915664753324372214e+03 3.862408735301986326e+03 2.112817260337189964e+03 1.356478891584710937e+03 8.085677758698319622e+02 2.612096496316382854e+02 1.187506737872157885e+02 5.762305750253187142e+01 2.557650040471325426e+01
2.795077670623814338e+05 1.950186754770068801e+05 1.351398920722253970e+05 9.420634552516155236e+04 6.802478438321640715e+04 4.851232000949547364e+04 3.448960071632808103e+04 2.375155473157655433e+04 1.700782276929070940e+04 1.268422903387962106e+04 9.083526524434288149e+03 6.286931074620048093e+03 9.329785086660858724e+03 3.259511553684160390e+03 2.436092388675915117e+03 1.343638533038194737e+03 7.500356996868999886e+02 5.910497801433882614e+02 1.781335601117249325e+02 6.013824031999610042e+01 3.387014871388539206e+01 1.635829553026675143e+01
1.949968688337540079e+05 1.366696067594619817e+05 9.514944921246889862e+04 6.534781664154143800e+04 4.698911292936851532e+04 3.386701926247220399e+04 2.548113305822680923e+04 1.767171915588554475e+04 1.145910963372326660e+04 9.138545109338225302e+03 6.584740827841615101e+03 4.915664753324372214e+03 3.259511553684160390e+03 4.921875595903811700e+03 1.670852934573520315e+03 8.928376742662208017e+02 6.469072480145958934e+02 3.636219261399037350e+02 1.442257306787109883e+02 1.907141351792526507e+01 1.571358832923428572e+01 1.414448320516931368e+01
1.494340325923794881e+05 1.042215369932994654e+05 7.289502863613051886e+04 4.959081754060270760e+04 3.599211234522493760e+04 2.584622585991951928e+04 1.805449815357646366e+04 1.256804176926476794e+04 9.295661006793679917e+03 6.661488554850492619e+03 5.119379012632867671e+03 3.862408735301986326e+03 2.436092388675915117e+03 1.670852934573520315e+03 2.987098510944360441e+03 7.627462618271152905e+02 4.589776999878515653e+02 3.166371493307920559e+02 9.222183053522515195e+01 3.735782118422931575e+01 1.930730136439402855e+01 7.273771000551738197e+00
8.362806335781149392e+04 5.867712500451429514e+04 4.213025172949834814e+04 2.771148660525269952e+04 2.016898812942697623e+04 1.488727443281930573e+04 1.017917012416545731e+04 6.919607352542347144e+03 5.127859192830146640e+03 3.597685465433378340e+03 2.612716981155209851e+03 2.112817260337189964e+03 1.343638533038194737e+03 8.928376742662208017e+02 7.627462618271152905e+02 1.213377909903361797e+03 2.534590105387054564e+02 1.445667371094541807e+02 7.244988223295490570e+01 1.830641393177479159e+01 1.464893511694954187e+00 9.471734591350210453e-01
5.488823012001342431e+04 3.758507308395257132e+04 2.747636130706849872e+04 1.762780300689695287e+04 1.281845134310546746e+04 9.638877501680222849e+03 6.905154817365802046e+03 4.402379178831663012e+03 3.421054570147216054e+03 2.338651094742304394e+03 1.696181379490591553e+03 1.356478891584710937e+03 7.500356996868999886e+02 6.469072480145958934e+02 4.589776999878515653e+02 2.534590105387054564e+02 6.314380801184968277e+02 9.000388485544256412e+01 4.041246171730937675e+01 1.385241004542976029e+01 1.866844283450093345e+00 2.243334865276024104e+00
3.578380030234080186e+04 2.489356955757461037e+04 1.690471867992867919e+04 1.175784539121940907e+04 8.641738833953088033e+03 6.034995668670159830e+03 4.661620198495976183e+03 2.986926132383347067e+03 2.183134814835371344e+03 1.590272444668511071e+03 1.129085721345890761e+03 8.085677758698319622e+02 5.910497801433882614e+02 3.636219261399037350e+02 3.166371493307920559e+02 1.445667371094541807e+02 9.000388485544256412e+01 2.634458740380135851e+02 3.084202618223082126e+01 5.453377693945498983e+00 -5.784730121037078288e-01 3.766911239632219299e+00
1.310790677415527171e+04 8.880419624289270359e+03 6.542576276003640487e+03 4.474750577542095925e+03 3.104834546584855161e+03 2.398394730698882086e+03 1.727829234214394319e+03 1.119834779444997139e+03 7.468430211728046970e+02 5.452064470136407408e+02 3.438881078653553800e+02 2.612096496316382854e+02 1.781335601117249325e+02 1.442257306787109883e+02 9.222183053522515195e+01 7.244988223295490570e+01 4.041246171730937675e+01 3.084202618223082126e+01 8.182575340988653068e+01 4.078692511514190322e-01 1.286346495736361506e+00 2.541300756061203092e+00
4.182918652381787069e+03 3.148766226041204391e+03 2.056958668926271002e+03 1.464032043596221001e+03 9.884204878980269768e+02 7.392597544621320367e+02 5.398266269136926212e+02 3.160776275135012838e+02 2.456137297406086475e+02 2.085834318481446132e+02 9.521253313097507487e+01 1.187506737872157885e+02 6.013824031999610042e+01 1.907141351792526507e+01 3.735782118422931575e+01 1.830641393177479159e+01 1.385241004542976029e+01 5.453377693945498983e+00 4.078692511514190322e-01 2.205410882414193807e+01 2.515799185999965548e+00 -1.352992354200391045e-01
2.239460712049205085e+03 1.515403294320851046e+03 9.297109867007517323e+02 6.915199771739620473e+02 3.635892612474547150e+02 3.146075299437183048e+02 2.462284096313631494e+02 1.484551015720339819e+02 1.175539006633418779e+02 1.113778420936471178e+02 1.303996604670240878e+01 5.762305750253187142e+01 3.387014871388539206e+01 1.571358832923428572e+01 1.930730136439402855e+01 1.464893511694954187e+00 1.866844283450093345e+00 -5.784730121037078288e-01 1.286346495736361506e+00 2.515799185999965548e+00 1.080628020974601178e+01 -6.470780817060142742e-02
9.749573169407527757e+02 7.513178632663955341e+02 4.312196309133199748e+02 3.653283210288674354e+02 2.427465967608693802e+02 1.890410806129637820e+02 1.400822497703506713e+02 8.465016276387123639e+01 3.854823463981011855e+01 3.485169629800032709e+01 3.058857001275273291e+01 2.557650040471325426e+01 1.635829553026675143e+01 1.414448320516931368e+01 7.273771000551738197e+00 9.471734591350210453e-01 2.243334865276024104e+00 3.766911239632219299e+00 2.541300756061203092e+00 -1.352992354200391045e-01 -6.470780817060142742e-02 2.994185633840154015e+00
