1.755421033471975103e+07 1.187631407412904501e+07 8.233930333113138564e+06 5.826267518015638925e+06 4.226673948047887534e+06 2.863501963151190896e+06 2.156245551991204731e+06 1.443549073443459580e+06 1.057690791388625978e+06 7.569691237897130195e+05 5.285858099733567797e+05 3.521844618053556187e+05 2.694134623335466022e+05 1.689187070868426817e+05 1.155693184650932672e+05 8.152921776390969171e+04 4.030992897422955139e+04 2.176120685385590696e+04 8.516522710527106028e+03 1.927651510565462331e+03 1.239000707268751967e+03
1.187631407412904501e+07 8.669034446452684700e+06 5.798320233098780736e+06 4.080716925459089223e+06 2.975174213825815823e+06 2.005893555223986274e+06 1.511218559153974056e+06 1.016321865701803472e+06 7.406992003189092502e+05 5.263642091071422910e+05 3.755239903912710142e+05 2.465032948822954204e+05 1.952441620048322948e+05 1.164156989202484401e+05 8.134409414935598033e+04 5.661004076279166475e+04 2.835996439937119794e+04 1.478668435013588532e+04 6.041285265184396849e+03 1.390638887794506445e+03 8.694106632912956911e+02
8.233930333113138564e+06 5.798320233098780736e+06 4.323447361525985412e+06 2.847938532691642642e+06 2.067292803352205316e+06 1.391121021800099174e+06 1.056364717333277920e+06 7.069973637624990661e+05 5.138989464519738103e+05 3.740287909326241352e+05 2.609938137777888915e+05 1.716614455642386747e+05 1.320555427107516734e+05 8.218712854817185143e+04 5.545856758060735592e+04 3.900730881757770840e+04 1.937098907200030226e+04 1.036727277290126403e+04 4.017924953950483541e+03 9.760331567257456982e+02 4.845123551029201963e+02
5.826267518015638925e+06 4.080716925459089223e+06 2.847938532691642642e+06 2.165195838992290664e+06 1.439682657895558747e+06 9.873529902223473182e+05 7.424901698543617968e+05 5.027268171162909712e+05 3.702867504283055314e+05 2.595199616859548260e+05 1.847931941276477883e+05 1.191424760860503593e+05 9.304660005610506050e+04 5.612558415039424290e+04 3.969372924930621230e+04 2.750428155079068165e+04 1.325668857141887747e+04 7.555901811124702363e+03 2.799956394194823588e+03 7.008056680132131078e+02 3.603843048354477219e+02
4.226673948047887534e+06 2.975174213825815823e+06 2.067292803352205316e+06 1.439682657895558747e+06 1.192964457364575006e+06 7.144310977065394400e+05 5.367126156536116032e+05 3.603528682157823350e+05 2.662874667400863254e+05 1.904774294274137064e+05 1.354621882296963886e+05 8.812627562286294415e+04 6.832018120364767674e+04 4.129979532613373158e+04 2.785923844138777349e+04 1.992487229626693079e+04 9.964705814681596166e+03 4.990486827828518472e+03 2.035752487322916750e+03 3.832048929717802253e+02 2.255622375915345970e+02
2.863501963151190896e+06 2.005893555223986274e+06 1.391121021800099174e+06 9.873529902223473182e+05 7.144310977065394400e+05 5.661735865154116182e+05 3.681650454890129622e+05 2.461082164686224714e+05 1.797270131337633065e+05 1.280533914798773912e+05 8.753877482677095395e+04 5.757743585439020535e+04 4.584588032292396383e+04 2.822818419978287784e+04 1.926443388304491236e+04 1.352808544997580429e+04 6.737460671422732958e+03 3.635841386283585052e+03 1.603684146714845383e+03 2.824764011290233725e+02 2.753336391282139743e+02
2.156245551991204731e+06 1.511218559153974056e+06 1.056364717333277920e+06 7.424901698543617968e+05 5.367126156536116032e+05 3.681650454890129622e+05 3.325830912526701577e+05 1.847891413982529193e+05 1.351612101337448403e+05 9.987803688920980494e+04 6.649746221830461582e+04 4.294925982827372354e+04 3.565963064552626020e+04 2.220119635058573476e+04 1.333302450370730003e+04 9.884694470703596380e+03 4.982966185898272670e+03 2.738011219847850498e+03 9.544140298960442124e+02 2.571650919186443502e+02 1.790245222687316016e+02
1.443549073443459580e+06 1.016321865701803472e+06 7.069973637624990661e+05 5.027268171162909712e+05 3.603528682157823350e+05 2.461082164686224714e+05 1.847891413982529193e+05 1.605488740138496214e+05 8.864307477875369659e+04 6.484993768824441941e+04 4.600293333093219553e+04 2.964869645711623889e+04 2.340156167748828739e+04 1.417689280021255399e+04 9.988012449621612177e+03 6.315998496800269095e+03 3.433669994561358635e+03 1.742805010165347994e+03 6.155208846331410086e+02 1.035653527013793962e+02 1.031244105294043010e+02
1.057690791388625978e+06 7.406992003189092502e+05 5.138989464519738103e+05 3.702867504283055314e+05 2.662874667400863254e+05 1.797270131337633065e+05 1.351612101337448403e+05 8.864307477875369659e+04 8.742837901988002704e+04 4.875974741618116241e+04 3.402744898816096975e+04 2.207590429007927378e+04 1.678881156729526265e+04 1.022576053578328174e+04 7.042366616115571560e+03 4.973565623155414869e+03 2.591339732551238740e+03 1.409452821653216915e+03 5.626719172796897510e+02 1.163987110256712185e+02 5.848254872921632597e+01
7.569691237897130195e+05 5.263642091071422910e+05 3.740287909326241352e+05 2.595199616859548260e+05 1.904774294274137064e+05 1.280533914798773912e+05 9.987803688920980494e+04 6.484993768824441941e+04 4.875974741618116241e+04 5.263437752768531936e+04 2.532036239067946372e+04 1.587340945240075416e+04 1.165476121557254555e+04 7.548965263490546022e+03 4.839227761899446705e+03 3.627445311164157829e+03 1.805042942156758954e+03 8.835175138400553578e+02 2.938938603393372659e+02 6.880166433828216555e+01 5.027407371088575161e+01
5.285858099733567797e+05 3.755239903912710142e+05 2.609938137777888915e+05 1.847931941276477883e+05 1.354621882296963886e+05 8.753877482677095395e+04 6.649746221830461582e+04 4.600293333093219553e+04 3.402744898816096975e+04 2.532036239067946372e+04 2.717703629991104754e+04 1.108989566976016067e+04 8.985980063645714836e+03 5.453434047373403700e+03 3.761996453601411758e+03 2.591058387012665662e+03 1.075212123263254853e+03 6.907949592581447860e+02 1.705723887494172288e+02 3.501354768317865762e+01 3.929448866337291690e+01
3.521844618053556187e+05 2.465032948822954204e+05 1.716614455642386747e+05 1.191424760860503593e+05 8.812627562286294415e+04 5.757743585439020535e+04 4.294925982827372354e+04 2.964869645711623889e+04 2.207590429007927378e+04 1.587340945240075416e+04 1.108989566976016067e+04 1.381669374466925183e+04 6.030484237756943003e+03 3.474946644785269200e+03 2.617563430984550905e+03 1.570734167243165984e+03 8.177123643797735895e+02 4.474357794118209881e+02 2.108108300569614357e+02 6.724195713796383700e+01 2.864677950506142778e+01
2.694134623335466022e+05 1.952441620048322948e+05 1.320555427107516734e+05 9.304660005610506050e+04 6.832018120364767674e+04 4.584588032292396383e+04 3.565963064552626020e+04 2.340156167748828739e+04 1.678881156729526265e+04 1.165476121557254555e+04 8.985980063645714836e+03 6.030484237756943003e+03 8.856194078325557712e+03 2.779791420074092912e+03 1.922794144590194037e+03 1.191850634454774763e+03 7.431325210571649222e+02 3.132771546279679455e+02 1.078971206437758923e+02 2.554605766257279242e+01 2.667562404618181304e+01
1.689187070868426817e+05 1.164156989202484401e+05 8.218712854817185143e+04 5.612558415039424290e+04 4.129979532613373158e+04 2.822818419978287784e+04 2.220119635058573476e+04 1.417689280021255399e+04 1.022576053578328174e+04 7.548965263490546022e+03 5.453434047373403700e+03 3.474946644785269200e+03 2.779791420074092912e+03 3.904309304208366484e+03 1.040500730044322836e+03 8.067213566663543816e+02 3.442895467256273037e+02 2.279199347167275675e+02 6.086093447237117005e+01 1.435456686318666364e+01 7.894059749293125705e+00
1.155693184650932672e+05 8.134409414935598033e+04 5.545856758060735592e+04 3.969372924930621230e+04 2.785923844138777349e+04 1.926443388304491236e+04 1.333302450370730003e+04 9.988012449621612177e+03 7.042366616115571560e+03 4.839227761899446705e+03 3.761996453601411758e+03 2.617563430984550905e+03 1.922794144590194037e+03 1.040500730044322836e+03 2.048383590922394433e+03 5.303964448786233561e+02 2.791045523514611659e+02 1.488117711305454236e+02 6.361628479983932039e+01 7.260159267286809381e+00 5.855927834469924598e+00
8.152921776390969171e+04 5.661004076279166475e+04 3.900730881757770840e+04 2.750428155079068165e+04 1.992487229626693079e+04 1.352808544997580429e+04 9.884694470703596380e+03 6.315998496800269095e+03 4.973565623155414869e+03 3.627445311164157829e+03 2.591058387012665662e+03 1.570734167243165984e+03 1.191850634454774763e+03 8.067213566663543816e+02 5.303964448786233561e+02 1.064138141150551064e+03 1.661860339985024666e+02 1.025482008129245486e+02 3.208904934367190975e+01 4.916360888389866624e+00 1.139362004664270955e+00
4.030992897422955139e+04 2.835996439937119794e+04 1.937098907200030226e+04 1.325668857141887747e+04 9.964705814681596166e+03 6.737460671422732958e+03 4.982966185898272670e+03 3.433669994561358635e+03 2.591339732551238740e+03 1.805042942156758954e+03 1.075212123263254853e+03 8.177123643797735895e+02 7.431325210571649222e+02 3.442895467256273037e+02 2.791045523514611659e+02 1.661860339985024666e+02 4.149170712676848325e+02 6.060207645868844395e+01 2.396941847237508938e+01 4.076896400760835704e+00 5.869188828181352235e+00
2.176120685385590696e+04 1.478668435013588532e+04 1.036727277290126403e+04 7.555901811124702363e+03 4.990486827828518472e+03 3.635841386283585052e+03 2.738011219847850498e+03 1.742805010165347994e+03 1.409452821653216915e+03 8.835175138400553578e+02 6.907949592581447860e+02 4.474357794118209881e+02 3.132771546279679455e+02 2.279199347167275675e+02 1.488117711305454236e+02 1.025482008129245486e+02 6.060207645868844395e+01 1.360284296580585703e+02 9.034160607090138129e+00 1.862896387394186448e-01 7.235818096560224788e-01
8.516522710527106028e+03 6.041285265184396849e+03 4.017924953950483541e+03 2.799956394194823588e+03 2.035752487322916750e+03 1.603684146714845383e+03 9.544140298960442124e+02 6.155208846331410086e+02 5.626719172796897510e+02 2.938938603393372659e+02 1.705723887494172288e+02 2.108108300569614357e+02 1.078971206437758923e+02 6.086093447237117005e+01 6.361628479983932039e+01 3.208904934367190975e+01 2.396941847237508938e+01 9.034160607090138129e+00 4.557008656090827969e+01 2.084448562017193307e+00 1.586363170793867239e+00
1.927651510565462331e+03 1.390638887794506445e+03 9.760331567257456982e+02 7.008056680132131078e+02 3.832048929717802253e+02 2.824764011290233725e+02 2.571650919186443502e+02 1.035653527013793962e+02 1.163987110256712185e+02 6.880166433828216555e+01 3.501354768317865762e+01 6.724195713796383700e+01 2.554605766257279242e+01 1.435456686318666364e+01 7.260159267286809381e+00 4.916360888389866624e+00 4.076896400760835704e+00 1.862896387394186448e-01 2.084448562017193307e+00 1.281442165661944266e+01 -1.078480474968420699e-01
1.239000707268751967e+03 8.694106632912956911e+02 4.845123551029201963e+02 3.603843048354477219e+02 2.255622375915345970e+02 2.753336391282139743e+02 1.790245222687316016e+02 1.031244105294043010e+02 5.848254872921632597e+01 5.027407371088575161e+01 3.929448866337291690e+01 2.864677950506142778e+01 2.667562404618181304e+01 7.894059749293125705e+00 5.855927834469924598e+00 1.139362004664270955e+00 5.869188828181352235e+00 7.235818096560224788e-01 1.586363170793867239e+00 -1.078480474968420699e-01 4.970770819923127526e+00
