1.782153534416290745e+07 1.193007879467682168e+07 8.326086067018285394e+06 5.859902864158574492e+06 4.225806859707045369e+06 2.974695784237138461e+06 2.176991405324753840e+06 1.536937661742174067e+06 1.082301029580888106e+06 7.828515908066648990e+05 5.570987207906530239e+05 4.098152662887079059e+05 3.012496994374968344e+05 2.085491243176624994e+05 1.434284264136900892e+05 9.789861246356199263e+04 6.616627068411037908e+04 4.118632354975383350e+04 2.159569896296425941e+04 5.700389751889730178e+03 1.970490585564206185e+03 1.237614142783787202e+03 4.299289439367497607e+02
1.193007879467682168e+07 8.653292339778078720e+06 5.737932596389770508e+06 4.044329287586364429e+06 2.924033391282157507e+06 2.056163576806538273e+06 1.509805428946428001e+06 1.058010923764496576e+06 7.399124432187733473e+05 5.388214060991418082e+05 3.869486618359495187e+05 2.827236416641715332e+05 2.068405882154325955e+05 1.436892767194053158e+05 1.012004575709658820e+05 6.949926817982940702e+04 4.504397097500210657e+04 2.762915380569768604e+04 1.514657964726627506e+04 4.113091534336686891e+03 1.431582947914271244e+03 9.746831823143459133e+02 2.968632064037348073e+02
8.326086067018285394e+06 5.737932596389770508e+06 4.291225866059737280e+06 2.829646008734638803e+06 2.044738472560045775e+06 1.435270896099968581e+06 1.055180438993249787e+06 7.431811667151469737e+05 5.218391247691588360e+05 3.756249428277588449e+05 2.726114723306827364e+05 1.981460102498787455e+05 1.432149957648301206e+05 9.983317408336911467e+04 6.892079247778696299e+04 4.841841451141759899e+04 3.260791615869679299e+04 1.845392209306767472e+04 1.088691842324646859e+04 2.916762386007433633e+03 8.189200377424343742e+02 6.042789859039625071e+02 1.523108056193165112e+02
5.859902864158574492e+06 4.044329287586364429e+06 2.829646008734638803e+06 2.163325830718528014e+06 1.428875808356025489e+06 1.011824990767770563e+06 7.438390241665488575e+05 5.262506302825219464e+05 3.670329052462505642e+05 2.627371588752291282e+05 1.928807007965582598e+05 1.403691732328793732e+05 1.023616884427482146e+05 7.035165567470117821e+04 4.851203790771578497e+04 3.364448233027871902e+04 2.182408036092267503e+04 1.274480329148359851e+04 7.533365583093012901e+03 2.011476725417011494e+03 5.711587374892073967e+02 4.312308889314965086e+02 1.424840261176260583e+02
4.225806859707045369e+06 2.924033391282157507e+06 2.044738472560045775e+06 1.428875808356025489e+06 1.154113950515513541e+06 7.307340333596487762e+05 5.377244763690416003e+05 3.784592523130829213e+05 2.635601065995849203e+05 1.895710728663439513e+05 1.365955739185813291e+05 1.006107383001678827e+05 7.284749904184983461e+04 5.008178386065186351e+04 3.556619002944124804e+04 2.429560526687413221e+04 1.614302986700626207e+04 9.287628053179132621e+03 5.504831054024619334e+03 1.496261067162948166e+03 3.319025585574222532e+02 3.097662702652060602e+02 9.788167637709182145e+01
2.974695784237138461e+06 2.056163576806538273e+06 1.435270896099968581e+06 1.011824990767770563e+06 7.307340333596487762e+05 5.951989616128063062e+05 3.760548405681338045e+05 2.671194545983995195e+05 1.857279946694779210e+05 1.362694975758504879e+05 9.780729996985223261e+04 7.076847302397555904e+04 5.090745339330579009e+04 3.585222801579494990e+04 2.419284597901107190e+04 1.676963592824871012e+04 1.150088018875066518e+04 6.756719167102177380e+03 3.736481865250298597e+03 1.029469470217499975e+03 2.459101711258159071e+02 2.423621207770671049e+02 8.817394083800053295e+01
2.176991405324753840e+06 1.509805428946428001e+06 1.055180438993249787e+06 7.438390241665488575e+05 5.377244763690416003e+05 3.760548405681338045e+05 3.322599282148068305e+05 1.974579661647856992e+05 1.342695296244072961e+05 1.004439756878471380e+05 7.159692412053946464e+04 5.057538059378369508e+04 3.674522461116647901e+04 2.630748814883849991e+04 1.792200512028920275e+04 1.242399793555018914e+04 8.219913859670028614e+03 4.944515714132090579e+03 2.817777190152328330e+03 7.693109416593470087e+02 2.645092289901486993e+02 1.881175465382233085e+02 5.231901263713567829e+01
1.536937661742174067e+06 1.058010923764496576e+06 7.431811667151469737e+05 5.262506302825219464e+05 3.784592523130829213e+05 2.671194545983995195e+05 1.974579661647856992e+05 1.739058021740438708e+05 9.779079277956234000e+04 6.987197153690169216e+04 4.960328582264352735e+04 3.678353090099900874e+04 2.596216223376430935e+04 1.846249670112152307e+04 1.261157805995048147e+04 8.207179769893988123e+03 5.819262636238917366e+03 3.388808905691402742e+03 1.890904904421361152e+03 5.154298552311264530e+02 9.102722800697063121e+01 1.219522977930516987e+02 2.479267948018564738e+01
1.082301029580888106e+06 7.399124432187733473e+05 5.218391247691588360e+05 3.670329052462505642e+05 2.635601065995849203e+05 1.857279946694779210e+05 1.342695296244072961e+05 9.779079277956234000e+04 9.279484153280143801e+04 4.854172996247815172e+04 3.547909431404004135e+04 2.701300577337156210e+04 1.828100007421546979e+04 1.194801473431504382e+04 9.189407007965432058e+03 6.203845260130920906e+03 4.010149423566757832e+03 2.481286618217316573e+03 1.334512369751648293e+03 3.751248109886569182e+02 1.105053410381406849e+02 6.630985300067140997e+01 1.788596425758246866e+01
7.828515908066648990e+05 5.388214060991418082e+05 3.756249428277588449e+05 2.627371588752291282e+05 1.895710728663439513e+05 1.362694975758504879e+05 1.004439756878471380e+05 6.987197153690169216e+04 4.854172996247815172e+04 5.227701524345455255e+04 2.747613344793800206e+04 1.813023757776748243e+04 1.285896546943722387e+04 9.415037571796457996e+03 6.484264572878313629e+03 4.575164748180590323e+03 2.923222143003967631e+03 1.693091754718100447e+03 1.002958440455536334e+03 2.585689571062987397e+02 3.246538147921232564e+01 6.094825538910889406e+01 1.319444939579219600e+01
5.570987207906530239e+05 3.869486618359495187e+05 2.726114723306827364e+05 1.928807007965582598e+05 1.365955739185813291e+05 9.780729996985223261e+04 7.159692412053946464e+04 4.960328582264352735e+04 3.547909431404004135e+04 2.747613344793800206e+04 2.974719470025451301e+04 1.448770435497363906e+04 9.772257284566170711e+03 6.625849637427140806e+03 4.482988731384431048e+03 3.227502804713460591e+03 2.136042554678383567e+03 1.160090217437064666e+03 6.489842549525300228e+02 1.689947094909546479e+02 1.604976988860470399e+01 4.670100305920823303e+01 4.116391351238385177e+00
4.098152662887079059e+05 2.827236416641715332e+05 1.981460102498787455e+05 1.403691732328793732e+05 1.006107383001678827e+05 7.076847302397555904e+04 5.057538059378369508e+04 3.678353090099900874e+04 2.701300577337156210e+04 1.813023757776748243e+04 1.448770435497363906e+04 1.687408496442692922e+04 6.969844220600713925e+03 5.057081085980667922e+03 3.587646645741537668e+03 2.563000520828129993e+03 1.446751818945364676e+03 9.812432745289789864e+02 4.250561846630291711e+02 1.628127196284995932e+02 3.326655871591599123e+01 3.069457186783599312e+01 4.933633705778988521e+00
3.012496994374968344e+05 2.068405882154325955e+05 1.432149957648301206e+05 1.023616884427482146e+05 7.284749904184983461e+04 5.090745339330579009e+04 3.674522461116647901e+04 2.596216223376430935e+04 1.828100007421546979e+04 1.285896546943722387e+04 9.772257284566170711e+03 6.969844220600713925e+03 1.019211483844126451e+04 3.851343532577968290e+03 2.710033538765668254e+03 1.686224182694147885e+03 1.046670133466311654e+03 6.354352592561250503e+02 3.154214350637877260e+02 1.159769278566842843e+02 4.001339702881573146e+01 1.598956608128340839e+01 7.014043141535029058e+00
2.085491243176624994e+05 1.436892767194053158e+05 9.983317408336911467e+04 7.035165567470117821e+04 5.008178386065186351e+04 3.585222801579494990e+04 2.630748814883849991e+04 1.846249670112152307e+04 1.194801473431504382e+04 9.415037571796457996e+03 6.625849637427140806e+03 5.057081085980667922e+03 3.851343532577968290e+03 5.464570169457168049e+03 1.827629540390099919e+03 1.151650000492109712e+03 8.688296201610610296e+02 4.160165317499017874e+02 2.510238578679647219e+02 6.737155893102179505e+01 -7.488071474815396478e+00 1.382872126681551350e+01 4.171547697978679636e+00
1.434284264136900892e+05 1.012004575709658820e+05 6.892079247778696299e+04 4.851203790771578497e+04 3.556619002944124804e+04 2.419284597901107190e+04 1.792200512028920275e+04 1.261157805995048147e+04 9.189407007965432058e+03 6.484264572878313629e+03 4.482988731384431048e+03 3.587646645741537668e+03 2.710033538765668254e+03 1.827629540390099919e+03 2.980331840545902196e+03 8.310735414203029450e+02 5.619639468219843366e+02 2.900804327401327214e+02 1.889169207716182655e+02 3.936989157477247403e+01 1.226488234601577254e+01 1.466716893079643036e+01 1.527701953502875298e+00
9.789861246356199263e+04 6.949926817982940702e+04 4.841841451141759899e+04 3.364448233027871902e+04 2.429560526687413221e+04 1.676963592824871012e+04 1.242399793555018914e+04 8.207179769893988123e+03 6.203845260130920906e+03 4.575164748180590323e+03 3.227502804713460591e+03 2.563000520828129993e+03 1.686224182694147885e+03 1.151650000492109712e+03 8.310735414203029450e+02 1.529258242117756254e+03 3.308359970638966843e+02 2.342774293235773939e+02 1.002049048775842266e+02 2.979813890438790480e+01 2.914097578955713086e+00 9.991408608946974468e+00 -9.805075716555994997e-03
6.616627068411037908e+04 4.504397097500210657e+04 3.260791615869679299e+04 2.182408036092267503e+04 1.614302986700626207e+04 1.150088018875066518e+04 8.219913859670028614e+03 5.819262636238917366e+03 4.010149423566757832e+03 2.923222143003967631e+03 2.136042554678383567e+03 1.446751818945364676e+03 1.046670133466311654e+03 8.688296201610610296e+02 5.619639468219843366e+02 3.308359970638966843e+02 8.589999124673313418e+02 1.130931439458152425e+02 8.962784370060353467e+01 2.568693196345713048e+01 1.972735767381263106e+00 -1.523664005705170910e+00 9.000762252148565290e-01
4.118632354975383350e+04 2.762915380569768604e+04 1.845392209306767472e+04 1.274480329148359851e+04 9.287628053179132621e+03 6.756719167102177380e+03 4.944515714132090579e+03 3.388808905691402742e+03 2.481286618217316573e+03 1.693091754718100447e+03 1.160090217437064666e+03 9.812432745289789864e+02 6.354352592561250503e+02 4.160165317499017874e+02 2.900804327401327214e+02 2.342774293235773939e+02 1.130931439458152425e+02 3.708554975444496904e+02 4.836910860150854319e+01 1.138521526876191992e+01 2.659014767996455308e+00 2.333486391481028654e+00 2.474663093870342223e+00
2.159569896296425941e+04 1.514657964726627506e+04 1.088691842324646859e+04 7.533365583093012901e+03 5.504831054024619334e+03 3.736481865250298597e+03 2.817777190152328330e+03 1.890904904421361152e+03 1.334512369751648293e+03 1.002958440455536334e+03 6.489842549525300228e+02 4.250561846630291711e+02 3.154214350637877260e+02 2.510238578679647219e+02 1.889169207716182655e+02 1.002049048775842266e+02 8.962784370060353467e+01 4.836910860150854319e+01 1.319765248711325683e+02 1.076538257847272417e+00 1.604010741704190890e+00 8.020002947899662615e-01 1.766747259623320243e+00
5.700389751889730178e+03 4.113091534336686891e+03 2.916762386007433633e+03 2.011476725417011494e+03 1.496261067162948166e+03 1.029469470217499975e+03 7.693109416593470087e+02 5.154298552311264530e+02 3.751248109886569182e+02 2.585689571062987397e+02 1.689947094909546479e+02 1.628127196284995932e+02 1.159769278566842843e+02 6.737155893102179505e+01 3.936989157477247403e+01 2.979813890438790480e+01 2.568693196345713048e+01 1.138521526876191992e+01 1.076538257847272417e+00 3.099569905592381147e+01 3.568783604774727336e-01 -3.235415207888600597e-01 -6.470806806903578456e-02
1.970490585564206185e+03 1.431582947914271244e+03 8.189200377424343742e+02 5.711587374892073967e+02 3.319025585574222532e+02 2.459101711258159071e+02 2.645092289901486993e+02 9.102722800697063121e+01 1.105053410381406849e+02 3.246538147921232564e+01 1.604976988860470399e+01 3.326655871591599123e+01 4.001339702881573146e+01 -7.488071474815396478e+00 1.226488234601577254e+01 2.914097578955713086e+00 1.972735767381263106e+00 2.659014767996455308e+00 1.604010741704190890e+00 3.568783604774727336e-01 1.185141285748972706e+01 -9.804217279437127397e-02 -1.960836301735274095e-02
1.237614142783787202e+03 9.746831823143459133e+02 6.042789859039625071e+02 4.312308889314965086e+02 3.097662702652060602e+02 2.423621207770671049e+02 1.881175465382233085e+02 1.219522977930516987e+02 6.630985300067140997e+01 6.094825538910889406e+01 4.670100305920823303e+01 3.069457186783599312e+01 1.598956608128340839e+01 1.382872126681551350e+01 1.466716893079643036e+01 9.991408608946974468e+00 -1.523664005705170910e+00 2.333486391481028654e+00 8.020002947899662615e-01 -3.235415207888600597e-01 -9.804217279437127397e-02 4.970706699818311591e+00 -9.804119455931745511e-03
4.299289439367497607e+02 2.968632064037348073e+02 1.523108056193165112e+02 1.424840261176260583e+02 9.788167637709182145e+01 8.817394083800053295e+01 5.231901263713567829e+01 2.479267948018564738e+01 1.788596425758246866e+01 1.319444939579219600e+01 4.116391351238385177e+00 4.933633705778988521e+00 7.014043141535029058e+00 4.171547697978679636e+00 1.527701953502875298e+00 -9.805075716555994997e-03 9.000762252148565290e-01 2.474663093870342223e+00 1.766747259623320243e+00 -6.470806806903578456e-02 -1.960836301735274095e-02 -9.804119455931745511e-03 1.001977352660950338e+00
