1.684584907982124016e+07 1.109744282563493587e+07 7.829023544173829257e+06 5.606750544087038375e+06 3.870571978251587600e+06 2.687340259331756271e+06 1.861223880999188870e+06 1.303622002500178758e+06 9.068381917747098487e+05 6.022027015370209701e+05 4.400882275304516661e+05 2.479697320955794130e+05 1.564165941202671384e+05 8.805839924436016008e+04 5.206824130552247516e+04 2.059305835453594045e+04 7.948937169934402846e+03 4.968767368995720062e+03 7.683911618094242613e+02
1.109744282563493587e+07 8.005378769369316287e+06 5.383475907036379911e+06 3.865779018660214264e+06 2.637173694768258836e+06 1.844295089603056898e+06 1.286559977262210567e+06 9.003243347879250068e+05 6.131156213081004098e+05 4.111160704954238608e+05 2.979345581478833337e+05 1.696328310311403184e+05 1.078597491769623884e+05 6.201382489760094177e+04 3.555101787825453357e+04 1.387403929174173572e+04 5.533312189153541112e+03 3.080125705973362528e+03 5.162914381144255458e+02
7.829023544173829257e+06 5.383475907036379911e+06 4.044514531925272662e+06 2.709916167721229605e+06 1.870488737142439233e+06 1.304838579150352161e+06 9.107447709350571968e+05 6.316183923054608749e+05 4.406714478463007836e+05 2.912712979166939040e+05 2.134278278061572637e+05 1.174881650851164450e+05 7.550929807087467634e+04 4.241263233740922442e+04 2.576870676110886416e+04 9.247508027409336137e+03 4.212793642534167702e+03 2.253742687361372646e+03 2.879514830829399443e+02
5.606750544087038375e+06 3.865779018660214264e+06 2.709916167721229605e+06 2.146952701220785268e+06 1.349421038902255241e+06 9.408911677655158564e+05 6.563381925408747047e+05 4.505289319478619727e+05 3.207434175608374062e+05 2.061585574056812620e+05 1.516412613263097010e+05 8.594942832430766430e+04 5.499429271489590610e+04 2.981683708571275565e+04 1.739126798540801974e+04 7.113411608064981920e+03 2.818823987823570405e+03 1.641159838583338569e+03 2.831489332970564305e+02
3.870571978251587600e+06 2.637173694768258836e+06 1.870488737142439233e+06 1.349421038902255241e+06 1.052386912258766592e+06 6.452918260459880112e+05 4.519144180123526021e+05 3.145155242221510271e+05 2.152118304286035418e+05 1.418160903922428552e+05 1.018358577202247834e+05 5.893103300712920463e+04 3.771362258593388833e+04 2.018842130561702652e+04 1.327374025520727446e+04 4.891781961346420758e+03 1.864452201004252174e+03 1.137971041363294489e+03 2.485330221897845888e+02
2.687340259331756271e+06 1.844295089603056898e+06 1.304838579150352161e+06 9.408911677655158564e+05 6.452918260459880112e+05 5.287547198593835346e+05 3.092520705712402705e+05 2.176778925753283547e+05 1.527879413291298551e+05 9.784936816589119553e+04 7.221702118458772020e+04 4.114473397817093792e+04 2.736695147673760948e+04 1.426551249592442400e+04 8.244292817310248211e+03 3.535625758164951094e+03 1.511452073671028074e+03 7.587449219116276709e+02 1.452828158146432713e+02
1.861223880999188870e+06 1.286559977262210567e+06 9.107447709350571968e+05 6.563381925408747047e+05 4.519144180123526021e+05 3.092520705712402705e+05 2.684353401001073071e+05 1.539888951187619241e+05 1.048262876952053775e+05 6.881981042984469968e+04 5.186876952204063127e+04 2.910301744109481297e+04 1.791250771074654767e+04 1.069180285399217246e+04 5.985712777873474806e+03 2.396791355022354310e+03 9.203532152734475176e+02 5.193234835028608813e+02 9.254881813490115405e+01
1.303622002500178758e+06 9.003243347879250068e+05 6.316183923054608749e+05 4.505289319478619727e+05 3.145155242221510271e+05 2.176778925753283547e+05 1.539888951187619241e+05 1.367586433525863395e+05 7.670622526351598208e+04 4.863260973841637315e+04 3.569603794937736529e+04 1.887702019996910531e+04 1.312433111020772412e+04 7.135985495551482018e+03 4.160190732019004827e+03 1.633710021482641196e+03 6.156405412335924439e+02 3.971235949895578301e+02 4.830039570215004119e+01
9.068381917747098487e+05 6.131156213081004098e+05 4.406714478463007836e+05 3.207434175608374062e+05 2.152118304286035418e+05 1.527879413291298551e+05 1.048262876952053775e+05 7.670622526351598208e+04 7.028776625945225533e+04 3.394199160590816609e+04 2.494930990770256540e+04 1.428508725680738280e+04 9.004629382873210488e+03 4.694054253717908978e+03 2.862655515794676376e+03 1.117526598246809044e+03 4.439335295719379815e+02 2.610069933332224537e+02 4.541545623430918965e+01
6.022027015370209701e+05 4.111160704954238608e+05 2.912712979166939040e+05 2.061585574056812620e+05 1.418160903922428552e+05 9.784936816589119553e+04 6.881981042984469968e+04 4.863260973841637315e+04 3.394199160590816609e+04 3.481193866333417827e+04 1.734422445015328776e+04 9.411070561522208664e+03 5.914856049637300202e+03 3.436166364646609509e+03 1.987486157598462341e+03 8.375291314962531715e+02 3.637011769590936296e+02 1.637658293853788507e+02 2.849763448353885309e+01
4.400882275304516661e+05 2.979345581478833337e+05 2.134278278061572637e+05 1.516412613263097010e+05 1.018358577202247834e+05 7.221702118458772020e+04 5.186876952204063127e+04 3.569603794937736529e+04 2.494930990770256540e+04 1.734422445015328776e+04 1.878350527797811083e+04 6.564710588976048712e+03 4.045592715211881114e+03 2.576874431223119245e+03 1.451944373074608848e+03 6.001642148727421500e+02 2.233313909783774704e+02 1.482010233806063582e+02 3.468434374290809075e+01
2.479697320955794130e+05 1.696328310311403184e+05 1.174881650851164450e+05 8.594942832430766430e+04 5.893103300712920463e+04 4.114473397817093792e+04 2.910301744109481297e+04 1.887702019996910531e+04 1.428508725680738280e+04 9.411070561522208664e+03 6.564710588976048712e+03 7.952049385869090656e+03 2.645959549658901778e+03 1.324133699261365791e+03 8.803535479647886177e+02 3.222758629694367301e+02 1.521007301522923285e+02 7.389637898580716069e+01 3.456604588636946307e+00
1.564165941202671384e+05 1.078597491769623884e+05 7.550929807087467634e+04 5.499429271489590610e+04 3.771362258593388833e+04 2.736695147673760948e+04 1.791250771074654767e+04 1.312433111020772412e+04 9.004629382873210488e+03 5.914856049637300202e+03 4.045592715211881114e+03 2.645959549658901778e+03 3.448295487153031445e+03 8.617722554689687513e+02 4.997849169789894859e+02 2.117731818241205701e+02 8.385496768341064922e+01 4.780215176586958847e+01 7.659601178014476375e+00
8.805839924436016008e+04 6.201382489760094177e+04 4.241263233740922442e+04 2.981683708571275565e+04 2.018842130561702652e+04 1.426551249592442400e+04 1.069180285399217246e+04 7.135985495551482018e+03 4.694054253717908978e+03 3.436166364646609509e+03 2.576874431223119245e+03 1.324133699261365791e+03 8.617722554689687513e+02 1.582247641619815568e+03 2.716157046370557850e+02 1.488068089081265271e+02 5.534825597978571921e+01 3.439001813270338914e+01 2.179007190585208864e+00
5.206824130552247516e+04 3.555101787825453357e+04 2.576870676110886416e+04 1.739126798540801974e+04 1.327374025520727446e+04 8.244292817310248211e+03 5.985712777873474806e+03 4.160190732019004827e+03 2.862655515794676376e+03 1.987486157598462341e+03 1.451944373074608848e+03 8.803535479647886177e+02 4.997849169789894859e+02 2.716157046370557850e+02 6.317108348308378254e+02 5.747815481666025761e+01 1.589985449626657399e+01 1.800774560263630875e+01 3.277115212721752435e+00
2.059305835453594045e+04 1.387403929174173572e+04 9.247508027409336137e+03 7.113411608064981920e+03 4.891781961346420758e+03 3.535625758164951094e+03 2.396791355022354310e+03 1.633710021482641196e+03 1.117526598246809044e+03 8.375291314962531715e+02 6.001642148727421500e+02 3.222758629694367301e+02 2.117731818241205701e+02 1.488068089081265271e+02 5.747815481666025761e+01 1.714496659091300899e+02 3.612452716579167333e+00 8.071922673620340660e+00 2.059131714898582377e+00
7.948937169934402846e+03 5.533312189153541112e+03 4.212793642534167702e+03 2.818823987823570405e+03 1.864452201004252174e+03 1.511452073671028074e+03 9.203532152734475176e+02 6.156405412335924439e+02 4.439335295719379815e+02 3.637011769590936296e+02 2.233313909783774704e+02 1.521007301522923285e+02 8.385496768341064922e+01 5.534825597978571921e+01 1.589985449626657399e+01 3.612452716579167333e+00 6.334934185523268013e+01 2.647415454075092711e+00 -3.235679349977300112e-01
4.968767368995720062e+03 3.080125705973362528e+03 2.253742687361372646e+03 1.641159838583338569e+03 1.137971041363294489e+03 7.587449219116276709e+02 5.193234835028608813e+02 3.971235949895578301e+02 2.610069933332224537e+02 1.637658293853788507e+02 1.482010233806063582e+02 7.389637898580716069e+01 4.780215176586958847e+01 3.439001813270338914e+01 1.800774560263630875e+01 8.071922673620340660e+00 2.647415454075092711e+00 2.314763434369718098e+01 -1.294239200814953084e-01
7.683911618094242613e+02 5.162914381144255458e+02 2.879514830829399443e+02 2.831489332970564305e+02 2.485330221897845888e+02 1.452828158146432713e+02 9.254881813490115405e+01 4.830039570215004119e+01 4.541545623430918965e+01 2.849763448353885309e+01 3.468434374290809075e+01 3.456604588636946307e+00 7.659601178014476375e+00 2.179007190585208864e+00 3.277115212721752435e+00 2.059131714898582377e+00 -3.235679349977300112e-01 -1.294239200814953084e-01 2.994352006399588983e+00
