2.173227659093284048e+06 1.365043987766865874e+06 9.225772889351977501e+05 6.799807639037993504e+05 4.483232571378319408e+05 3.111859790589360637e+05 2.034817381214700872e+05 1.216038284548015799e+05 6.529243540887818381e+04 3.444222841718108248e+04 1.761204508592257116e+04 6.142286474549046034e+03 9.201684397723927304e+02 1.719052530530096590e+02
1.365043987766865874e+06 1.227660554139060201e+06 6.672924064673801186e+05 4.921379589313119068e+05 3.301147549253345351e+05 2.284964352964637801e+05 1.498907880083877535e+05 9.251526934140795493e+04 5.044109295584673964e+04 2.333484724537008879e+04 1.310988565903574272e+04 4.269761911544609575e+03 7.330751474028780876e+02 1.060014831580772068e+02
9.225772889351977501e+05 6.672924064673801186e+05 5.930664139436563710e+05 3.322428368601622060e+05 2.305133363075716188e+05 1.550234334217814903e+05 1.043676836579545488e+05 6.271155716750700230e+04 3.117834486707320684e+04 1.675100593322088753e+04 8.520535990205458802e+03 2.739531057676909768e+03 3.912345782819306805e+02 8.178935183471344317e+01
6.799807639037993504e+05 4.921379589313119068e+05 3.322428368601622060e+05 3.242258111886562547e+05 1.600657203399975551e+05 1.139046518062296673e+05 7.254611947438608331e+04 4.616789322885220463e+04 2.429581188071365250e+04 1.330620861619536845e+04 5.682778979489203266e+03 2.037300186292400213e+03 3.973751713395353704e+02 8.998181965786788794e+01
4.483232571378319408e+05 3.301147549253345351e+05 2.305133363075716188e+05 1.600657203399975551e+05 1.550324951598875050e+05 7.889551395982096437e+04 4.861801364307517360e+04 3.059054070940929887e+04 1.596744548740012760e+04 8.359373666642601165e+03 4.287057099657839899e+03 1.247530449166243898e+03 1.332696918419286760e+02 5.927720240276048713e+01
3.111859790589360637e+05 2.284964352964637801e+05 1.550234334217814903e+05 1.139046518062296673e+05 7.889551395982096437e+04 8.265577949585572060e+04 3.505372993372402561e+04 2.166895649477793268e+04 1.105418019242743321e+04 5.329915894733366258e+03 2.621428526299324858e+03 6.910652844316425671e+02 2.100689667689099167e+02 3.966633617069337703e+01
2.034817381214700872e+05 1.498907880083877535e+05 1.043676836579545488e+05 7.254611947438608331e+04 4.861801364307517360e+04 3.505372993372402561e+04 3.925104853939160967e+04 1.451434364710455884e+04 8.417469780909626934e+03 3.548990077755472612e+03 1.856125196799025161e+03 4.082117662202408610e+02 1.230943885852636583e+02 2.879046893481289970e+01
1.216038284548015799e+05 9.251526934140795493e+04 6.271155716750700230e+04 4.616789322885220463e+04 3.059054070940929887e+04 2.166895649477793268e+04 1.451434364710455884e+04 1.754127657918888508e+04 5.111438832731279945e+03 2.687035065124958692e+03 9.452462710158677055e+02 3.846681200992555887e+02 1.027616777578126914e+02 1.099321996379440236e+01
6.529243540887818381e+04 5.044109295584673964e+04 3.117834486707320684e+04 2.429581188071365250e+04 1.596744548740012760e+04 1.105418019242743321e+04 8.417469780909626934e+03 5.111438832731279945e+03 6.807689126048985599e+03 1.336736563879519736e+03 6.189682523580794395e+02 1.772249554443626778e+02 4.224276244620432408e+01 4.525167516157181602e+00
3.444222841718108248e+04 2.333484724537008879e+04 1.675100593322088753e+04 1.330620861619536845e+04 8.359373666642601165e+03 5.329915894733366258e+03 3.548990077755472612e+03 2.687035065124958692e+03 1.336736563879519736e+03 2.474735200496509606e+03 3.720006092622283518e+02 1.138469650817334440e+02 2.625283090843208100e+01 5.966180944545863563e-01
1.761204508592257116e+04 1.310988565903574272e+04 8.520535990205458802e+03 5.682778979489203266e+03 4.287057099657839899e+03 2.621428526299324858e+03 1.856125196799025161e+03 9.452462710158677055e+02 6.189682523580794395e+02 3.720006092622283518e+02 7.967017377846992758e+02 7.122284825672424802e+01 1.071384918092636163e+01 4.157734932308857267e+00
6.142286474549046034e+03 4.269761911544609575e+03 2.739531057676909768e+03 2.037300186292400213e+03 1.247530449166243898e+03 6.910652844316425671e+02 4.082117662202408610e+02 3.846681200992555887e+02 1.772249554443626778e+02 1.138469650817334440e+02 7.122284825672424802e+01 2.312155519130962205e+02 5.014703503060752077e+00 -8.435791209099725851e-02
9.201684397723927304e+02 7.330751474028780876e+02 3.912345782819306805e+02 3.973751713395353704e+02 1.332696918419286760e+02 2.100689667689099167e+02 1.230943885852636583e+02 1.027616777578126914e+02 4.224276244620432408e+01 2.625283090843208100e+01 1.071384918092636163e+01 5.014703503060752077e+00 3.562514756909870783e+01 1.796839380683376008e+00
1.719052530530096590e+02 1.060014831580772068e+02 8.178935183471344317e+01 8.998181965786788794e+01 5.927720240276048713e+01 3.966633617069337703e+01 2.879046893481289970e+01 1.099321996379440236e+01 4.525167516157181602e+00 5.966180944545863563e-01 4.157734932308857267e+00 -8.435791209099725851e-02 1.796839380683376008e+00 2.995199651418435138e+00
