1.855963424735879758e+06 1.073481836432156386e+06 7.075030961082150461e+05 4.296268807986170868e+05 2.742193770535718068e+05 1.504673122990490228e+05 7.505699853489999077e+04 3.828562035981536610e+04 1.127883069340565453e+04 3.291229426902902105e+03 4.845143860735098542e+02 -6.632795606427817070e+00
1.073481836432156386e+06 8.462042173861826304e+05 4.670127825427706121e+05 2.924608189107595244e+05 1.836419798165710235e+05 1.038240010564786789e+05 4.848067671935485123e+04 2.743747932385669992e+04 7.567712138188274366e+03 2.360476459040390182e+03 4.006320229559165114e+02 7.179133646543530745e+01
7.075030961082150461e+05 4.670127825427706121e+05 3.897396756807478378e+05 1.943059495543575904e+05 1.254157058956064575e+05 7.059013105954544153e+04 3.307578916969499551e+04 1.743704247350866353e+04 4.857334008575558073e+03 1.420196068461703135e+03 1.258533266979130616e+02 7.165680553756057236e+01
4.296268807986170868e+05 2.924608189107595244e+05 1.943059495543575904e+05 1.659332888905350701e+05 7.894554200113250408e+04 4.193735564756488020e+04 1.905660391550906934e+04 1.094340458727906480e+04 2.993566861432980204e+03 8.680677194252259596e+02 3.916654114886515714e+01 3.617649026982461891e+01
2.742193770535718068e+05 1.836419798165710235e+05 1.254157058956064575e+05 7.894554200113250408e+04 7.459362982936769549e+04 2.801757279817271774e+04 1.216352441848173839e+04 7.328398731218468129e+03 1.801417537867007695e+03 6.231127484670358854e+02 9.736571275058402364e+01 4.185487973159109742e+01
1.504673122990490228e+05 1.038240010564786789e+05 7.059013105954544153e+04 4.193735564756488020e+04 2.801757279817271774e+04 2.914338793213912868e+04 7.701932731560147658e+03 3.812296235827622240e+03 1.074447838321796098e+03 3.318035538678010994e+02 4.155788569777428876e+01 3.460680937229888343e+01
7.505699853489999077e+04 4.848067671935485123e+04 3.307578916969499551e+04 1.905660391550906934e+04 1.216352441848173839e+04 7.701932731560147658e+03 9.044393590671083075e+03 1.788711504029426578e+03 6.582887799504876511e+02 2.253711128278216052e+02 -7.619928989453023327e+00 2.189051745460658793e+01
3.828562035981536610e+04 2.743747932385669992e+04 1.743704247350866353e+04 1.094340458727906480e+04 7.328398731218468129e+03 3.812296235827622240e+03 1.788711504029426578e+03 3.110785367569353639e+03 3.405722336003393593e+02 1.198485831877426477e+02 3.137967549864480787e+01 -2.347316739850786593e+00
1.127883069340565453e+04 7.567712138188274366e+03 4.857334008575558073e+03 2.993566861432980204e+03 1.801417537867007695e+03 1.074447838321796098e+03 6.582887799504876511e+02 3.405722336003393593e+02 7.190860432635109873e+02 4.401778148028419935e+01 -3.031076951655088947e-01 4.108369570256208192e+00
3.291229426902902105e+03 2.360476459040390182e+03 1.420196068461703135e+03 8.680677194252259596e+02 6.231127484670358854e+02 3.318035538678010994e+02 2.253711128278216052e+02 1.198485831877426477e+02 4.401778148028419935e+01 1.447260793645519925e+02 3.088221524605654911e-01 8.416186105774003945e-01
4.845143860735098542e+02 4.006320229559165114e+02 1.258533266979130616e+02 3.916654114886515714e+01 9.736571275058402364e+01 4.155788569777428876e+01 -7.619928989453023327e+00 3.137967549864480787e+01 -3.031076951655088947e-01 3.088221524605654911e-01 2.211305907898816514e+01 8.255135185536417453e-01
-6.632795606427817070e+00 7.179133646543530745e+01 7.165680553756057236e+01 3.617649026982461891e+01 4.185487973159109742e+01 3.460680937229888343e+01 2.189051745460658793e+01 -2.347316739850786593e+00 4.108369570256208192e+00 8.416186105774003945e-01 8.255135185536417453e-01 3.992651193936026743e+00
