2.212527825892259367e+06 1.378125737306609983e+06 9.273255987290453631e+05 6.351542399337085662e+05 4.466895444215991301e+05 3.039314267876534141e+05 1.874985287854978815e+05 1.158685879357040394e+05 5.409292405870655784e+04 2.998773177039647271e+04 1.293836662253557552e+04 2.863458371674470527e+03 1.765143969079581723e+02
1.378125737306609983e+06 1.205276685587510467e+06 6.614558113111369312e+05 4.549737327231913805e+05 3.255373407848830684e+05 2.179711176362655242e+05 1.358092370560101699e+05 8.556537141451763455e+04 3.949961917249303224e+04 2.173496606124618120e+04 9.489286682275223939e+03 2.214502032802229678e+03 1.539266359268442272e+02
9.273255987290453631e+05 6.614558113111369312e+05 5.832987843941702740e+05 3.074193511022021412e+05 2.210905699484239158e+05 1.449581793483184883e+05 9.258951530364133941e+04 5.847535103248176165e+04 2.455564208383113873e+04 1.446098510253218774e+04 6.169755320185311575e+03 1.712692974943455511e+03 1.347836344370575716e+02
6.351542399337085662e+05 4.549737327231913805e+05 3.074193511022021412e+05 2.948805875209639780e+05 1.504251748047038564e+05 1.012712943635041447e+05 6.337386355385500065e+04 3.920446828584703326e+04 1.973423872021152056e+04 9.857975531308315112e+03 4.361864738481566746e+03 1.068662121089613493e+03 9.121759152247413738e+01
4.466895444215991301e+05 3.255373407848830684e+05 2.210905699484239158e+05 1.504251748047038564e+05 1.510496849297315057e+05 7.271230631057242863e+04 4.583785213816261239e+04 2.721176977645361330e+04 1.271190755956965768e+04 7.484983581033728115e+03 2.873283756292970338e+03 6.381637407327726805e+02 3.666696398695534498e+01
3.039314267876534141e+05 2.179711176362655242e+05 1.449581793483184883e+05 1.012712943635041447e+05 7.271230631057242863e+04 7.560069143227610039e+04 3.122555064018963822e+04 1.879662911264033755e+04 8.749039684495053734e+03 4.573968255581467020e+03 1.594520880325445660e+03 2.734589496739953347e+02 1.426388441078937603e+02
1.874985287854978815e+05 1.358092370560101699e+05 9.258951530364133941e+04 6.337386355385500065e+04 4.583785213816261239e+04 3.122555064018963822e+04 3.454227156425776775e+04 1.225816064838467173e+04 6.127248204635868206e+03 2.956785745243658312e+03 1.059250781384996117e+03 2.361393063255475795e+02 1.793999537211981377e+01
1.158685879357040394e+05 8.556537141451763455e+04 5.847535103248176165e+04 3.920446828584703326e+04 2.721176977645361330e+04 1.879662911264033755e+04 1.225816064838467173e+04 1.592255027522929959e+04 3.712900974288994803e+03 2.143802849373070785e+03 6.762566077918258998e+02 1.811695927025030812e+02 2.979352133503943989e+01
5.409292405870655784e+04 3.949961917249303224e+04 2.455564208383113873e+04 1.973423872021152056e+04 1.271190755956965768e+04 8.749039684495053734e+03 6.127248204635868206e+03 3.712900974288994803e+03 5.317379590420761815e+03 9.132702566312974568e+02 3.360391655069762464e+02 1.261855047322978720e+02 2.852677879837552499e+00
2.998773177039647271e+04 2.173496606124618120e+04 1.446098510253218774e+04 9.857975531308315112e+03 7.484983581033728115e+03 4.573968255581467020e+03 2.956785745243658312e+03 2.143802849373070785e+03 9.132702566312974568e+02 2.022883503100234975e+03 2.613047672941427777e+02 4.915635916278731088e+01 1.337554165876917089e+01
1.293836662253557552e+04 9.489286682275223939e+03 6.169755320185311575e+03 4.361864738481566746e+03 2.873283756292970338e+03 1.594520880325445660e+03 1.059250781384996117e+03 6.762566077918258998e+02 3.360391655069762464e+02 2.613047672941427777e+02 5.920212449762423148e+02 3.495889435679949031e+01 5.490300481910507457e+00
2.863458371674470527e+03 2.214502032802229678e+03 1.712692974943455511e+03 1.068662121089613493e+03 6.381637407327726805e+02 2.734589496739953347e+02 2.361393063255475795e+02 1.811695927025030812e+02 1.261855047322978720e+02 4.915635916278731088e+01 3.495889435679949031e+01 1.320883454513177639e+02 1.628385023438109203e-01
1.765143969079581723e+02 1.539266359268442272e+02 1.347836344370575716e+02 9.121759152247413738e+01 3.666696398695534498e+01 1.426388441078937603e+02 1.793999537211981377e+01 2.979352133503943989e+01 2.852677879837552499e+00 1.337554165876917089e+01 5.490300481910507457e+00 1.628385023438109203e-01 1.663319983418216808e+01
