2.129380806272545364e+06 1.247557177753914380e+06 8.462245806469580857e+05 5.487195246039507911e+05 3.662112942902359646e+05 2.296423219052360218e+05 1.325321740544623171e+05 7.045236307074174692e+04 3.025811143704916685e+04 1.364666659455926310e+04 4.019748695588552437e+03 1.722801322731293681e+02 1.261955663431972994e+02
1.247557177753914380e+06 1.042301262088742922e+06 5.877676603100318462e+05 3.836698776508881128e+05 2.487950532006406575e+05 1.627374016989875527e+05 9.141316592444419803e+04 4.944144636469893885e+04 2.033854095479785610e+04 8.394112545341251462e+03 2.775662726569496499e+03 1.315563835148377620e+02 1.120128674668681015e+02
8.462245806469580857e+05 5.877676603100318462e+05 4.981849630380558083e+05 2.645080105844851932e+05 1.756488414891300199e+05 1.079498991624487680e+05 6.137903616624180722e+04 3.511603468376384262e+04 1.372564607444599460e+04 6.463734223366671358e+03 2.180180943590341940e+03 1.062713870597552841e+02 8.011198000878717096e+01
5.487195246039507911e+05 3.836698776508881128e+05 2.645080105844851932e+05 2.307495610742653953e+05 1.181722296274415130e+05 7.284712626130790159e+04 3.998336562594439602e+04 2.412653626622071170e+04 8.708842272134814266e+03 4.106708403326501866e+03 9.838933056584014594e+02 7.482444131574419544e+01 6.537912356624151755e+01
3.662112942902359646e+05 2.487950532006406575e+05 1.756488414891300199e+05 1.181722296274415130e+05 1.137768824438240117e+05 4.885962777445377287e+04 2.850423275877462584e+04 1.551949132472491510e+04 6.444331733214411543e+03 2.661256907341758506e+03 7.770340180792941283e+02 3.560992241413173787e+01 3.396709523885941451e+01
2.296423219052360218e+05 1.627374016989875527e+05 1.079498991624487680e+05 7.284712626130790159e+04 4.885962777445377287e+04 5.092917896200377436e+04 1.801213582813388712e+04 9.706364352181057257e+03 4.150176163054567041e+03 1.444596970848210503e+03 4.201759956939947074e+02 4.299866816649051060e+01 3.548156301112885558e+01
1.325321740544623171e+05 9.141316592444419803e+04 6.137903616624180722e+04 3.998336562594439602e+04 2.850423275877462584e+04 1.801213582813388712e+04 2.020577537556395691e+04 5.505382989201160854e+03 2.251171789011027158e+03 9.174683762959564319e+02 2.565248177798369511e+02 1.395452663986486286e+01 1.373689345122381411e+01
7.045236307074174692e+04 4.944144636469893885e+04 3.511603468376384262e+04 2.412653626622071170e+04 1.551949132472491510e+04 9.706364352181057257e+03 5.505382989201160854e+03 7.890033179591570843e+03 1.238423666365830059e+03 5.229001495294348842e+02 2.132287357129093550e+02 5.084096067524563978e+01 8.268359585603452189e+00
3.025811143704916685e+04 2.033854095479785610e+04 1.372564607444599460e+04 8.708842272134814266e+03 6.444331733214411543e+03 4.150176163054567041e+03 2.251171789011027158e+03 1.238423666365830059e+03 2.255081739366330567e+03 1.828330154889869732e+02 1.178131678430583946e+02 2.912620520780292566e+01 3.383341457029776844e+00
1.364666659455926310e+04 8.394112545341251462e+03 6.463734223366671358e+03 4.106708403326501866e+03 2.661256907341758506e+03 1.444596970848210503e+03 9.174683762959564319e+02 5.229001495294348842e+02 1.828330154889869732e+02 6.665808158640910506e+02 2.039153199690583307e+01 2.011500281284268610e+00 2.913434256454531468e+00
4.019748695588552437e+03 2.775662726569496499e+03 2.180180943590341940e+03 9.838933056584014594e+02 7.770340180792941283e+02 4.201759956939947074e+02 2.565248177798369511e+02 2.132287357129093550e+02 1.178131678430583946e+02 2.039153199690583307e+01 1.578310596981004892e+02 1.554585845775142472e+00 1.434411111126095317e+00
1.722801322731293681e+02 1.315563835148377620e+02 1.062713870597552841e+02 7.482444131574419544e+01 3.560992241413173787e+01 4.299866816649051060e+01 1.395452663986486286e+01 5.084096067524563978e+01 2.912620520780292566e+01 2.011500281284268610e+00 1.554585845775142472e+00 2.242651798665403007e+01 -7.464179665305373246e-02
1.261955663431972994e+02 1.120128674668681015e+02 8.011198000878717096e+01 6.537912356624151755e+01 3.396709523885941451e+01 3.548156301112885558e+01 1.373689345122381411e+01 8.268359585603452189e+00 3.383341457029776844e+00 2.913434256454531468e+00 1.434411111126095317e+00 -7.464179665305373246e-02 2.003139590133554915e+00
