3.276628661772708074e+04 7.534751674141462900e+03 2.036351562885190788e+03 3.510730213730561786e+02 5.386942141210990798e+01 3.301727337430533282e+01
7.534751674141462900e+03 7.651365642336895689e+03 8.371809770578142889e+02 2.541698807315395641e+02 5.276674246633513121e+01 5.216318494013748364e+00
2.036351562885190788e+03 8.371809770578142889e+02 1.645006700346727030e+03 1.081316829717906245e+02 5.383423899524458989e+00 7.589049365074209241e+00
3.510730213730561786e+02 2.541698807315395641e+02 1.081316829717906245e+02 2.745829497706014308e+02 3.125560657962129785e+00 -9.616351343571351018e-01
5.386942141210990798e+01 5.276674246633513121e+01 5.383423899524458989e+00 3.125560657962129785e+00 3.822434052864658582e+01 -1.432205816743359339e-01
3.301727337430533282e+01 5.216318494013748364e+00 7.589049365074209241e+00 -9.616351343571351018e-01 -1.432205816743359339e-01 2.025560455047406894e+00
