1.525804523383213906e+06 8.433853725803463021e+05 5.297820394712442067e+05 3.039591141684011673e+05 1.592249953684004140e+05 9.038793996639305260e+04 3.436870867408000777e+04 1.345395707212165871e+04 2.769107538279221899e+03 3.323958895679367629e+02 1.693320214921268700e+02
8.433853725803463021e+05 6.601759728066500975e+05 3.417389684109663358e+05 2.010730682051931217e+05 1.047131281350030913e+05 6.123099356527151394e+04 2.333232093797450216e+04 8.006029438524611578e+03 2.405960502487982467e+03 3.993072921260516068e+02 1.045409264755353149e+02
5.297820394712442067e+05 3.417389684109663358e+05 2.890018339290525764e+05 1.323171482615310233e+05 7.032596994912119408e+04 3.768730267485803779e+04 1.451529265437492359e+04 5.331458786023818902e+03 1.584187685066563972e+03 6.134867311757578534e+01 8.778836951036301173e+01
3.039591141684011673e+05 2.010730682051931217e+05 1.323171482615310233e+05 1.081649051993899193e+05 4.162854027655033133e+04 2.180430777780638164e+04 8.019711355202100094e+03 3.047169181805941662e+03 8.942062493782639194e+02 1.317503360466920412e+02 4.578879612310752378e+01
1.592249953684004140e+05 1.047131281350030913e+05 7.032596994912119408e+04 4.162854027655033133e+04 3.642992654417533049e+04 1.155745781992018965e+04 4.536196276400538409e+03 1.833673711454361410e+03 4.860784440554684807e+02 7.100181499683432662e+01 2.739913380836208034e+01
9.038793996639305260e+04 6.123099356527151394e+04 3.768730267485803779e+04 2.180430777780638164e+04 1.155745781992018965e+04 1.365139317377407133e+04 2.551296966121137757e+03 8.470689471319103632e+02 2.975617849812809936e+02 6.595789324912273344e+01 1.841743708344642272e+01
3.436870867408000777e+04 2.333232093797450216e+04 1.451529265437492359e+04 8.019711355202100094e+03 4.536196276400538409e+03 2.551296966121137757e+03 3.507499760263458938e+03 4.382052658134123249e+02 1.035448392240963216e+02 2.905049788109282005e+01 1.447362018569099851e+00
1.345395707212165871e+04 8.006029438524611578e+03 5.331458786023818902e+03 3.047169181805941662e+03 1.833673711454361410e+03 8.470689471319103632e+02 4.382052658134123249e+02 9.090043582174362200e+02 7.455856464710211640e+01 8.312825321846558424e+00 4.449504506122418768e+00
2.769107538279221899e+03 2.405960502487982467e+03 1.584187685066563972e+03 8.942062493782639194e+02 4.860784440554684807e+02 2.975617849812809936e+02 1.035448392240963216e+02 7.455856464710211640e+01 1.972326395084639898e+02 5.104172064041319956e+00 9.761697068310979386e-01
3.323958895679367629e+02 3.993072921260516068e+02 6.134867311757578534e+01 1.317503360466920412e+02 7.100181499683432662e+01 6.595789324912273344e+01 2.905049788109282005e+01 8.312825321846558424e+00 5.104172064041319956e+00 3.091287847369581243e+01 -1.534145312166156905e-01
1.693320214921268700e+02 1.045409264755353149e+02 8.778836951036301173e+01 4.578879612310752378e+01 2.739913380836208034e+01 1.841743708344642272e+01 1.447362018569099851e+00 4.449504506122418768e+00 9.761697068310979386e-01 -1.534145312166156905e-01 3.001679176389455250e+00
