1.838648353237921605e+06 1.063488240427638870e+06 7.011905599565778393e+05 4.260251550109628588e+05 2.720769323423837195e+05 1.493736795340270037e+05 7.454779521656056750e+04 3.804166507217291655e+04 1.121083225499022774e+04 3.272320692300587325e+03 4.818404342516890893e+02 -6.597310964009308165e+00
1.063488240427638870e+06 8.383433135851676343e+05 4.628552684538781759e+05 2.900148367068859516e+05 1.822108677509672125e+05 1.030714545025301341e+05 4.815274075463532063e+04 2.726319608749071267e+04 7.522238666165116229e+03 2.346962241388122038e+03 3.984290104830874952e+02 7.140869668091821154e+01
7.011905599565778393e+05 4.628552684538781759e+05 3.864210599659087602e+05 1.927561962595624500e+05 1.244869886439230613e+05 7.010586560919471958e+04 3.286489713627436868e+04 1.733305466176794653e+04 4.830034103962833797e+03 1.412617100743088258e+03 1.252102022266315942e+02 7.130274279038656005e+01
4.260251550109628588e+05 2.900148367068859516e+05 1.927561962595624500e+05 1.646993370358879038e+05 7.840354977886448614e+04 4.167230195124116290e+04 1.894539439456592299e+04 1.088405725857695688e+04 2.978360561468235574e+03 8.639047079532883799e+02 3.898758352198709787e+01 3.601731252147402529e+01
2.720769323423837195e+05 1.822108677509672125e+05 1.244869886439230613e+05 7.840354977886448614e+04 7.412413563299141242e+04 2.785651245929362995e+04 1.209949822386080450e+04 7.292849286382819628e+03 1.793298073983358790e+03 6.204812417683400554e+02 9.697659494758171661e+01 4.169469079982987836e+01
1.493736795340270037e+05 1.030714545025301341e+05 7.010586560919471958e+04 4.167230195124116290e+04 2.785651245929362995e+04 2.899176160015618007e+04 7.665596994510648983e+03 3.795885652326295258e+03 1.070192160249424205e+03 3.305836621561983861e+02 4.141452276193135873e+01 3.449328471064235657e+01
7.454779521656056750e+04 4.815274075463532063e+04 3.286489713627436868e+04 1.894539439456592299e+04 1.209949822386080450e+04 7.665596994510648983e+03 9.006113381300121546e+03 1.781880091640651244e+03 6.560011129973100878e+02 2.246520038483285759e+02 -7.597344775659225391e+00 2.182934550106778460e+01
3.804166507217291655e+04 2.726319608749071267e+04 1.733305466176794653e+04 1.088405725857695688e+04 7.292849286382819628e+03 3.795885652326295258e+03 1.781880091640651244e+03 3.100190933472775669e+03 3.395295515147473679e+02 1.195157581601607859e+02 3.129965701449455651e+01 -2.341728824923007046e+00
1.121083225499022774e+04 7.522238666165116229e+03 4.830034103962833797e+03 2.978360561468235574e+03 1.793298073983358790e+03 1.070192160249424205e+03 6.560011129973100878e+02 3.395295515147473679e+02 7.171320784316327490e+02 4.391070040131221930e+01 -3.024391719516043575e-01 4.100004727858100217e+00
3.272320692300587325e+03 2.346962241388122038e+03 1.412617100743088258e+03 8.639047079532883799e+02 6.204812417683400554e+02 3.305836621561983861e+02 2.246520038483285759e+02 1.195157581601607859e+02 4.391070040131221930e+01 1.444152099157331861e+02 3.082289651004916919e-01 8.401447317158210470e-01
4.818404342516890893e+02 3.984290104830874952e+02 1.252102022266315942e+02 3.898758352198709787e+01 9.697659494758171661e+01 4.141452276193135873e+01 -7.597344775659225391e+00 3.129965701449455651e+01 -3.024391719516043575e-01 3.082289651004916919e-01 2.207560896091923652e+01 8.242554577551286510e-01
-6.597310964009308165e+00 7.140869668091821154e+01 7.130274279038656005e+01 3.601731252147402529e+01 4.169469079982987836e+01 3.449328471064235657e+01 2.182934550106778460e+01 -2.341728824923007046e+00 4.100004727858100217e+00 8.401447317158210470e-01 8.242554577551286510e-01 3.987243772218768356e+00
