2.197168772850868292e+06 1.322001198131515644e+06 8.838830627338197082e+05 5.936856132921746466e+05 4.123173641490816372e+05 2.644970661357628996e+05 1.540224605597947084e+05 9.149439369382405130e+04 4.647587819359648711e+04 2.178847702909916916e+04 7.034582353216629599e+03 8.965349626112172245e+02 3.936812614826194334e+01
1.322001198131515644e+06 1.102912099730683956e+06 6.244820195483505959e+05 4.233572897079667891e+05 2.901414881015988649e+05 1.890326937034019211e+05 1.090757404412283504e+05 6.336597421792586101e+04 3.279885007278384001e+04 1.402303917070038733e+04 5.103444412342992109e+03 8.483363858929038770e+02 8.708846040909621422e+01
8.838830627338197082e+05 6.244820195483505959e+05 5.350077986082661664e+05 2.898874683328949613e+05 1.990163169174202485e+05 1.297714848081815580e+05 7.619329742345181876e+04 4.043456033211829345e+04 2.190738315083768248e+04 9.953005594116531938e+03 3.642704737485732494e+03 4.979703171217771569e+02 7.401052569260035341e+01
5.936856132921746466e+05 4.233572897079667891e+05 2.898874683328949613e+05 2.659285937952222303e+05 1.322994970832469407e+05 8.845135495421597443e+04 5.013826918147091055e+04 2.973625157799118824e+04 1.642623631555023530e+04 6.291654808688004778e+03 2.434774811843327825e+03 2.281278536133511352e+02 5.226089961427383201e+01
4.123173641490816372e+05 2.901414881015988649e+05 1.990163169174202485e+05 1.322994970832469407e+05 1.313520114129696158e+05 6.213895678534103354e+04 3.597287888502415444e+04 1.972740236282109254e+04 1.049777120804302103e+04 4.617032501946729099e+03 1.528731823747333692e+03 5.740174452031860142e+01 1.691508513228983901e+01
2.644970661357628996e+05 1.890326937034019211e+05 1.297714848081815580e+05 8.845135495421597443e+04 6.213895678534103354e+04 6.309125164872689493e+04 2.385813279932890873e+04 1.345265423703459965e+04 6.880570367566882851e+03 2.954637114770357584e+03 8.992574559126604754e+02 7.486446502700277961e+01 6.453845128866561254e+01
1.540224605597947084e+05 1.090757404412283504e+05 7.619329742345181876e+04 5.013826918147091055e+04 3.597287888502415444e+04 2.385813279932890873e+04 2.635722935954645072e+04 8.492095726189007109e+03 4.154374231569210679e+03 1.424111777198059599e+03 4.980501306489881586e+02 8.184781218292449978e+01 2.846244544992508008e+00
9.149439369382405130e+04 6.336597421792586101e+04 4.043456033211829345e+04 2.973625157799118824e+04 1.972740236282109254e+04 1.345265423703459965e+04 8.492095726189007109e+03 1.090712417042723609e+04 2.477544079457001317e+03 1.051468753910262194e+03 4.507557744105320694e+02 3.979451545431453496e+01 1.871565300945896482e+01
4.647587819359648711e+04 3.279885007278384001e+04 2.190738315083768248e+04 1.642623631555023530e+04 1.049777120804302103e+04 6.880570367566882851e+03 4.154374231569210679e+03 2.477544079457001317e+03 3.864145323504259522e+03 5.955318510375456071e+02 2.567814998029623439e+02 4.879597986403037169e+01 1.415174828893157688e+01
2.178847702909916916e+04 1.402303917070038733e+04 9.953005594116531938e+03 6.291654808688004778e+03 4.617032501946729099e+03 2.954637114770357584e+03 1.424111777198059599e+03 1.051468753910262194e+03 5.955318510375456071e+02 1.164450795196990384e+03 7.987006894544100533e+01 2.446756585512694215e+01 2.370939983620627967e+00
7.034582353216629599e+03 5.103444412342992109e+03 3.642704737485732494e+03 2.434774811843327825e+03 1.528731823747333692e+03 8.992574559126604754e+02 4.980501306489881586e+02 4.507557744105320694e+02 2.567814998029623439e+02 7.987006894544100533e+01 2.710445035524888908e+02 8.831004145691222718e+00 1.193043550921754070e+00
8.965349626112172245e+02 8.483363858929038770e+02 4.979703171217771569e+02 2.281278536133511352e+02 5.740174452031860142e+01 7.486446502700277961e+01 8.184781218292449978e+01 3.979451545431453496e+01 4.879597986403037169e+01 2.446756585512694215e+01 8.831004145691222718e+00 5.735606089815127717e+01 -8.632636696526765352e-01
3.936812614826194334e+01 8.708846040909621422e+01 7.401052569260035341e+01 5.226089961427383201e+01 1.691508513228983901e+01 6.453845128866561254e+01 2.846244544992508008e+00 1.871565300945896482e+01 1.415174828893157688e+01 2.370939983620627967e+00 1.193043550921754070e+00 -8.632636696526765352e-01 9.918659834785565010e+00
