2.193703419024862815e+06 1.377872618283806602e+06 9.308806320080475416e+05 6.857256706775608473e+05 4.518499070846260292e+05 3.134616197457449744e+05 2.048696108138554555e+05 1.223821311237144837e+05 6.568752418116400077e+04 3.464084996904376021e+04 1.770957470565275798e+04 6.175148846976025197e+03 9.249658712629185402e+02 1.727851908987722140e+02
1.377872618283806602e+06 1.239168770667373901e+06 6.732822306531291688e+05 4.962841206059366232e+05 3.327036760883842944e+05 2.301619436672242882e+05 1.509095699132047012e+05 9.310519540706899716e+04 5.074511584458140715e+04 2.346885999104585790e+04 1.318217224206140600e+04 4.292504469650167266e+03 7.368797235344925411e+02 1.065415586271741830e+02
9.308806320080475416e+05 6.732822306531291688e+05 5.981541384275382152e+05 3.349098755783411907e+05 2.322295772680707742e+05 1.560918580773589492e+05 1.050356422278488753e+05 6.308656700014043599e+04 3.135390429261685495e+04 1.684056802999085630e+04 8.564140924650797388e+03 2.753037565429052847e+03 3.931100561281481305e+02 8.217366974979397298e+01
6.857256706775608473e+05 4.962841206059366232e+05 3.349098755783411907e+05 3.266498468283803086e+05 1.611693128874431422e+05 1.146269945724257705e+05 7.297051023929951771e+04 4.641858665149196895e+04 2.441926196335201894e+04 1.337004033848946710e+04 5.708739174278627615e+03 2.046225440131160894e+03 3.990618355325310063e+02 9.035521696953034620e+01
4.518499070846260292e+05 3.327036760883842944e+05 2.322295772680707742e+05 1.611693128874431422e+05 1.560112459957182000e+05 7.934999472239929310e+04 4.887418799419459538e+04 3.073888832606630604e+04 1.603931096417473782e+04 8.394624526518518906e+03 4.304154490841472580e+03 1.252272250486910480e+03 1.337580746346436911e+02 5.948881364839792951e+01
3.134616197457449744e+05 2.301619436672242882e+05 1.560918580773589492e+05 1.146269945724257705e+05 7.934999472239929310e+04 8.308626612774234673e+04 3.521907976494196919e+04 2.176208113868906366e+04 1.109783411348070877e+04 5.349452270885251892e+03 2.630437748566042046e+03 6.933110199854556868e+02 2.107229989945989530e+02 3.978607723583919409e+01
2.048696108138554555e+05 1.509095699132047012e+05 1.050356422278488753e+05 7.297051023929951771e+04 4.887418799419459538e+04 3.521907976494196919e+04 3.941692871530542470e+04 1.456959837863235407e+04 8.446582075161129978e+03 3.560258217399616569e+03 1.861594232927141547e+03 4.093382196815541079e+02 1.234173013889194692e+02 2.886326941637555521e+01
1.223821311237144837e+05 9.310519540706899716e+04 6.308656700014043599e+04 4.641858665149196895e+04 3.073888832606630604e+04 2.176208113868906366e+04 1.456959837863235407e+04 1.760070382742403672e+04 5.126975810268227178e+03 2.694441172078674299e+03 9.476356513677860676e+02 3.855685770133496248e+02 1.029882400311554420e+02 1.101641688511634953e+01
6.568752418116400077e+04 5.074511584458140715e+04 3.135390429261685495e+04 2.441926196335201894e+04 1.603931096417473782e+04 1.109783411348070877e+04 8.446582075161129978e+03 5.126975810268227178e+03 6.826012470214618588e+03 1.339955764136637072e+03 6.203175295545067911e+02 1.775781695512339695e+02 4.232120481447702076e+01 4.533142452434987035e+00
3.464084996904376021e+04 2.346885999104585790e+04 1.684056802999085630e+04 1.337004033848946710e+04 8.394624526518518906e+03 5.349452270885251892e+03 3.560258217399616569e+03 2.694441172078674299e+03 1.339955764136637072e+03 2.479994064115603578e+03 3.727061876741065021e+02 1.140416333355443896e+02 2.629414933065033466e+01 5.975006725206366553e-01
1.770957470565275798e+04 1.318217224206140600e+04 8.564140924650797388e+03 5.708739174278627615e+03 4.304154490841472580e+03 2.630437748566042046e+03 1.861594232927141547e+03 9.476356513677860676e+02 6.203175295545067911e+02 3.727061876741065021e+02 7.980310006836515413e+02 7.132837904814472552e+01 1.072826662867523062e+01 4.162936844816775839e+00
6.175148846976025197e+03 4.292504469650167266e+03 2.753037565429052847e+03 2.046225440131160894e+03 1.252272250486910480e+03 6.933110199854556868e+02 4.093382196815541079e+02 3.855685770133496248e+02 1.775781695512339695e+02 1.140416333355443896e+02 7.132837904814472552e+01 2.315149701676365339e+02 5.020515467366468698e+00 -8.444770770951587346e-02
9.249658712629185402e+02 7.368797235344925411e+02 3.931100561281481305e+02 3.990618355325310063e+02 1.337580746346436911e+02 2.107229989945989530e+02 1.234173013889194692e+02 1.029882400311554420e+02 4.232120481447702076e+01 2.629414933065033466e+01 1.072826662867523062e+01 5.020515467366468698e+00 3.566159256500134234e+01 1.798507748456692923e+00
1.727851908987722140e+02 1.065415586271741830e+02 8.217366974979397298e+01 9.035521696953034620e+01 5.948881364839792951e+01 3.978607723583919409e+01 2.886326941637555521e+01 1.101641688511634953e+01 4.533142452434987035e+00 5.975006725206366553e-01 4.162936844816775839e+00 -8.444770770951587346e-02 1.798507748456692923e+00 2.997697643173698800e+00
