1.837395622228618013e+06 1.142792941142139724e+06 7.177081808356533293e+05 4.612238572002670262e+05 3.010276628536226344e+05 1.798341348263822729e+05 8.788036540913459612e+04 5.331745071441686014e+04 1.951975661857772502e+04 6.127090260836510424e+03 1.399778953052325278e+03 1.343249757775272997e+02
1.142792941142139724e+06 1.013177578701011371e+06 5.267979903875701129e+05 3.371240579501283355e+05 2.182365603073030652e+05 1.358720443625771441e+05 6.619918961706946720e+04 3.862609521256308653e+04 1.454089333297527446e+04 4.652672377939559738e+03 9.852746581086365723e+02 1.287132325626968168e+02
7.177081808356533293e+05 5.267979903875701129e+05 4.328576187744132476e+05 2.220563848943467019e+05 1.506560740193312813e+05 8.661606044707368710e+04 4.238955334882826719e+04 2.562873714484779339e+04 8.766078193633995397e+03 3.410116352189125791e+03 5.337567794240832200e+02 8.418203055288302039e+01
4.612238572002670262e+05 3.371240579501283355e+05 2.220563848943467019e+05 1.927265952565942425e+05 9.509709463429306925e+04 5.636141552766810491e+04 2.587039112135609321e+04 1.609980500993742680e+04 5.223952543073665765e+03 1.949945473554353157e+03 3.444575043753565069e+02 9.277219373393677415e+01
3.010276628536226344e+05 2.182365603073030652e+05 1.506560740193312813e+05 9.509709463429306925e+04 9.570946875970833935e+04 3.678047090812755050e+04 1.832889451250638012e+04 1.116954153821494219e+04 3.491257217918348033e+03 1.494504080483892722e+03 1.131681940556466657e+02 1.037250929645741735e+02
1.798341348263822729e+05 1.358720443625771441e+05 8.661606044707368710e+04 5.636141552766810491e+04 3.678047090812755050e+04 3.910046202335620183e+04 1.125942354693811285e+04 6.505794692882069285e+03 2.395865334461894236e+03 7.658323612425115243e+02 1.261955951455470455e+02 5.309783586919773768e+01
8.788036540913459612e+04 6.619918961706946720e+04 4.238955334882826719e+04 2.587039112135609321e+04 1.832889451250638012e+04 1.125942354693811285e+04 1.203728527387621580e+04 3.382751751103789502e+03 1.085927213820369616e+03 3.981592595003744464e+02 7.011149620290764517e+01 1.692738615431110460e+01
5.331745071441686014e+04 3.862609521256308653e+04 2.562873714484779339e+04 1.609980500993742680e+04 1.116954153821494219e+04 6.505794692882069285e+03 3.382751751103789502e+03 4.597370628942091571e+03 6.499857460717283857e+02 2.565088215807978713e+02 8.642711999417838342e+01 4.999980851789296743e+00
1.951975661857772502e+04 1.454089333297527446e+04 8.766078193633995397e+03 5.223952543073665765e+03 3.491257217918348033e+03 2.395865334461894236e+03 1.085927213820369616e+03 6.499857460717283857e+02 1.405796577065764268e+03 1.027956847591716496e+02 5.337038384503717481e+01 4.154886048996252690e+00
6.127090260836510424e+03 4.652672377939559738e+03 3.410116352189125791e+03 1.949945473554353157e+03 1.494504080483892722e+03 7.658323612425115243e+02 3.981592595003744464e+02 2.565088215807978713e+02 1.027956847591716496e+02 3.002263012166799285e+02 -1.125485885853930057e+00 4.129395950536242310e+00
1.399778953052325278e+03 9.852746581086365723e+02 5.337567794240832200e+02 3.444575043753565069e+02 1.131681940556466657e+02 1.261955951455470455e+02 7.011149620290764517e+01 8.642711999417838342e+01 5.337038384503717481e+01 -1.125485885853930057e+00 7.000561425546010241e+01 -1.076466465738105782e+00
1.343249757775272997e+02 1.287132325626968168e+02 8.418203055288302039e+01 9.277219373393677415e+01 1.037250929645741735e+02 5.309783586919773768e+01 1.692738615431110460e+01 4.999980851789296743e+00 4.154886048996252690e+00 4.129395950536242310e+00 -1.076466465738105782e+00 1.088427204246307589e+01
