2.082219584636904299e+06 1.316773398386230692e+06 8.940647603524518199e+05 6.610426115708383732e+05 4.367744763232772821e+05 3.036184117554569384e+05 1.987344389152817312e+05 1.188490566135956324e+05 6.384358099118962855e+04 3.368887490473702201e+04 1.723066538501305331e+04 6.010226002504549797e+03 9.004749828624553629e+02 1.682366106134593906e+02
1.316773398386230692e+06 1.192300686838788912e+06 6.510667184025993338e+05 4.816846278621881502e+05 3.237978893770053983e+05 2.244556835490127560e+05 1.473892237851454120e+05 9.103428862481476972e+04 4.965716865361657983e+04 2.297964532917814358e+04 1.291321133114596159e+04 4.206370165555594212e+03 7.222639006437708531e+02 1.044446980518592056e+02
8.940647603524518199e+05 6.510667184025993338e+05 5.813189266891293228e+05 3.266881410533635644e+05 2.271469732423087116e+05 1.529855278434068896e+05 1.030999973192450125e+05 6.199276258898797096e+04 3.083559563573974447e+04 1.657223457324356423e+04 8.431485357362866125e+03 2.711326871450328326e+03 3.872455758058424635e+02 8.096047426288740212e+01
6.610426115708383732e+05 4.816846278621881502e+05 3.266881410533635644e+05 3.198099262180952355e+05 1.582252685613307985e+05 1.127615583579976228e+05 7.189081487892189762e+04 4.578255996262008557e+04 2.410445474703282525e+04 1.320569060320673270e+04 5.641109769034118472e+03 2.022680489121843948e+03 3.945631948406947913e+02 8.935063820986950134e+01
4.367744763232772821e+05 3.237978893770053983e+05 2.271469732423087116e+05 1.582252685613307985e+05 1.535795530195140163e+05 7.827175514800325618e+04 4.828248176133309607e+04 3.040047181192060452e+04 1.587575880913660512e+04 8.314070120749523994e+03 4.264775824235184700e+03 1.241242305291523280e+03 1.326112568502806255e+02 5.898800939028683388e+01
3.036184117554569384e+05 2.244556835490127560e+05 1.529855278434068896e+05 1.127615583579976228e+05 7.827175514800325618e+04 8.212362078882666538e+04 3.486331746584761277e+04 2.156618211480403625e+04 1.100696765101256460e+04 5.308873786482107789e+03 2.611662547248168721e+03 6.885993236851702477e+02 2.093403747687848409e+02 3.953122115800957204e+01
1.987344389152817312e+05 1.473892237851454120e+05 1.030999973192450125e+05 7.189081487892189762e+04 4.828248176133309607e+04 3.486331746584761277e+04 3.907737191569989955e+04 1.446013285794631156e+04 8.390007084838040100e+03 3.538558997552796427e+03 1.851083107065261402e+03 4.071670681408124892e+02 1.227916866127178821e+02 2.872145863412080402e+01
1.188490566135956324e+05 9.103428862481476972e+04 6.199276258898797096e+04 4.578255996262008557e+04 3.040047181192060452e+04 2.156618211480403625e+04 1.446013285794631156e+04 1.748786832158172183e+04 5.098292239996000717e+03 2.680993654282826355e+03 9.433316814809711559e+02 3.839495099972700132e+02 1.025799993106614778e+02 1.097446777547542140e+01
6.384358099118962855e+04 4.965716865361657983e+04 3.083559563573974447e+04 2.410445474703282525e+04 1.587575880913660512e+04 1.100696765101256460e+04 8.390007084838040100e+03 5.098292239996000717e+03 6.793399473807468894e+03 1.334363517296631471e+03 6.180074371651652427e+02 1.769777536084806115e+02 4.218807372827166091e+01 4.519590534656630965e+00
3.368887490473702201e+04 2.297964532917814358e+04 1.657223457324356423e+04 1.320569060320673270e+04 8.314070120749523994e+03 5.308873786482107789e+03 3.538558997552796427e+03 2.680993654282826355e+03 1.334363517296631471e+03 2.471143477544943380e+03 3.715436751544352205e+02 1.137250546681429029e+02 2.622735053863929267e+01 5.960761486054519942e-01
1.723066538501305331e+04 1.291321133114596159e+04 8.431485357362866125e+03 5.641109769034118472e+03 4.264775824235184700e+03 2.611662547248168721e+03 1.851083107065261402e+03 9.433316814809711559e+02 6.180074371651652427e+02 3.715436751544352205e+02 7.959008735413915474e+02 7.116247257018727623e+01 1.070584135324203245e+01 4.154886048996435655e+00
6.010226002504549797e+03 4.206370165555594212e+03 2.711326871450328326e+03 2.022680489121843948e+03 1.241242305291523280e+03 6.885993236851702477e+02 4.071670681408124892e+02 3.839495099972700132e+02 1.769777536084806115e+02 1.137250546681429029e+02 7.116247257018727623e+01 2.310559778799866422e+02 5.011745512616755605e+00 -8.431340259879516186e-02
9.004749828624553629e+02 7.222639006437708531e+02 3.872455758058424635e+02 3.945631948406947913e+02 1.326112568502806255e+02 2.093403747687848409e+02 1.227916866127178821e+02 1.025799993106614778e+02 4.218807372827166091e+01 2.622735053863929267e+01 1.070584135324203245e+01 5.011745512616755605e+00 3.560770677195630185e+01 1.796071553034799262e+00
1.682366106134593906e+02 1.044446980518592056e+02 8.096047426288740212e+01 8.935063820986950134e+01 5.898800939028683388e+01 3.953122115800957204e+01 2.872145863412080402e+01 1.097446777547542140e+01 4.519590534656630965e+00 5.960761486054519942e-01 4.154886048996435655e+00 -8.431340259879516186e-02 1.796071553034799262e+00 2.994106180659540151e+00
