1.697988926594055956e+06 9.637528300428950461e+05 6.027812323095765896e+05 3.689473636670609121e+05 2.079266414104267024e+05 1.179384023359121638e+05 5.565382709558350325e+04 2.224797685730063313e+04 5.915974913416583149e+03 1.074637748467387610e+03 -8.851148955117997374e+00 6.278384413839985712e+01
9.637528300428950461e+05 7.768914056588968961e+05 4.043031627199162031e+05 2.470364286254582112e+05 1.389721209779591591e+05 8.087254722564644180e+04 3.818786416699824622e+04 1.484272201881659566e+04 4.218451505965736942e+03 1.006780896288464419e+03 6.950602041589678493e+01 9.946450429736835019e+01
6.027812323095765896e+05 4.043031627199162031e+05 3.357405102720501018e+05 1.617353965972976584e+05 9.542690296084937290e+04 4.920379590315155656e+04 2.360858295540598192e+04 9.375300619892823306e+03 2.882138315800489636e+03 3.971979544441148846e+02 -2.677545139524763229e+01 8.045084907672512031e+01
3.689473636670609121e+05 2.470364286254582112e+05 1.617353965972976584e+05 1.322565050850085099e+05 5.651476600061317731e+04 3.116559675297430294e+04 1.352003640626786182e+04 5.430885206800930064e+03 1.676326586379648916e+03 4.009340684429309931e+02 -5.795691850512583621e+00 2.693448436702757220e+01
2.079266414104267024e+05 1.389721209779591591e+05 9.542690296084937290e+04 5.651476600061317731e+04 5.519362375134864851e+04 1.750216722209633008e+04 8.345706880221687243e+03 3.442288321792174429e+03 1.003886433462793889e+03 1.517928817808946746e+02 4.794919914418658635e+01 2.952147989204603462e+01
1.179384023359121638e+05 8.087254722564644180e+04 4.920379590315155656e+04 3.116559675297430294e+04 1.750216722209633008e+04 1.994056051669109729e+04 4.855506616909633522e+03 1.923854032308370734e+03 5.728091392859274720e+02 9.623537823338295993e+01 2.432684022625868892e+01 2.123013804686187100e+01
5.565382709558350325e+04 3.818786416699824622e+04 2.360858295540598192e+04 1.352003640626786182e+04 8.345706880221687243e+03 4.855506616909633522e+03 5.899380200438275097e+03 9.087299017421673852e+02 2.523171432895852604e+02 8.483380350115598389e+01 7.550218196955608363e+00 1.233045141459638572e+01
2.224797685730063313e+04 1.484272201881659566e+04 9.375300619892823306e+03 5.430885206800930064e+03 3.442288321792174429e+03 1.923854032308370734e+03 9.087299017421673852e+02 1.612584122433421498e+03 1.599280981270687505e+02 3.267298925439423840e+01 3.446323289292118730e+00 2.225876088249781226e+00
5.915974913416583149e+03 4.218451505965736942e+03 2.882138315800489636e+03 1.676326586379648916e+03 1.003886433462793889e+03 5.728091392859274720e+02 2.523171432895852604e+02 1.599280981270687505e+02 3.603532892267992906e+02 4.282270238599565348e-01 1.956032765164144482e+00 1.983274413289778826e+00
1.074637748467387610e+03 1.006780896288464419e+03 3.971979544441148846e+02 4.009340684429309931e+02 1.517928817808946746e+02 9.623537823338295993e+01 8.483380350115598389e+01 3.267298925439423840e+01 4.282270238599565348e-01 6.359085399935696614e+01 2.630762156140254437e-01 6.340506587970474728e-01
-8.851148955117997374e+00 6.950602041589678493e+01 -2.677545139524763229e+01 -5.795691850512583621e+00 4.794919914418658635e+01 2.432684022625868892e+01 7.550218196955608363e+00 3.446323289292118730e+00 1.956032765164144482e+00 2.630762156140254437e-01 7.968967047331026343e+00 -3.532589313487403265e-02
6.278384413839985712e+01 9.946450429736835019e+01 8.045084907672512031e+01 2.693448436702757220e+01 2.952147989204603462e+01 2.123013804686187100e+01 1.233045141459638572e+01 2.225876088249781226e+00 1.983274413289778826e+00 6.340506587970474728e-01 -3.532589313487403265e-02 2.996431342203983661e+00
