2.217870101648066659e+06 1.334425314178886823e+06 8.918395369946162682e+05 5.987034486228994792e+05 4.155616317703048117e+05 2.664326166933634668e+05 1.550736990159622510e+05 9.208055806835195108e+04 4.675727896131342277e+04 2.191418396552852209e+04 7.073488531489282650e+03 9.013416646355950661e+02 3.957371183416471183e+01
1.334425314178886823e+06 1.113250911393732997e+06 6.300885431834795745e+05 4.269254176612275187e+05 2.924175183485044399e+05 1.904115064122742624e+05 1.098176115506829374e+05 6.377042485012939142e+04 3.299665964604452893e+04 1.410361065065553157e+04 5.131548749624485936e+03 8.528645161589413419e+02 8.754117896229089979e+01
8.918395369946162682e+05 6.300885431834795745e+05 5.395991335107480409e+05 2.922159367915986222e+05 2.004987752651940391e+05 1.306667309771642176e+05 7.668140815480635501e+04 4.067667126448735507e+04 2.203085488852600974e+04 1.000626263457388450e+04 3.661327076550274796e+03 5.004317937395994136e+02 7.436605674678155253e+01
5.987034486228994792e+05 4.269254176612275187e+05 2.922159367915986222e+05 2.679185712244677125e+05 1.332123708919901692e+05 8.901302651020461053e+04 5.043197467870984110e+04 2.989800623264194655e+04 1.650981617322707098e+04 6.321874378377819085e+03 2.445888652996799010e+03 2.291305919592770977e+02 5.248334070637218218e+01
4.155616317703048117e+05 2.924175183485044399e+05 2.004987752651940391e+05 1.332123708919901692e+05 1.321818041707377415e+05 6.249735225670815998e+04 3.616266385171544243e+04 1.982323326584402821e+04 1.054507948670382939e+04 4.636523759694883665e+03 1.534821137237311859e+03 5.762068770992242150e+01 1.697725066505575242e+01
2.664326166933634668e+05 1.904115064122742624e+05 1.306667309771642176e+05 8.901302651020461053e+04 6.249735225670815998e+04 6.342047887360329332e+04 2.397090239274428677e+04 1.351062008241956937e+04 6.907802433193964134e+03 2.965489698446322109e+03 9.023462658138531651e+02 7.510896619609316360e+01 6.474025796269368982e+01
1.550736990159622510e+05 1.098176115506829374e+05 7.668140815480635501e+04 5.043197467870984110e+04 3.616266385171544243e+04 2.397090239274428677e+04 2.646886055215464876e+04 8.524516213456558035e+03 4.168776781549972839e+03 1.428643623183552563e+03 4.995164497638453440e+02 8.207496235009490704e+01 2.853748232539285112e+00
9.208055806835195108e+04 6.377042485012939142e+04 4.067667126448735507e+04 2.989800623264194655e+04 1.982323326584402821e+04 1.351062008241956937e+04 8.524516213456558035e+03 1.094421175208273053e+04 2.485099520080226739e+03 1.054376142255398236e+03 4.518948638555297634e+02 3.988836250660080651e+01 1.875719092044743519e+01
4.675727896131342277e+04 3.299665964604452893e+04 2.203085488852600974e+04 1.650981617322707098e+04 1.054507948670382939e+04 6.907802433193964134e+03 4.168776781549972839e+03 2.485099520080226739e+03 3.874574465435855473e+03 5.969697960990055208e+02 2.573404185057713676e+02 4.889395809001848647e+01 1.417819924022144562e+01
2.191418396552852209e+04 1.410361065065553157e+04 1.000626263457388450e+04 6.321874378377819085e+03 4.636523759694883665e+03 2.965489698446322109e+03 1.428643623183552563e+03 1.054376142255398236e+03 5.969697960990055208e+02 1.166931356101849360e+03 8.002121378282713238e+01 2.450974099600958311e+01 2.374697766837107427e+00
7.073488531489282650e+03 5.131548749624485936e+03 3.661327076550274796e+03 2.445888652996799010e+03 1.534821137237311859e+03 9.023462658138531651e+02 4.995164497638453440e+02 4.518948638555297634e+02 2.573404185057713676e+02 8.002121378282713238e+01 2.714929692640938583e+02 8.844126626047444262e+00 1.194650826648212094e+00
9.013416646355950661e+02 8.528645161589413419e+02 5.004317937395994136e+02 2.291305919592770977e+02 5.762068770992242150e+01 7.510896619609316360e+01 8.207496235009490704e+01 3.988836250660080651e+01 4.889395809001848647e+01 2.450974099600958311e+01 8.844126626047444262e+00 5.743161926892314995e+01 -8.642811383870921960e-01
3.957371183416471183e+01 8.754117896229089979e+01 7.436605674678155253e+01 5.248334070637218218e+01 1.697725066505575242e+01 6.474025796269368982e+01 2.853748232539285112e+00 1.875719092044743519e+01 1.417819924022144562e+01 2.374697766837107427e+00 1.194650826648212094e+00 -8.642811383870921960e-01 9.928974482358739806e+00
