1.935771370283747092e+06 1.195854523203330347e+06 7.472820686693188036e+05 4.784604381617445033e+05 3.114247461581896059e+05 1.856688419239859795e+05 9.059585939522011904e+04 5.490335063308547251e+04 2.008384077974125103e+04 6.300278217712999322e+03 1.438705580921319779e+03 1.380118751479515140e+02
1.195854523203330347e+06 1.053066477705440484e+06 5.448038783104404574e+05 3.473629003594467649e+05 2.242506118055785191e+05 1.393337818019490223e+05 6.778421708933367336e+04 3.950660371747539466e+04 1.486013915188898318e+04 4.751900502613363642e+03 1.005840684136681944e+03 1.313536966316594032e+02
7.472820686693188036e+05 5.448038783104404574e+05 4.454172274643789278e+05 2.276579469180837914e+05 1.540347250765068457e+05 8.837930970420857193e+04 4.318775361911822256e+04 2.608206420129229082e+04 8.913802168253056152e+03 3.465452311250785897e+03 5.421770782342628081e+02 8.547997026477817428e+01
4.784604381617445033e+05 3.473629003594467649e+05 2.276579469180837914e+05 1.968605999821421283e+05 9.687168325159176311e+04 5.729697259472513542e+04 2.626046274731077574e+04 1.632424012060536006e+04 5.292422161595211946e+03 1.974289348071137056e+03 3.486029074183667262e+02 9.385564464607655566e+01
3.114247461581896059e+05 2.242506118055785191e+05 1.540347250765068457e+05 9.687168325159176311e+04 9.722925211490989022e+04 3.728889476814620866e+04 1.855445036952957889e+04 1.129432154808736232e+04 3.527358045716286597e+03 1.509030029678761593e+03 1.142173768253315700e+02 1.046499067332101447e+02
1.856688419239859795e+05 1.393337818019490223e+05 8.837930970420857193e+04 5.729697259472513542e+04 3.728889476814620866e+04 3.956073041605434992e+04 1.137491512785497434e+04 6.565160390187194025e+03 2.415740546621517296e+03 7.717109766811089457e+02 1.271077932147043441e+02 5.346283935671311127e+01
9.059585939522011904e+04 6.778421708933367336e+04 4.318775361911822256e+04 2.626046274731077574e+04 1.855445036952957889e+04 1.137491512785497434e+04 1.214255719971516373e+04 3.408511083650508226e+03 1.093297104971782801e+03 4.006151601296752460e+02 7.051261388394348728e+01 1.701824208376187642e+01
5.490335063308547251e+04 3.950660371747539466e+04 2.608206420129229082e+04 1.632424012060536006e+04 1.129432154808736232e+04 6.565160390187194025e+03 3.408511083650508226e+03 4.627187287189073686e+03 6.536635860622820928e+02 2.578017395558985072e+02 8.682416160618677736e+01 5.021183752131424427e+00
2.008384077974125103e+04 1.486013915188898318e+04 8.913802168253056152e+03 5.292422161595211946e+03 3.527358045716286597e+03 2.415740546621517296e+03 1.093297104971782801e+03 6.536635860622820928e+02 1.412589061993879795e+03 1.032289048757904482e+02 5.357149689339318854e+01 4.169075780755182592e+00
6.300278217712999322e+03 4.751900502613363642e+03 3.465452311250785897e+03 1.974289348071137056e+03 1.509030029678761593e+03 7.717109766811089457e+02 4.006151601296752460e+02 2.578017395558985072e+02 1.032289048757904482e+02 3.013063265032585605e+02 -1.129032872917488328e+00 4.140952778981103144e+00
1.438705580921319779e+03 1.005840684136681944e+03 5.421770782342628081e+02 3.486029074183667262e+02 1.142173768253315700e+02 1.271077932147043441e+02 7.051261388394348728e+01 8.682416160618677736e+01 5.357149689339318854e+01 -1.129032872917488328e+00 7.019503964162267096e+01 -1.078999577884240946e+00
1.380118751479515140e+02 1.313536966316594032e+02 8.547997026477817428e+01 9.385564464607655566e+01 1.046499067332101447e+02 5.346283935671311127e+01 1.701824208376187642e+01 5.021183752131424427e+00 4.169075780755182592e+00 4.140952778981103144e+00 -1.078999577884240946e+00 1.090604723387760089e+01
