1.511569644580013352e+06 8.355327884765362833e+05 5.250535445769558428e+05 3.014098940693943296e+05 1.579804437011003320e+05 8.973031157581362640e+04 3.413524708519300475e+04 1.336815259253980366e+04 2.752382523662704443e+03 3.304837998153403191e+02 1.684063821853067111e+02
8.355327884765362833e+05 6.540415155278225429e+05 3.386951963182810578e+05 1.993904751566350169e+05 1.038966123368764675e+05 6.078664346689064405e+04 2.317426381944536843e+04 7.955119510441303646e+03 2.391473827999416699e+03 3.970177660107846691e+02 1.039714179716757485e+02
5.250535445769558428e+05 3.386951963182810578e+05 2.865392122419974767e+05 1.312609570684861683e+05 6.980474021272949176e+04 3.742836387184255727e+04 1.442257255691125283e+04 5.299617347041677021e+03 1.575261659228326835e+03 6.102064653903246949e+01 8.734409235630198509e+01
3.014098940693943296e+05 1.993904751566350169e+05 1.312609570684861683e+05 1.073598209654167003e+05 4.134246212228726654e+04 2.166626553333399352e+04 7.972814210359764729e+03 3.030616576607681054e+03 8.896511426088973167e+02 1.311170993102244893e+02 4.558182913165668282e+01
1.579804437011003320e+05 1.038966123368764675e+05 6.980474021272949176e+04 4.134246212228726654e+04 3.620038592167683964e+04 1.149089417318429696e+04 4.512263929720829765e+03 1.824762031831271088e+03 4.838805351622086732e+02 7.070120274674052041e+01 2.729097848369795898e+01
8.973031157581362640e+04 6.078664346689064405e+04 3.742836387184255727e+04 2.166626553333399352e+04 1.149089417318429696e+04 1.358016622271715642e+04 2.539219661013888981e+03 8.434115445023800248e+02 2.963777171178839467e+02 6.571442766294789806e+01 1.835473301027927207e+01
3.413524708519300475e+04 2.317426381944536843e+04 1.442257255691125283e+04 7.972814210359764729e+03 4.512263929720829765e+03 2.539219661013888981e+03 3.492593635380183969e+03 4.365254019516974608e+02 1.031829642265646214e+02 2.895734117114428940e+01 1.443135789123645374e+00
1.336815259253980366e+04 7.955119510441303646e+03 5.299617347041677021e+03 3.030616576607681054e+03 1.824762031831271088e+03 8.434115445023800248e+02 4.365254019516974608e+02 9.058982378875921313e+02 7.432905327263702588e+01 8.289632513844603423e+00 4.438366862578885019e+00
2.752382523662704443e+03 2.391473827999416699e+03 1.575261659228326835e+03 8.896511426088973167e+02 4.838805351622086732e+02 2.963777171178839467e+02 1.031829642265646214e+02 7.432905327263702588e+01 1.966923469934284867e+02 5.091661728358775285e+00 9.740572547591265229e-01
3.304837998153403191e+02 3.970177660107846691e+02 6.102064653903246949e+01 1.311170993102244893e+02 7.070120274674052041e+01 6.571442766294789806e+01 2.895734117114428940e+01 8.289632513844603423e+00 5.091661728358775285e+00 3.084602770880684020e+01 -1.531268037561192563e-01
1.684063821853067111e+02 1.039714179716757485e+02 8.734409235630198509e+01 4.558182913165668282e+01 2.729097848369795898e+01 1.835473301027927207e+01 1.443135789123645374e+00 4.438366862578885019e+00 9.740572547591265229e-01 -1.531268037561192563e-01 2.996911477016420466e+00
