9.482712666282482678e+05 4.461490015958733857e+05 2.518826793410349637e+05 1.353714847137746110e+05 5.704022144438106625e+04 2.623497824996707277e+04 9.192361299287758811e+03 2.619542209786795411e+03 1.997031801995601370e+02
4.461490015958733857e+05 3.343824442790432950e+05 1.414148635150829214e+05 7.442268199475157598e+04 3.284733557321714034e+04 1.421806809660415092e+04 5.021833219058346003e+03 1.432809149579665700e+03 6.871978906981529178e+01
2.518826793410349637e+05 1.414148635150829214e+05 1.196000291062672040e+05 4.275729476879622962e+04 1.926162416259419115e+04 8.023215944263431993e+03 2.506412992729410234e+03 1.035101813990873325e+03 3.057455398112320566e+01
1.353714847137746110e+05 7.442268199475157598e+04 4.275729476879622962e+04 4.238930015959460434e+04 1.003060811672306954e+04 4.727908677056985653e+03 1.707285238670337321e+03 4.784402336522048245e+02 5.084420544712109091e+01
5.704022144438106625e+04 3.284733557321714034e+04 1.926162416259419115e+04 1.003060811672306954e+04 1.191213704549269823e+04 2.001483973359160473e+03 8.980110474247466072e+02 2.269350650182387028e+02 5.326895423322955736e+01
2.623497824996707277e+04 1.421806809660415092e+04 8.023215944263431993e+03 4.727908677056985653e+03 2.001483973359160473e+03 3.004830553300529118e+03 3.814187090007035863e+02 8.681277338597641346e+01 2.986890434217399637e+00
9.192361299287758811e+03 5.021833219058346003e+03 2.506412992729410234e+03 1.707285238670337321e+03 8.980110474247466072e+02 3.814187090007035863e+02 7.407029216460676935e+02 4.858991235131671260e+01 2.457043973874500686e+00
2.619542209786795411e+03 1.432809149579665700e+03 1.035101813990873325e+03 4.784402336522048245e+02 2.269350650182387028e+02 8.681277338597641346e+01 4.858991235131671260e+01 1.506262175451848009e+02 -1.444130717195453606e+00
1.997031801995601370e+02 6.871978906981529178e+01 3.057455398112320566e+01 5.084420544712109091e+01 5.326895423322955736e+01 2.986890434217399637e+00 2.457043973874500686e+00 -1.444130717195453606e+00 1.954610621393091208e+01
