2.010832724633372389e+06 1.182177005255424418e+06 7.877826835717880167e+05 5.114208805486945203e+05 3.429680039338642382e+05 2.024755460474550200e+05 1.002933254981243808e+05 6.150973225286909292e+04 2.504375448392930412e+04 9.941077297369200096e+03 2.875597884299801080e+03 2.612312020029018527e+02
1.182177005255424418e+06 1.010460872080949601e+06 5.490750143075786764e+05 3.514196294150031172e+05 2.371228743052491918e+05 1.434157579095161927e+05 6.901660145084204851e+04 4.317327442545791564e+04 1.651035218376683042e+04 6.495230948952184917e+03 1.784115488799395507e+03 2.685803684205899913e+02
7.877826835717880167e+05 5.490750143075786764e+05 4.807313509909689310e+05 2.391703798520266428e+05 1.608279491649472620e+05 9.919059123052436917e+04 4.460433538444664737e+04 2.846355139087391581e+04 1.140684454943398669e+04 4.809771217321498625e+03 1.264028890786330749e+03 3.168636833145175160e+02
5.114208805486945203e+05 3.514196294150031172e+05 2.391703798520266428e+05 2.120925774401468516e+05 1.031296706714949396e+05 6.529554054469140101e+04 3.140749464519461253e+04 1.890074083990401050e+04 7.960641058736596278e+03 2.515164561270109971e+03 7.755451882732235163e+02 1.380547562290798425e+01
3.429680039338642382e+05 2.371228743052491918e+05 1.608279491649472620e+05 1.031296706714949396e+05 1.087078189676938346e+05 4.089988114262274030e+04 2.075903285915155357e+04 1.268994653562380336e+04 5.292100985844087518e+03 1.944769922973656776e+03 5.810051221394681988e+02 3.542384507938964333e+01
2.024755460474550200e+05 1.434157579095161927e+05 9.919059123052436917e+04 6.529554054469140101e+04 4.089988114262274030e+04 4.648282308775435376e+04 1.268689450052145730e+04 6.761311745929647259e+03 3.005075349167564582e+03 1.258038217223559286e+03 3.267437867676857195e+02 3.165798980668244944e+00
1.002933254981243808e+05 6.901660145084204851e+04 4.460433538444664737e+04 3.140749464519461253e+04 2.075903285915155357e+04 1.268689450052145730e+04 1.531418099432844610e+04 3.480186520350346655e+03 1.626516555455041953e+03 6.258135781252199195e+02 2.460421257696162627e+02 1.048266489056383755e+01
6.150973225286909292e+04 4.317327442545791564e+04 2.846355139087391581e+04 1.890074083990401050e+04 1.268994653562380336e+04 6.761311745929647259e+03 3.480186520350346655e+03 6.229969371440034593e+03 1.098513145954118500e+03 2.852513769757925388e+02 1.539101358982168790e+02 1.812084766432085559e+01
2.504375448392930412e+04 1.651035218376683042e+04 1.140684454943398669e+04 7.960641058736596278e+03 5.292100985844087518e+03 3.005075349167564582e+03 1.626516555455041953e+03 1.098513145954118500e+03 1.786688002697256479e+03 1.143705510867219459e+02 4.936319004996989435e+01 -1.292963258728369480e+00
9.941077297369200096e+03 6.495230948952184917e+03 4.809771217321498625e+03 2.515164561270109971e+03 1.944769922973656776e+03 1.258038217223559286e+03 6.258135781252199195e+02 2.852513769757925388e+02 1.143705510867219459e+02 4.554956617848379210e+02 1.629065189733668007e+01 3.374944446993519698e+00
2.875597884299801080e+03 1.784115488799395507e+03 1.264028890786330749e+03 7.755451882732235163e+02 5.810051221394681988e+02 3.267437867676857195e+02 2.460421257696162627e+02 1.539101358982168790e+02 4.936319004996989435e+01 1.629065189733668007e+01 9.218514076301725879e+01 8.217276062797851388e-01
2.612312020029018527e+02 2.685803684205899913e+02 3.168636833145175160e+02 1.380547562290798425e+01 3.542384507938964333e+01 3.165798980668244944e+00 1.048266489056383755e+01 1.812084766432085559e+01 -1.292963258728369480e+00 3.374944446993519698e+00 8.217276062797851388e-01 1.476014336793404880e+01
