2.028865046188222012e+06 1.228043286933895899e+06 8.335735702449167147e+05 5.296751171166517306e+05 3.634437038541088696e+05 2.451117478558917064e+05 1.233326930513250991e+05 6.561363329601282021e+04 3.176789011192114049e+04 1.512683349945838563e+04 4.032398578118415116e+03 3.142744163065091243e+02
1.228043286933895899e+06 1.053586553651101887e+06 5.948710038097917568e+05 3.721873026481907582e+05 2.514408136636530689e+05 1.704321167504413752e+05 9.377519778780113847e+04 4.849892719572831993e+04 2.288455695579620806e+04 1.033020600911811925e+04 3.147200008251445070e+03 3.804415901258023496e+02
8.335735702449167147e+05 5.948710038097917568e+05 5.363997069913736777e+05 2.625844999599768780e+05 1.838893823383823037e+05 1.266826660079609137e+05 6.125179902488132939e+04 3.329295373981732700e+04 1.500328631090916315e+04 7.797728533654315470e+03 2.124822791056397364e+03 4.292640968757559676e+02
5.296751171166517306e+05 3.721873026481907582e+05 2.625844999599768780e+05 2.311160213361475035e+05 1.103116368813452573e+05 7.825925704286353721e+04 3.867914112952268624e+04 2.196086332530489381e+04 9.864126029993742122e+03 3.835458495865957502e+03 1.365323461741853635e+03 1.542951858905724691e+02
3.634437038541088696e+05 2.514408136636530689e+05 1.838893823383823037e+05 1.103116368813452573e+05 1.236929284947506094e+05 5.367494749501744809e+04 2.801519945721619297e+04 1.427834979057302917e+04 7.408884336887454992e+03 3.484978646464539452e+03 8.771099202977726463e+02 7.813982384767908229e+01
2.451117478558917064e+05 1.704321167504413752e+05 1.266826660079609137e+05 7.825925704286353721e+04 5.367494749501744809e+04 5.879802959219457989e+04 1.817206012738640493e+04 9.308715812016869677e+03 4.450934945586356662e+03 2.120484105331133833e+03 4.980309986849692336e+02 8.329202443028977143e+01
1.233326930513250991e+05 9.377519778780113847e+04 6.125179902488132939e+04 3.867914112952268624e+04 2.801519945721619297e+04 1.817206012738640493e+04 2.292592743984189292e+04 4.476694771244263393e+03 2.319091589299664065e+03 1.062403805038412429e+03 4.113833178515721443e+02 2.178903715751335923e+01
6.561363329601282021e+04 4.849892719572831993e+04 3.329295373981732700e+04 2.196086332530489381e+04 1.427834979057302917e+04 9.308715812016869677e+03 4.476694771244263393e+03 7.357579525629589625e+03 1.519530444762707248e+03 6.993426832159383366e+02 1.503987587745043299e+02 3.992051312772976956e+01
3.176789011192114049e+04 2.288455695579620806e+04 1.500328631090916315e+04 9.864126029993742122e+03 7.408884336887454992e+03 4.450934945586356662e+03 2.319091589299664065e+03 1.519530444762707248e+03 2.440787773163209295e+03 3.244316885211543990e+02 9.219487000128229681e+01 9.540568877168832174e+00
1.512683349945838563e+04 1.033020600911811925e+04 7.797728533654315470e+03 3.835458495865957502e+03 3.484978646464539452e+03 2.120484105331133833e+03 1.062403805038412429e+03 6.993426832159383366e+02 3.244316885211543990e+02 7.515009055979663799e+02 2.328623675866785092e+01 6.663238567255593381e+00
4.032398578118415116e+03 3.147200008251445070e+03 2.124822791056397364e+03 1.365323461741853635e+03 8.771099202977726463e+02 4.980309986849692336e+02 4.113833178515721443e+02 1.503987587745043299e+02 9.219487000128229681e+01 2.328623675866785092e+01 1.732279397896461433e+02 -4.481918201791134093e-01
3.142744163065091243e+02 3.804415901258023496e+02 4.292640968757559676e+02 1.542951858905724691e+02 7.813982384767908229e+01 8.329202443028977143e+01 2.178903715751335923e+01 3.992051312772976956e+01 9.540568877168832174e+00 6.663238567255593381e+00 -4.481918201791134093e-01 2.319561484315445909e+01
