5.976671787888742074e+03 5.423000644012980729e+02 1.397341729954587208e+02 2.765519427617329740e+01 -3.732858047758600861e+00 -6.534761151657863643e+00
5.423000644012980729e+02 1.160268013656771927e+03 5.267422219626145363e+01 1.145373233854894535e+00 1.976895776140415173e-01 -9.324211884448982968e-01
1.397341729954587208e+02 5.267422219626145363e+01 2.221332108731708956e+02 3.732856863419031779e+00 -7.827504275518246679e-01 -3.907210082393123840e-01
2.765519427617329740e+01 1.145373233854894535e+00 3.732856863419031779e+00 2.162898127788512781e+01 -8.800291935983717284e-02 -4.392790878162996376e-02
-3.732858047758600861e+00 1.976895776140415173e-01 -7.827504275518246679e-01 -8.800291935983717284e-02 2.033628753725515992e+00 -3.980842018904890735e-03
-6.534761151657863643e+00 -9.324211884448982968e-01 -3.907210082393123840e-01 -4.392790878162996376e-02 -3.980842018904890735e-03 1.015404987768332656e+00
