1.925256870063916780e+06 1.173190632572601549e+06 8.002823783303006785e+05 5.104007355363700772e+05 3.511786041260338388e+05 2.373265264149630966e+05 1.195976478643897863e+05 6.369847762531328772e+04 3.086717590695433682e+04 1.470707308872037902e+04 3.922424194147500202e+03 3.058105935562412014e+02
1.173190632572601549e+06 1.013315113468466909e+06 5.749651314141611801e+05 3.610627309791133157e+05 2.445941476020619739e+05 1.661318814189686091e+05 9.154861998843151378e+04 4.740088905909615278e+04 2.238568681952061888e+04 1.011129068899127560e+04 3.082015647917871320e+03 3.726926903619566929e+02
8.002823783303006785e+05 5.749651314141611801e+05 5.210167027240019524e+05 2.559968392277783714e+05 1.797675703754110436e+05 1.240975325921730109e+05 6.009344045097563503e+04 3.270025123984649690e+04 1.474886900708872236e+04 7.670260821611398569e+03 2.091113560380007129e+03 4.226023031468068325e+02
5.104007355363700772e+05 3.610627309791133157e+05 2.559968392277783714e+05 2.261507182340625441e+05 1.082376678398075746e+05 7.694565042260268820e+04 3.808793648921164277e+04 2.164963473638619325e+04 9.732699982000598538e+03 3.786707066838718674e+03 1.348630129326978476e+03 1.524621612202728898e+02
3.511786041260338388e+05 2.445941476020619739e+05 1.797675703754110436e+05 1.082376678398075746e+05 1.217001594203384302e+05 5.291869930032548291e+04 2.766263327729133016e+04 1.411459300477538454e+04 7.330215065046424570e+03 3.450116199003514339e+03 8.687613788243515955e+02 7.742323290734725560e+01
2.373265264149630966e+05 1.661318814189686091e+05 1.240975325921730109e+05 7.694565042260268820e+04 5.291869930032548291e+04 5.808868734418603708e+04 1.798022918110778846e+04 9.220858804922412673e+03 4.412720355697416380e+03 2.103584100857560315e+03 4.943039893383305525e+02 8.269772251178716260e+01
1.195976478643897863e+05 9.154861998843151378e+04 6.009344045097563503e+04 3.808793648921164277e+04 2.766263327729133016e+04 1.798022918110778846e+04 2.271853064288074529e+04 4.441210442668283576e+03 2.302689220706098240e+03 1.055544977232766541e+03 4.089278457113636023e+02 2.166658369108512971e+01
6.369847762531328772e+04 4.740088905909615278e+04 3.270025123984649690e+04 2.164963473638619325e+04 1.411459300477538454e+04 9.220858804922412673e+03 4.441210442668283576e+03 7.307509269649122871e+03 1.510488332995095334e+03 6.956130223153455745e+02 1.496700150504930491e+02 3.974102427610354482e+01
3.086717590695433682e+04 2.238568681952061888e+04 1.474886900708872236e+04 9.732699982000598538e+03 7.330215065046424570e+03 4.412720355697416380e+03 2.302689220706098240e+03 1.510488332995095334e+03 2.428351484560861536e+03 3.229791552575352398e+02 9.182709931411260129e+01 9.505845948813387736e+00
1.470707308872037902e+04 1.011129068899127560e+04 7.670260821611398569e+03 3.786707066838718674e+03 3.450116199003514339e+03 2.103584100857560315e+03 1.055544977232766541e+03 6.956130223153455745e+02 3.229791552575352398e+02 7.486010546834870638e+02 2.320775425952108506e+01 6.643111814063306753e+00
3.922424194147500202e+03 3.082015647917871320e+03 2.091113560380007129e+03 1.348630129326978476e+03 8.687613788243515955e+02 4.943039893383305525e+02 4.089278457113636023e+02 1.496700150504930491e+02 9.182709931411260129e+01 2.320775425952108506e+01 1.727287502728620154e+02 -4.470571114540760060e-01
3.058105935562412014e+02 3.726926903619566929e+02 4.226023031468068325e+02 1.524621612202728898e+02 7.742323290734725560e+01 8.269772251178716260e+01 2.166658369108512971e+01 3.974102427610354482e+01 9.505845948813387736e+00 6.643111814063306753e+00 -4.470571114540760060e-01 2.314500940177159549e+01
