1.946547701200853102e+06 1.081222651624695398e+06 7.217034676499748603e+05 4.502113686747057363e+05 2.958772295025099302e+05 1.588445278028968896e+05 7.630360585883639578e+04 4.417306518589205371e+04 1.387118507045727711e+04 5.562008453473312329e+03 1.130262891376762582e+03 1.642455885692535276e+02
1.081222651624695398e+06 8.808142085781330243e+05 4.756386592030512402e+05 2.958521900854556006e+05 1.955230797295420780e+05 1.065486294589616155e+05 5.057031088188836293e+04 2.931473581621051562e+04 1.007195078648648814e+04 3.107656546044880088e+03 8.940508081082648459e+02 1.487040904188089598e+02
7.217034676499748603e+05 4.756386592030512402e+05 4.067611932131262147e+05 1.948738186335417849e+05 1.299087345460470533e+05 7.041206851474415453e+04 3.466266412254163879e+04 1.849818000790974838e+04 5.973558317806406194e+03 2.042872091284935777e+03 6.143765393988537653e+02 5.861489615057010383e+01
4.502113686747057363e+05 2.958521900854556006e+05 1.948738186335417849e+05 1.804433074475115573e+05 8.414462151287872985e+04 4.516018968424051127e+04 2.250737713277994044e+04 1.119557861084724027e+04 3.896472163653311782e+03 1.225199464583155759e+03 3.635915310930093369e+02 6.348311703712275822e+00
2.958772295025099302e+05 1.955230797295420780e+05 1.299087345460470533e+05 8.414462151287872985e+04 8.527075454126493423e+04 2.940878294143779567e+04 1.514953988011491128e+04 7.951588190723516163e+03 2.642871977205727944e+03 7.412899539407442262e+02 3.826360661467970203e+02 -1.165253865599324712e+01
1.588445278028968896e+05 1.065486294589616155e+05 7.041206851474415453e+04 4.516018968424051127e+04 2.940878294143779567e+04 3.117465662676567808e+04 8.292045923980036605e+03 4.083229145523070201e+03 1.172962019358746147e+03 6.496085218105920376e+02 1.157015267101749743e+02 2.366022883633519669e+01
7.630360585883639578e+04 5.057031088188836293e+04 3.466266412254163879e+04 2.250737713277994044e+04 1.514953988011491128e+04 8.292045923980036605e+03 9.948651900793833192e+03 2.363171219241377912e+03 9.617029813702224601e+02 2.800042603398935057e+02 1.261327559645676502e+02 9.627049591103860493e+00
4.417306518589205371e+04 2.931473581621051562e+04 1.849818000790974838e+04 1.119557861084724027e+04 7.951588190723516163e+03 4.083229145523070201e+03 2.363171219241377912e+03 3.696164229808268828e+03 3.251989190576002215e+02 7.934829528530372045e+01 4.831944578149452951e+01 8.700205492542574248e+00
1.387118507045727711e+04 1.007195078648648814e+04 5.973558317806406194e+03 3.896472163653311782e+03 2.642871977205727944e+03 1.172962019358746147e+03 9.617029813702224601e+02 3.251989190576002215e+02 1.017262694122356834e+03 4.705811812856403265e+01 2.414614539794848014e+01 2.194365119297957190e+00
5.562008453473312329e+03 3.107656546044880088e+03 2.042872091284935777e+03 1.225199464583155759e+03 7.412899539407442262e+02 6.496085218105920376e+02 2.800042603398935057e+02 7.934829528530372045e+01 4.705811812856403265e+01 2.123607082651041367e+02 6.445299831362008902e+00 -5.506948670837281262e-02
1.130262891376762582e+03 8.940508081082648459e+02 6.143765393988537653e+02 3.635915310930093369e+02 3.826360661467970203e+02 1.157015267101749743e+02 1.261327559645676502e+02 4.831944578149452951e+01 2.414614539794848014e+01 6.445299831362008902e+00 3.511213972711565390e+01 -1.946195218233044422e-01
1.642455885692535276e+02 1.487040904188089598e+02 5.861489615057010383e+01 6.348311703712275822e+00 -1.165253865599324712e+01 2.366022883633519669e+01 9.627049591103860493e+00 8.700205492542574248e+00 2.194365119297957190e+00 -5.506948670837281262e-02 -1.946195218233044422e-01 3.000848073832879770e+00
