1.093631857004090212e+06 5.707122872657077387e+05 3.167182329696666566e+05 1.861860988031292800e+05 8.106908491814861191e+04 3.831848317929918994e+04 1.518602609107306671e+04 5.743938264342329603e+03 6.272088230679779599e+02 1.616709138897145408e+02
5.707122872657077387e+05 4.424067271734410897e+05 2.007333068988956511e+05 1.120706120599895949e+05 5.397446750756283291e+04 2.436886159091095033e+04 9.514963030253562465e+03 3.305120012458168731e+03 2.813794023957293575e+02 9.829398629404863641e+01
3.167182329696666566e+05 2.007333068988956511e+05 1.591465290276947781e+05 6.348971626870729233e+04 2.829351124648968835e+04 1.436343864634390775e+04 5.394393862488172090e+03 2.041886590955455404e+03 2.806839642447889105e+02 2.932002159966270582e+01
1.861860988031292800e+05 1.120706120599895949e+05 6.348971626870729233e+04 6.259804758349726762e+04 1.701163051483521485e+04 8.485946694911144732e+03 3.273360984888387065e+03 1.086711419221160895e+03 1.300523344909278762e+02 1.924401259047000678e+01
8.106908491814861191e+04 5.397446750756283291e+04 2.829351124648968835e+04 1.701163051483521485e+04 1.819068824715413939e+04 3.859591694772299888e+03 1.500307844735599474e+03 6.240873582068405767e+02 1.104491516608662636e+02 2.108676604201144045e+01
3.831848317929918994e+04 2.436886159091095033e+04 1.436343864634390775e+04 8.485946694911144732e+03 3.859591694772299888e+03 5.471832374157301274e+03 6.126075608091548474e+02 4.185958872108730020e+02 3.931903795188704009e+01 1.000381671965778985e+00
1.518602609107306671e+04 9.514963030253562465e+03 5.394393862488172090e+03 3.273360984888387065e+03 1.500307844735599474e+03 6.126075608091548474e+02 1.360570649724690384e+03 8.629601536934356432e+01 9.158119120632660426e+00 1.553563242958102331e+00
5.743938264342329603e+03 3.305120012458168731e+03 2.041886590955455404e+03 1.086711419221160895e+03 6.240873582068405767e+02 4.185958872108730020e+02 8.629601536934356432e+01 3.253976547470074365e+02 9.895486004805938762e+00 2.476590788349128935e+00
6.272088230679779599e+02 2.813794023957293575e+02 2.806839642447889105e+02 1.300523344909278762e+02 1.104491516608662636e+02 3.931903795188704009e+01 9.158119120632660426e+00 9.895486004805938762e+00 4.747715686758975551e+01 -2.659627239504396834e-01
1.616709138897145408e+02 9.829398629404863641e+01 2.932002159966270582e+01 1.924401259047000678e+01 2.108676604201144045e+01 1.000381671965778985e+00 1.553563242958102331e+00 2.476590788349128935e+00 -2.659627239504396834e-01 3.006845085701084219e+00
