1.083439024094680557e+06 5.653954580452307127e+05 3.138830431790613802e+05 1.846153059468356369e+05 8.043052842889541353e+04 3.803708255133183411e+04 1.508174173221202000e+04 5.706836776080343043e+03 6.233795640969376564e+02 1.607194715817450117e+02
5.653954580452307127e+05 4.382869961385741481e+05 1.989371989991088922e+05 1.111255610743202269e+05 5.354954540751353488e+04 2.419000186092617514e+04 9.449661107204148720e+03 3.283784831054068036e+03 2.796626545359820284e+02 9.771591914770768028e+01
3.138830431790613802e+05 1.989371989991088922e+05 1.577805359885753714e+05 6.297748389555267931e+04 2.808109025278018453e+04 1.426325939469404693e+04 5.359342067319998932e+03 2.029451944179490511e+03 2.790740600577337318e+02 2.915831044765886304e+01
1.846153059468356369e+05 1.111255610743202269e+05 6.297748389555267931e+04 6.212528163198633411e+04 1.689268652803701116e+04 8.431140362949437986e+03 3.253781532843357127e+03 1.080654954496016671e+03 1.293736064261598244e+02 1.914782128601798661e+01
8.043052842889541353e+04 5.354954540751353488e+04 2.808109025278018453e+04 1.689268652803701116e+04 1.807370175980113709e+04 3.836830222603935454e+03 1.492176057344678838e+03 6.209596814946082759e+02 1.099347810627147197e+02 2.099321296884543031e+01
3.803708255133183411e+04 2.419000186092617514e+04 1.426325939469404693e+04 8.431140362949437986e+03 3.836830222603935454e+03 5.442485019560540422e+03 6.096144858456729025e+02 4.167217927537072342e+02 3.915694968191122172e+01 9.964784177606527127e-01
1.508174173221202000e+04 9.449661107204148720e+03 5.359342067319998932e+03 3.253781532843357127e+03 1.492176057344678838e+03 6.096144858456729025e+02 1.354573240306196794e+03 8.595090757574789109e+01 9.124744780493795560e+00 1.548244607040680787e+00
5.706836776080343043e+03 3.283784831054068036e+03 2.029451944179490511e+03 1.080654954496016671e+03 6.209596814946082759e+02 4.167217927537072342e+02 8.595090757574789109e+01 3.242294595324999591e+02 9.863473836021915631e+00 2.469125825102689298e+00
6.233795640969376564e+02 2.796626545359820284e+02 2.790740600577337318e+02 1.293736064261598244e+02 1.099347810627147197e+02 3.915694968191122172e+01 9.124744780493795560e+00 9.863473836021915631e+00 4.734042862866787971e+01 -2.652555350572931570e-01
1.607194715817450117e+02 9.771591914770768028e+01 2.915831044765886304e+01 1.914782128601798661e+01 2.099321296884543031e+01 9.964784177606527127e-01 1.548244607040680787e+00 2.469125825102689298e+00 -2.652555350572931570e-01 2.999514301686658335e+00
