1.327364679488627007e+06 6.808610739292693324e+05 4.114878769641386461e+05 2.416399137375533173e+05 1.174031240689391270e+05 5.676979949587620649e+04 2.602006460827003320e+04 9.087140008817319540e+03 1.774066555801722416e+03 5.721517403930404271e+02
6.808610739292693324e+05 5.214441788239623420e+05 2.609905415727377112e+05 1.446251354566372465e+05 7.804331900947811664e+04 3.630542508411542804e+04 1.489341326109187139e+04 5.345468674710697087e+03 1.073151807630667008e+03 3.890496516360891519e+02
4.114878769641386461e+05 2.609905415727377112e+05 2.320621545898163749e+05 9.247010628770574112e+04 4.982217286009770760e+04 2.248293493183115424e+04 9.415234598010860282e+03 3.440507514168966736e+03 8.026291545188147438e+02 2.386669039519308910e+02
2.416399137375533173e+05 1.446251354566372465e+05 9.247010628770574112e+04 8.165089225655647169e+04 2.626178845123300562e+04 1.250507190195471958e+04 5.712116212325912784e+03 1.709564081536558206e+03 4.518594929613199156e+02 1.446640213841402272e+02
1.174031240689391270e+05 7.804331900947811664e+04 4.982217286009770760e+04 2.626178845123300562e+04 2.800893571574893940e+04 7.520881132295654425e+03 2.985976391859451724e+03 1.090127396084718839e+03 2.951934879282484872e+02 8.814525348554511197e+01
5.676979949587620649e+04 3.630542508411542804e+04 2.248293493183115424e+04 1.250507190195471958e+04 7.520881132295654425e+03 9.061702864242784926e+03 1.451281135879763269e+03 5.079306607378023273e+02 1.435967223752428197e+02 3.777340676118625851e+01
2.602006460827003320e+04 1.489341326109187139e+04 9.415234598010860282e+03 5.712116212325912784e+03 2.985976391859451724e+03 1.451281135879763269e+03 2.444881948934005322e+03 2.113168615842460554e+02 3.280701603276980194e+01 1.501288458193107545e+01
9.087140008817319540e+03 5.345468674710697087e+03 3.440507514168966736e+03 1.709564081536558206e+03 1.090127396084718839e+03 5.079306607378023273e+02 2.113168615842460554e+02 5.528720963329199094e+02 2.570398903867920026e+01 1.534891725408789753e+01
1.774066555801722416e+03 1.073151807630667008e+03 8.026291545188147438e+02 4.518594929613199156e+02 2.951934879282484872e+02 1.435967223752428197e+02 3.280701603276980194e+01 2.570398903867920026e+01 1.251849119795586773e+02 1.910748814576774368e+00
5.721517403930404271e+02 3.890496516360891519e+02 2.386669039519308910e+02 1.446640213841402272e+02 8.814525348554511197e+01 3.777340676118625851e+01 1.501288458193107545e+01 1.534891725408789753e+01 1.910748814576774368e+00 1.467717689781080637e+01
