1.268703911050515744e+05 3.640114646059185179e+04 1.344053365753719117e+04 5.114897542935796992e+03 1.559101627886546794e+03 3.587721783820677501e+02 5.488046415682848078e+01
3.640114646059185179e+04 3.195855450400351765e+04 5.048834165199108611e+03 2.317785410608985330e+03 7.821736123959759652e+02 2.048537314261059237e+02 -4.353651329845677154e+00
1.344053365753719117e+04 5.048834165199108611e+03 6.703537737966615168e+03 7.162438518905130422e+02 1.979620442919047321e+02 7.849994312746980540e+01 7.265776690448127795e+00
5.114897542935796992e+03 2.317785410608985330e+03 7.162438518905130422e+02 1.508068659013252272e+03 1.100822965844694323e+02 1.542717129036444312e+01 -3.291749612614247589e+00
1.559101627886546794e+03 7.821736123959759652e+02 1.979620442919047321e+02 1.100822965844694323e+02 2.833681726254440605e+02 4.460824096142009587e+00 1.331302005931801036e+00
3.587721783820677501e+02 2.048537314261059237e+02 7.849994312746980540e+01 1.542717129036444312e+01 4.460824096142009587e+00 4.444700641988229961e+01 4.461994525895039421e-01
5.488046415682848078e+01 -4.353651329845677154e+00 7.265776690448127795e+00 -3.291749612614247589e+00 1.331302005931801036e+00 4.461994525895039421e-01 7.000970167993590287e+00
