1.259414463149223011e+06 6.503472113540958380e+05 3.950056088326716563e+05 2.328162103545751888e+05 1.134284361962472030e+05 5.496005618850886822e+04 2.522907200876184652e+04 8.820817199688781329e+03 1.723609085443149070e+03 5.561821837385843992e+02
6.503472113540958380e+05 5.014215071786358021e+05 2.522198968294248916e+05 1.402802980687034433e+05 7.590779557369949180e+04 3.538422527487108164e+04 1.453769334523034559e+04 5.223670191213834187e+03 1.049635195943612871e+03 3.807318752608834984e+02
3.950056088326716563e+05 2.522198968294248916e+05 2.253815368660378153e+05 9.013919989582861308e+04 4.870042525878790184e+04 2.202168821350936923e+04 9.236168550212081755e+03 3.378873334584206077e+03 7.889538413225827753e+02 2.347285128350391119e+02
2.328162103545751888e+05 1.402802980687034433e+05 9.013919989582861308e+04 7.988617053396246047e+04 2.576515230869972220e+04 1.229368625273288126e+04 5.624139245790112909e+03 1.685128840652353574e+03 4.457982927454960986e+02 1.428014139038949111e+02
1.134284361962472030e+05 7.590779557369949180e+04 4.870042525878790184e+04 2.576515230869972220e+04 2.755514937519516388e+04 7.414167684713334893e+03 2.948106356823174792e+03 1.077513520551788361e+03 2.920380972805786541e+02 8.725064625212013425e+01
5.496005618850886822e+04 3.538422527487108164e+04 2.202168821350936923e+04 1.229368625273288126e+04 7.414167684713334893e+03 8.951401013323109510e+03 1.435806266060529424e+03 5.030804263157518790e+02 1.423523960156417729e+02 3.746652318273759619e+01
2.522907200876184652e+04 1.453769334523034559e+04 9.236168550212081755e+03 5.624139245790112909e+03 2.948106356823174792e+03 1.435806266060529424e+03 2.422508369682994726e+03 2.096188050750380683e+02 3.257242427839977239e+01 1.491366837596325468e+01
8.820817199688781329e+03 5.223670191213834187e+03 3.378873334584206077e+03 1.685128840652353574e+03 1.077513520551788361e+03 5.030804263157518790e+02 2.096188050750380683e+02 5.490469169465354753e+02 2.554892176423908268e+01 1.526464742399093488e+01
1.723609085443149070e+03 1.049635195943612871e+03 7.889538413225827753e+02 4.457982927454960986e+02 2.920380972805786541e+02 1.423523960156417729e+02 3.257242427839977239e+01 2.554892176423908268e+01 1.245406995224435889e+02 1.901953500484450110e+00
5.561821837385843992e+02 3.807318752608834984e+02 2.347285128350391119e+02 1.428014139038949111e+02 8.725064625212013425e+01 3.746652318273759619e+01 1.491366837596325468e+01 1.526464742399093488e+01 1.901953500484450110e+00 1.461759107846553896e+01
