8.997275327836397337e+05 4.261410778298035730e+05 2.417865583542127861e+05 1.304221711160674749e+05 5.510671248961138190e+04 2.539823410602674630e+04 8.912503123073194729e+03 2.542700066252908982e+03 1.940110217102647994e+02
4.261410778298035730e+05 3.215229647557846038e+05 1.366545080326931202e+05 7.218128435475863807e+04 3.194614824544774456e+04 1.385665673768021225e+04 4.901510640660580066e+03 1.400080912680288293e+03 6.720758575526093637e+01
2.417865583542127861e+05 1.366545080326931202e+05 1.161503610663611471e+05 4.167636980557481729e+04 1.882658868494171475e+04 7.858265983970210982e+03 2.458559212013162323e+03 1.016501989499259707e+03 3.005086530766696029e+01
1.304221711160674749e+05 7.218128435475863807e+04 4.167636980557481729e+04 4.146926079480157932e+04 9.840028982731641008e+03 4.647695926409331150e+03 1.680832778673399162e+03 4.715668215118527655e+02 5.015667066225859827e+01
5.510671248961138190e+04 3.194614824544774456e+04 1.882658868494171475e+04 9.840028982731641008e+03 1.171811786872696757e+04 1.972966954017382704e+03 8.865417028886552089e+02 2.242932586808387043e+02 5.269391584744074208e+01
2.539823410602674630e+04 1.385665673768021225e+04 7.858265983970210982e+03 4.647695926409331150e+03 1.972966954017382704e+03 2.968159221203794459e+03 3.773279667280497165e+02 8.598006288272240738e+01 2.960772974980865335e+00
8.912503123073194729e+03 4.901510640660580066e+03 2.458559212013162323e+03 1.680832778673399162e+03 8.865417028886552089e+02 3.773279667280497165e+02 7.338560131126598662e+02 4.819589385763566014e+01 2.439206344951093897e+00
2.542700066252908982e+03 1.400080912680288293e+03 1.016501989499259707e+03 4.715668215118527655e+02 2.242932586808387043e+02 8.598006288272240738e+01 4.819589385763566014e+01 1.495758977638719216e+02 -1.435288620984142671e+00
1.940110217102647994e+02 6.720758575526093637e+01 3.005086530766696029e+01 5.015667066225859827e+01 5.269391584744074208e+01 2.960772974980865335e+00 2.439206344951093897e+00 -1.435288620984142671e+00 1.944306279464309029e+01
