1.847143229996971320e+06 1.032896738477564882e+06 6.928606014836176764e+05 4.338172150995129487e+05 2.858861522129903315e+05 1.537957953286182019e+05 7.399186173460377904e+04 4.288345341814575659e+04 1.347764054212510746e+04 5.407704780542357184e+03 1.099417358236153405e+03 1.598170350143844587e+02
1.032896738477564882e+06 8.470954147387045668e+05 4.596957297191386460e+05 2.869930381700246362e+05 1.901892010523923091e+05 1.038547395268889668e+05 4.936745799839965184e+04 2.864998831958978553e+04 9.851903447060805775e+03 3.041729527690067698e+03 8.754907648177629653e+02 1.456661088154548054e+02
6.928606014836176764e+05 4.596957297191386460e+05 3.950737183757496532e+05 1.899745273646975111e+05 1.269905724932183657e+05 6.897168880327793886e+04 3.400575212257989915e+04 1.816823630424115254e+04 5.871985355448159680e+03 2.009435441806615017e+03 6.046016061519200093e+02 5.770173980644824496e+01
4.338172150995129487e+05 2.869930381700246362e+05 1.899745273646975111e+05 1.765573924732112209e+05 8.255867990702012321e+04 4.439997898292526952e+04 2.216249159585060261e+04 1.103655577299355718e+04 3.844383316546670358e+03 1.209603210771982958e+03 3.591299972043509570e+02 6.272524997989266105e+00
2.858861522129903315e+05 1.901892010523923091e+05 1.269905724932183657e+05 8.255867990702012321e+04 8.389338852104292891e+04 2.899314386817251943e+04 1.495837408711085300e+04 7.860173819800447745e+03 2.614703712072454891e+03 7.338638562199582793e+02 3.789789407975925997e+02 -1.154505382562420479e+01
1.537957953286182019e+05 1.038547395268889668e+05 6.897168880327793886e+04 4.439997898292526952e+04 2.899314386817251943e+04 3.079715264571215812e+04 8.204219561047335446e+03 4.044572745968546315e+03 1.162842605535464827e+03 6.444210615002739360e+02 1.148309327859548574e+02 2.349010611938700421e+01
7.399186173460377904e+04 4.936745799839965184e+04 3.400575212257989915e+04 2.216249159585060261e+04 1.495837408711085300e+04 8.204219561047335446e+03 9.858401461392319106e+03 2.344394943340478676e+03 9.548708529762627677e+02 2.781950130399447971e+02 1.253759904412140713e+02 9.572512360170827961e+00
4.288345341814575659e+04 2.864998831958978553e+04 1.816823630424115254e+04 1.103655577299355718e+04 7.860173819800447745e+03 4.044572745968546315e+03 2.344394943340478676e+03 3.670964372838481722e+03 3.232556247869737831e+02 7.892518793968895352e+01 4.808412957977226654e+01 8.660751146020164271e+00
1.347764054212510746e+04 9.851903447060805775e+03 5.871985355448159680e+03 3.844383316546670358e+03 2.614703712072454891e+03 1.162842605535464827e+03 9.548708529762627677e+02 3.232556247869737831e+02 1.012041222268630008e+03 4.684687941605653805e+01 2.404892750870305562e+01 2.186266137154801559e+00
5.407704780542357184e+03 3.041729527690067698e+03 2.009435441806615017e+03 1.209603210771982958e+03 7.338638562199582793e+02 6.444210615002739360e+02 2.781950130399447971e+02 7.892518793968895352e+01 4.684687941605653805e+01 2.115442878971817890e+02 6.423504811945422333e+00 -5.490175052944867851e-02
1.099417358236153405e+03 8.754907648177629653e+02 6.046016061519200093e+02 3.591299972043509570e+02 3.789789407975925997e+02 1.148309327859548574e+02 1.253759904412140713e+02 4.808412957977226654e+01 2.404892750870305562e+01 6.423504811945422333e+00 3.500966984654622394e+01 -1.941169036576912421e-01
1.598170350143844587e+02 1.456661088154548054e+02 5.770173980644824496e+01 6.272524997989266105e+00 -1.154505382562420479e+01 2.349010611938700421e+01 9.572512360170827961e+00 8.660751146020164271e+00 2.186266137154801559e+00 -5.490175052944867851e-02 -1.941169036576912421e-01 2.994106180659540151e+00
