5.664572424279134793e+03 5.174705672849328266e+02 1.340132122655815010e+02 2.661558434595531608e+01 -3.603907766897596954e+00 -6.319583641300846821e+00
5.174705672849328266e+02 1.114660437115388049e+03 5.086058953512088010e+01 1.109799671416753508e+00 1.921561268531534472e-01 -9.078396605405583131e-01
1.340132122655815010e+02 5.086058953512088010e+01 2.155736842306823178e+02 3.635280195771309675e+00 -7.647029538030255535e-01 -3.823514769015132209e-01
2.661558434595531608e+01 1.109799671416753508e+00 3.635280195771309675e+00 2.113717395383748965e+01 -8.627417940341836067e-02 -4.313708970170913176e-02
-3.603907766897596954e+00 1.921561268531534472e-01 -7.647029538030255535e-01 -8.627417940341836067e-02 1.999992340715606831e+00 -3.921553609246284863e-03
-6.319583641300846821e+00 -9.078396605405583131e-01 -3.823514769015132209e-01 -4.313708970170913176e-02 -3.921553609246284863e-03 1.001956947162428113e+00
