2.115116795788187999e+06 1.269526383111536270e+06 8.702832814651159570e+05 5.863962934964771848e+05 4.050132858566059149e+05 2.503279939857302525e+05 1.417467805826639233e+05 8.231962095044272428e+04 4.747969831306816195e+04 1.721483800145678106e+04 4.749776070083699778e+03 9.863690340069375679e+02 1.907241741200918455e+02 1.725120317238154755e+01 0.000000000000000000e+00 0.000000000000000000e+00 0.000000000000000000e+00 0.000000000000000000e+00 0.000000000000000000e+00 0.000000000000000000e+00
1.269526383111536270e+06 1.132984187167196767e+06 6.377067142795869149e+05 4.269545845397596713e+05 2.934092346487836330e+05 1.771244374185783672e+05 9.989053231580788270e+04 5.595219444502115948e+04 3.436514429029056191e+04 1.206123806352478277e+04 2.985475387073271122e+03 3.752583805440486913e+02 2.511937099236842030e+01 3.866241566548517028e+01 0.000000000000000000e+00 0.000000000000000000e+00 0.000000000000000000e+00 0.000000000000000000e+00 0.000000000000000000e+00 0.000000000000000000e+00
8.702832814651159570e+05 6.377067142795869149e+05 5.607590175180803053e+05 2.948189100418424932e+05 1.969663004168435873e+05 1.213094285223481274e+05 6.500806686666982569e+04 3.976382488565232779e+04 2.268469332609709090e+04 7.682905695676662617e+03 2.563833002503116404e+03 3.622651863787139064e+02 3.620658294628223928e+01 2.902534451923925118e+01 0.000000000000000000e+00 0.000000000000000000e+00 0.000000000000000000e+00 0.000000000000000000e+00 0.000000000000000000e+00 0.000000000000000000e+00
5.863962934964771848e+05 4.269545845397596713e+05 2.948189100418424932e+05 2.755550308958097012e+05 1.386296839933725132e+05 8.453974776685917459e+04 4.574321262531857064e+04 2.715066546810367799e+04 1.464246074774450426e+04 5.514708239019245411e+03 1.602714459090800574e+03 3.789668969121541409e+02 8.097374457844439632e+01 1.147199964339297473e+01 0.000000000000000000e+00 0.000000000000000000e+00 0.000000000000000000e+00 0.000000000000000000e+00 0.000000000000000000e+00 0.000000000000000000e+00
4.050132858566059149e+05 2.934092346487836330e+05 1.969663004168435873e+05 1.386296839933725132e+05 1.371457794636367471e+05 5.528976168132471503e+04 3.205757610532228136e+04 1.942449369787808610e+04 1.109962228678266729e+04 3.810160704156438896e+03 1.305514064660638269e+03 7.679413869316896069e+01 6.827602997291380404e+01 3.811122393133351327e+00 0.000000000000000000e+00 0.000000000000000000e+00 0.000000000000000000e+00 0.000000000000000000e+00 0.000000000000000000e+00 0.000000000000000000e+00
2.503279939857302525e+05 1.771244374185783672e+05 1.213094285223481274e+05 8.453974776685917459e+04 5.528976168132471503e+04 6.056284228560731572e+04 1.921794599800981814e+04 1.164146572857429601e+04 7.073571809677216152e+03 2.253475262846046917e+03 9.364254374108967340e+02 9.646813796109557870e+01 2.640452471341754048e+01 1.713818860937488919e+00 0.000000000000000000e+00 0.000000000000000000e+00 0.000000000000000000e+00 0.000000000000000000e+00 0.000000000000000000e+00 0.000000000000000000e+00
1.417467805826639233e+05 9.989053231580788270e+04 6.500806686666982569e+04 4.574321262531857064e+04 3.205757610532228136e+04 1.921794599800981814e+04 2.331074871994228306e+04 6.615868189249207717e+03 3.483003325304165628e+03 1.321614286871950753e+03 4.614520117424258956e+02 5.386338861045533832e+01 4.435286266706049219e+01 6.217266002309250084e+00 0.000000000000000000e+00 0.000000000000000000e+00 0.000000000000000000e+00 0.000000000000000000e+00 0.000000000000000000e+00 0.000000000000000000e+00
8.231962095044272428e+04 5.595219444502115948e+04 3.976382488565232779e+04 2.715066546810367799e+04 1.942449369787808610e+04 1.164146572857429601e+04 6.615868189249207717e+03 9.380058936380199157e+03 2.441099842081283896e+03 5.965810382024229739e+02 1.657208934534970695e+02 3.387418481787437230e+01 1.126006227255014025e+01 -2.313854771619684669e+00 0.000000000000000000e+00 0.000000000000000000e+00 0.000000000000000000e+00 0.000000000000000000e+00 0.000000000000000000e+00 0.000000000000000000e+00
4.747969831306816195e+04 3.436514429029056191e+04 2.268469332609709090e+04 1.464246074774450426e+04 1.109962228678266729e+04 7.073571809677216152e+03 3.483003325304165628e+03 2.441099842081283896e+03 3.755987743615132786e+03 4.819946989048704609e+02 1.743658503988039854e+02 2.672555721251402616e+00 6.711106033664510306e+00 -7.244436406461222111e-01 0.000000000000000000e+00 0.000000000000000000e+00 0.000000000000000000e+00 0.000000000000000000e+00 0.000000000000000000e+00 0.000000000000000000e+00
1.721483800145678106e+04 1.206123806352478277e+04 7.682905695676662617e+03 5.514708239019245411e+03 3.810160704156438896e+03 2.253475262846046917e+03 1.321614286871950753e+03 5.965810382024229739e+02 4.819946989048704609e+02 1.113287163372403938e+03 6.915480799567350800e+01 1.150129595257938675e+01 -7.890467450629308210e-01 2.380639726144065715e+00 0.000000000000000000e+00 0.000000000000000000e+00 0.000000000000000000e+00 0.000000000000000000e+00 0.000000000000000000e+00 0.000000000000000000e+00
4.749776070083699778e+03 2.985475387073271122e+03 2.563833002503116404e+03 1.602714459090800574e+03 1.305514064660638269e+03 9.364254374108967340e+02 4.614520117424258956e+02 1.657208934534970695e+02 1.743658503988039854e+02 6.915480799567350800e+01 2.495977877774069214e+02 4.276397844482616506e+00 2.350883395001256648e+00 5.592105117216910060e-01 0.000000000000000000e+00 0.000000000000000000e+00 0.000000000000000000e+00 0.000000000000000000e+00 0.000000000000000000e+00 0.000000000000000000e+00
9.863690340069375679e+02 3.752583805440486913e+02 3.622651863787139064e+02 3.789668969121541409e+02 7.679413869316896069e+01 9.646813796109557870e+01 5.386338861045533832e+01 3.387418481787437230e+01 2.672555721251402616e+00 1.150129595257938675e+01 4.276397844482616506e+00 3.327732097522312671e+01 6.396156983192082812e-01 -6.081621730580427654e-02 0.000000000000000000e+00 0.000000000000000000e+00 0.000000000000000000e+00 0.000000000000000000e+00 0.000000000000000000e+00 0.000000000000000000e+00
1.907241741200918455e+02 2.511937099236842030e+01 3.620658294628223928e+01 8.097374457844439632e+01 6.827602997291380404e+01 2.640452471341754048e+01 4.435286266706049219e+01 1.126006227255014025e+01 6.711106033664510306e+00 -7.890467450629308210e-01 2.350883395001256648e+00 6.396156983192082812e-01 5.956027304832259617e+00 -1.176961777929653140e-02 0.000000000000000000e+00 0.000000000000000000e+00 0.000000000000000000e+00 0.000000000000000000e+00 0.000000000000000000e+00 0.000000000000000000e+00
1.725120317238154755e+01 3.866241566548517028e+01 2.902534451923925118e+01 1.147199964339297473e+01 3.811122393133351327e+00 1.713818860937488919e+00 6.217266002309250084e+00 -2.313854771619684669e+00 -7.244436406461222111e-01 2.380639726144065715e+00 5.592105117216910060e-01 -6.081621730580427654e-02 -1.176961777929653140e-02 1.002278017006993815e+00 0.000000000000000000e+00 0.000000000000000000e+00 0.000000000000000000e+00 0.000000000000000000e+00 0.000000000000000000e+00 0.000000000000000000e+00
0.000000000000000000e+00 0.000000000000000000e+00 0.000000000000000000e+00 0.000000000000000000e+00 0.000000000000000000e+00 0.000000000000000000e+00 0.000000000000000000e+00 0.000000000000000000e+00 0.000000000000000000e+00 0.000000000000000000e+00 0.000000000000000000e+00 0.000000000000000000e+00 0.000000000000000000e+00 0.000000000000000000e+00 0.000000000000000000e+00 0.000000000000000000e+00 0.000000000000000000e+00 0.000000000000000000e+00 0.000000000000000000e+00 0.000000000000000000e+00
0.000000000000000000e+00 0.000000000000000000e+00 0.000000000000000000e+00 0.000000000000000000e+00 0.000000000000000000e+00 0.000000000000000000e+00 0.000000000000000000e+00 0.000000000000000000e+00 0.000000000000000000e+00 0.000000000000000000e+00 0.000000000000000000e+00 0.000000000000000000e+00 0.000000000000000000e+00 0.000000000000000000e+00 0.000000000000000000e+00 0.000000000000000000e+00 0.000000000000000000e+00 0.000000000000000000e+00 0.000000000000000000e+00 0.000000000000000000e+00
0.000000000000000000e+00 0.000000000000000000e+00 0.000000000000000000e+00 0.000000000000000000e+00 0.000000000000000000e+00 0.000000000000000000e+00 0.000000000000000000e+00 0.000000000000000000e+00 0.000000000000000000e+00 0.000000000000000000e+00 0.000000000000000000e+00 0.000000000000000000e+00 0.000000000000000000e+00 0.000000000000000000e+00 0.000000000000000000e+00 0.000000000000000000e+00 0.000000000000000000e+00 0.000000000000000000e+00 0.000000000000000000e+00 0.000000000000000000e+00
0.000000000000000000e+00 0.000000000000000000e+00 0.000000000000000000e+00 0.000000000000000000e+00 0.000000000000000000e+00 0.000000000000000000e+00 0.000000000000000000e+00 0.000000000000000000e+00 0.000000000000000000e+00 0.000000000000000000e+00 0.000000000000000000e+00 0.000000000000000000e+00 0.000000000000000000e+00 0.000000000000000000e+00 0.000000000000000000e+00 0.000000000000000000e+00 0.000000000000000000e+00 0.000000000000000000e+00 0.000000000000000000e+00 0.000000000000000000e+00
0.000000000000000000e+00 0.000000000000000000e+00 0.000000000000000000e+00 0.000000000000000000e+00 0.000000000000000000e+00 0.000000000000000000e+00 0.000000000000000000e+00 0.000000000000000000e+00 0.000000000000000000e+00 0.000000000000000000e+00 0.000000000000000000e+00 0.000000000000000000e+00 0.000000000000000000e+00 0.000000000000000000e+00 0.000000000000000000e+00 0.000000000000000000e+00 0.000000000000000000e+00 0.000000000000000000e+00 0.000000000000000000e+00 0.000000000000000000e+00
0.000000000000000000e+00 0.000000000000000000e+00 0.000000000000000000e+00 0.000000000000000000e+00 0.000000000000000000e+00 0.000000000000000000e+00 0.000000000000000000e+00 0.000000000000000000e+00 0.000000000000000000e+00 0.000000000000000000e+00 0.000000000000000000e+00 0.000000000000000000e+00 0.000000000000000000e+00 0.000000000000000000e+00 0.000000000000000000e+00 0.000000000000000000e+00 0.000000000000000000e+00 0.000000000000000000e+00 0.000000000000000000e+00 0.000000000000000000e+00
