2.061107214770122431e+06 1.242080583658232819e+06 8.360486579100053059e+05 5.746286271099578589e+05 3.625968094572148984e+05 2.176965560747113486e+05 1.238781886078925745e+05 7.354209247342837625e+04 3.414742017748161015e+04 1.196795216270582750e+04 2.938651487280562833e+03 1.651218524943524812e+02 1.478426230848197065e+02 1.851563451070227728e+01 0.000000000000000000e+00 0.000000000000000000e+00 0.000000000000000000e+00 0.000000000000000000e+00 0.000000000000000000e+00 0.000000000000000000e+00
1.242080583658232819e+06 1.069659769956168719e+06 5.969463213567397324e+05 4.063354875794947147e+05 2.595688031662478461e+05 1.563222761442838237e+05 8.639406718612072291e+04 5.000959172672905697e+04 2.377443805841153880e+04 8.834914713224559819e+03 1.856810267399151826e+03 1.940119032793282940e+02 9.192128198642005543e+01 4.136946598521581819e+01 0.000000000000000000e+00 0.000000000000000000e+00 0.000000000000000000e+00 0.000000000000000000e+00 0.000000000000000000e+00 0.000000000000000000e+00
8.360486579100053059e+05 5.969463213567397324e+05 5.161519759807272931e+05 2.740710975344554172e+05 1.702400070251676661e+05 1.047172745991139673e+05 5.610330546230397158e+04 3.478343254713914939e+04 1.542936228329092955e+04 6.659864069145597568e+03 1.475888520817574090e+03 9.833471011979065679e+01 5.064394252601924329e+00 2.231151334658132868e+01 0.000000000000000000e+00 0.000000000000000000e+00 0.000000000000000000e+00 0.000000000000000000e+00 0.000000000000000000e+00 0.000000000000000000e+00
5.746286271099578589e+05 4.063354875794947147e+05 2.740710975344554172e+05 2.496176945161912590e+05 1.209610752264967014e+05 7.226331931970344158e+04 3.978392638270187308e+04 2.324105607490193506e+04 1.105054557213797125e+04 3.842438041500619420e+03 1.019030533875184005e+03 1.373144450057390884e+02 5.144407081036300866e+01 3.979387115641665584e+00 0.000000000000000000e+00 0.000000000000000000e+00 0.000000000000000000e+00 0.000000000000000000e+00 0.000000000000000000e+00 0.000000000000000000e+00
3.625968094572148984e+05 2.595688031662478461e+05 1.702400070251676661e+05 1.209610752264967014e+05 1.148336280397410155e+05 4.566300890902957326e+04 2.707236841826121235e+04 1.497926887397194332e+04 7.628949431793311305e+03 2.250708166264251759e+03 6.906045307701139109e+02 -2.851230597401333711e+01 2.350038280199833096e+01 7.208477019552526066e+00 0.000000000000000000e+00 0.000000000000000000e+00 0.000000000000000000e+00 0.000000000000000000e+00 0.000000000000000000e+00 0.000000000000000000e+00
2.176965560747113486e+05 1.563222761442838237e+05 1.047172745991139673e+05 7.226331931970344158e+04 4.566300890902957326e+04 4.683014064679739386e+04 1.610319013462799921e+04 8.842480843679941245e+03 4.649365351645005831e+03 1.626413034190879443e+03 5.678812106605422514e+02 4.670761557792228302e+01 1.520403458451232837e+01 4.578754686218931447e+00 0.000000000000000000e+00 0.000000000000000000e+00 0.000000000000000000e+00 0.000000000000000000e+00 0.000000000000000000e+00 0.000000000000000000e+00
1.238781886078925745e+05 8.639406718612072291e+04 5.610330546230397158e+04 3.978392638270187308e+04 2.707236841826121235e+04 1.610319013462799921e+04 1.924848171133739743e+04 4.908607251132689271e+03 2.459386333740137161e+03 8.044358692042602570e+02 3.283542914631919416e+02 4.402329982770945094e+01 1.877816315022413818e+01 5.865492190557290542e+00 0.000000000000000000e+00 0.000000000000000000e+00 0.000000000000000000e+00 0.000000000000000000e+00 0.000000000000000000e+00 0.000000000000000000e+00
7.354209247342837625e+04 5.000959172672905697e+04 3.478343254713914939e+04 2.324105607490193506e+04 1.497926887397194332e+04 8.842480843679941245e+03 4.908607251132689271e+03 7.816194357079264591e+03 1.520865423932954172e+03 3.999518510167408181e+02 1.140493568234321913e+02 -8.426279698105137328e+00 6.683180964701697313e+00 -2.190133695517432422e+00 0.000000000000000000e+00 0.000000000000000000e+00 0.000000000000000000e+00 0.000000000000000000e+00 0.000000000000000000e+00 0.000000000000000000e+00
3.414742017748161015e+04 2.377443805841153880e+04 1.542936228329092955e+04 1.105054557213797125e+04 7.628949431793311305e+03 4.649365351645005831e+03 2.459386333740137161e+03 1.520865423932954172e+03 2.617547832918942277e+03 3.948756803592434608e+02 7.602502183960031346e+01 1.953842503094816552e+00 9.464171410764929959e-01 -5.320490816809060330e-01 0.000000000000000000e+00 0.000000000000000000e+00 0.000000000000000000e+00 0.000000000000000000e+00 0.000000000000000000e+00 0.000000000000000000e+00
1.196795216270582750e+04 8.834914713224559819e+03 6.659864069145597568e+03 3.842438041500619420e+03 2.250708166264251759e+03 1.626413034190879443e+03 8.044358692042602570e+02 3.999518510167408181e+02 3.948756803592434608e+02 6.703949800353151431e+02 5.138295484244169131e+01 -4.141933135479773376e-01 7.498131943771420005e-01 2.887016301078226377e+00 0.000000000000000000e+00 0.000000000000000000e+00 0.000000000000000000e+00 0.000000000000000000e+00 0.000000000000000000e+00 0.000000000000000000e+00
2.938651487280562833e+03 1.856810267399151826e+03 1.475888520817574090e+03 1.019030533875184005e+03 6.906045307701139109e+02 5.678812106605422514e+02 3.283542914631919416e+02 1.140493568234321913e+02 7.602502183960031346e+01 5.138295484244169131e+01 1.391441884933800850e+02 6.093712357196978679e+00 4.827525094064084032e-01 -2.609683992745192027e-01 0.000000000000000000e+00 0.000000000000000000e+00 0.000000000000000000e+00 0.000000000000000000e+00 0.000000000000000000e+00 0.000000000000000000e+00
1.651218524943524812e+02 1.940119032793282940e+02 9.833471011979065679e+01 1.373144450057390884e+02 -2.851230597401333711e+01 4.670761557792228302e+01 4.402329982770945094e+01 -8.426279698105137328e+00 1.953842503094816552e+00 -4.141933135479773376e-01 6.093712357196978679e+00 2.038917066500773601e+01 -7.455811164698911142e-02 -3.727449361903481528e-02 0.000000000000000000e+00 0.000000000000000000e+00 0.000000000000000000e+00 0.000000000000000000e+00 0.000000000000000000e+00 0.000000000000000000e+00
1.478426230848197065e+02 9.192128198642005543e+01 5.064394252601924329e+00 5.144407081036300866e+01 2.350038280199833096e+01 1.520403458451232837e+01 1.877816315022413818e+01 6.683180964701697313e+00 9.464171410764929959e-01 7.498131943771420005e-01 4.827525094064084032e-01 -7.455811164698911142e-02 2.001154234688666822e+00 -3.923351634855974483e-03 0.000000000000000000e+00 0.000000000000000000e+00 0.000000000000000000e+00 0.000000000000000000e+00 0.000000000000000000e+00 0.000000000000000000e+00
1.851563451070227728e+01 4.136946598521581819e+01 2.231151334658132868e+01 3.979387115641665584e+00 7.208477019552526066e+00 4.578754686218931447e+00 5.865492190557290542e+00 -2.190133695517432422e+00 -5.320490816809060330e-01 2.887016301078226377e+00 -2.609683992745192027e-01 -3.727449361903481528e-02 -3.923351634855974483e-03 1.002293667165556679e+00 0.000000000000000000e+00 0.000000000000000000e+00 0.000000000000000000e+00 0.000000000000000000e+00 0.000000000000000000e+00 0.000000000000000000e+00
0.000000000000000000e+00 0.000000000000000000e+00 0.000000000000000000e+00 0.000000000000000000e+00 0.000000000000000000e+00 0.000000000000000000e+00 0.000000000000000000e+00 0.000000000000000000e+00 0.000000000000000000e+00 0.000000000000000000e+00 0.000000000000000000e+00 0.000000000000000000e+00 0.000000000000000000e+00 0.000000000000000000e+00 0.000000000000000000e+00 0.000000000000000000e+00 0.000000000000000000e+00 0.000000000000000000e+00 0.000000000000000000e+00 0.000000000000000000e+00
0.000000000000000000e+00 0.000000000000000000e+00 0.000000000000000000e+00 0.000000000000000000e+00 0.000000000000000000e+00 0.000000000000000000e+00 0.000000000000000000e+00 0.000000000000000000e+00 0.000000000000000000e+00 0.000000000000000000e+00 0.000000000000000000e+00 0.000000000000000000e+00 0.000000000000000000e+00 0.000000000000000000e+00 0.000000000000000000e+00 0.000000000000000000e+00 0.000000000000000000e+00 0.000000000000000000e+00 0.000000000000000000e+00 0.000000000000000000e+00
0.000000000000000000e+00 0.000000000000000000e+00 0.000000000000000000e+00 0.000000000000000000e+00 0.000000000000000000e+00 0.000000000000000000e+00 0.000000000000000000e+00 0.000000000000000000e+00 0.000000000000000000e+00 0.000000000000000000e+00 0.000000000000000000e+00 0.000000000000000000e+00 0.000000000000000000e+00 0.000000000000000000e+00 0.000000000000000000e+00 0.000000000000000000e+00 0.000000000000000000e+00 0.000000000000000000e+00 0.000000000000000000e+00 0.000000000000000000e+00
0.000000000000000000e+00 0.000000000000000000e+00 0.000000000000000000e+00 0.000000000000000000e+00 0.000000000000000000e+00 0.000000000000000000e+00 0.000000000000000000e+00 0.000000000000000000e+00 0.000000000000000000e+00 0.000000000000000000e+00 0.000000000000000000e+00 0.000000000000000000e+00 0.000000000000000000e+00 0.000000000000000000e+00 0.000000000000000000e+00 0.000000000000000000e+00 0.000000000000000000e+00 0.000000000000000000e+00 0.000000000000000000e+00 0.000000000000000000e+00
0.000000000000000000e+00 0.000000000000000000e+00 0.000000000000000000e+00 0.000000000000000000e+00 0.000000000000000000e+00 0.000000000000000000e+00 0.000000000000000000e+00 0.000000000000000000e+00 0.000000000000000000e+00 0.000000000000000000e+00 0.000000000000000000e+00 0.000000000000000000e+00 0.000000000000000000e+00 0.000000000000000000e+00 0.000000000000000000e+00 0.000000000000000000e+00 0.000000000000000000e+00 0.000000000000000000e+00 0.000000000000000000e+00 0.000000000000000000e+00
0.000000000000000000e+00 0.000000000000000000e+00 0.000000000000000000e+00 0.000000000000000000e+00 0.000000000000000000e+00 0.000000000000000000e+00 0.000000000000000000e+00 0.000000000000000000e+00 0.000000000000000000e+00 0.000000000000000000e+00 0.000000000000000000e+00 0.000000000000000000e+00 0.000000000000000000e+00 0.000000000000000000e+00 0.000000000000000000e+00 0.000000000000000000e+00 0.000000000000000000e+00 0.000000000000000000e+00 0.000000000000000000e+00 0.000000000000000000e+00
