1.910028513105794322e+06 1.074606020155497594e+06 6.900675152821454685e+05 4.372210125163046760e+05 2.691926418528010836e+05 1.433428945008892915e+05 7.508145801060996018e+04 3.468991366949817166e+04 1.105008329123150361e+04 3.163040913553424161e+03 3.491395931691590135e+02 -1.214199889017704592e+01 4.326418704276003524e+01 0.000000000000000000e+00 0.000000000000000000e+00 0.000000000000000000e+00 0.000000000000000000e+00 0.000000000000000000e+00 0.000000000000000000e+00 0.000000000000000000e+00
1.074606020155497594e+06 8.587312953128505033e+05 4.527594011760844733e+05 2.747124907901489642e+05 1.788542028402848227e+05 9.061386165179281670e+04 4.975378503600053955e+04 2.232924435368043487e+04 8.067187476686131959e+03 2.109370919169374702e+03 3.466944560471146133e+02 -2.799898324348564316e+01 3.009540412033611290e+01 0.000000000000000000e+00 0.000000000000000000e+00 0.000000000000000000e+00 0.000000000000000000e+00 0.000000000000000000e+00 0.000000000000000000e+00 0.000000000000000000e+00
6.900675152821454685e+05 4.527594011760844733e+05 4.032636477813615347e+05 1.833550260854576190e+05 1.172812440670524811e+05 5.833494025999099540e+04 3.271627722226196784e+04 1.558518438420320308e+04 5.124316828447634180e+03 1.598367669900083911e+03 2.948507133644254168e+02 -1.785900596142623087e+01 2.880815804994774609e+01 0.000000000000000000e+00 0.000000000000000000e+00 0.000000000000000000e+00 0.000000000000000000e+00 0.000000000000000000e+00 0.000000000000000000e+00 0.000000000000000000e+00
4.372210125163046760e+05 2.747124907901489642e+05 1.833550260854576190e+05 1.737646145714490267e+05 7.257496846845925029e+04 3.841457960849202209e+04 1.957352071057035937e+04 9.491686028898320728e+03 3.064475962894865006e+03 1.061657151373612351e+03 3.273647194505129221e+01 -1.205020173114563997e+00 4.862588474391092319e+00 0.000000000000000000e+00 0.000000000000000000e+00 0.000000000000000000e+00 0.000000000000000000e+00 0.000000000000000000e+00 0.000000000000000000e+00 0.000000000000000000e+00
2.691926418528010836e+05 1.788542028402848227e+05 1.172812440670524811e+05 7.257496846845925029e+04 7.341142001721823181e+04 2.334536096320458455e+04 1.308320667864817187e+04 5.666086385493104899e+03 2.438563815673624049e+03 8.219701826357905929e+02 3.797829408488416902e+01 -5.119098747613552547e+00 1.506261592901802793e+01 0.000000000000000000e+00 0.000000000000000000e+00 0.000000000000000000e+00 0.000000000000000000e+00 0.000000000000000000e+00 0.000000000000000000e+00 0.000000000000000000e+00
1.433428945008892915e+05 9.061386165179281670e+04 5.833494025999099540e+04 3.841457960849202209e+04 2.334536096320458455e+04 2.497576258634953774e+04 7.153221083321881451e+03 3.176421026555930894e+03 1.104302870780192961e+03 4.553102072977918624e+02 6.236123519109603563e+01 -2.340199054761756159e+00 1.690359559922242294e+00 0.000000000000000000e+00 0.000000000000000000e+00 0.000000000000000000e+00 0.000000000000000000e+00 0.000000000000000000e+00 0.000000000000000000e+00 0.000000000000000000e+00
7.508145801060996018e+04 4.975378503600053955e+04 3.271627722226196784e+04 1.957352071057035937e+04 1.308320667864817187e+04 7.153221083321881451e+03 9.565431650168973647e+03 1.694008690043346633e+03 6.016713598537745611e+02 1.785761678087790187e+02 3.785663004425082079e+01 -3.782912389971088807e+00 -3.782171944003686725e+00 0.000000000000000000e+00 0.000000000000000000e+00 0.000000000000000000e+00 0.000000000000000000e+00 0.000000000000000000e+00 0.000000000000000000e+00 0.000000000000000000e+00
3.468991366949817166e+04 2.232924435368043487e+04 1.558518438420320308e+04 9.491686028898320728e+03 5.666086385493104899e+03 3.176421026555930894e+03 1.694008690043346633e+03 2.896322586834135564e+03 2.458025615135128703e+02 7.459770533393084690e+01 1.583184250846429819e+01 -1.198513830702314376e-01 1.891709686000911717e+00 0.000000000000000000e+00 0.000000000000000000e+00 0.000000000000000000e+00 0.000000000000000000e+00 0.000000000000000000e+00 0.000000000000000000e+00 0.000000000000000000e+00
1.105008329123150361e+04 8.067187476686131959e+03 5.124316828447634180e+03 3.064475962894865006e+03 2.438563815673624049e+03 1.104302870780192961e+03 6.016713598537745611e+02 2.458025615135128703e+02 8.484407237992385262e+02 5.603555841592649500e+01 4.159770917008989599e+00 -1.315750000747000659e+00 1.700323094292309323e+00 0.000000000000000000e+00 0.000000000000000000e+00 0.000000000000000000e+00 0.000000000000000000e+00 0.000000000000000000e+00 0.000000000000000000e+00 0.000000000000000000e+00
3.163040913553424161e+03 2.109370919169374702e+03 1.598367669900083911e+03 1.061657151373612351e+03 8.219701826357905929e+02 4.553102072977918624e+02 1.785761678087790187e+02 7.459770533393084690e+01 5.603555841592649500e+01 1.709881064329590856e+02 1.441098201588908223e+00 -2.944719234598563440e-01 -2.944142851839033348e-01 0.000000000000000000e+00 0.000000000000000000e+00 0.000000000000000000e+00 0.000000000000000000e+00 0.000000000000000000e+00 0.000000000000000000e+00 0.000000000000000000e+00
3.491395931691590135e+02 3.466944560471146133e+02 2.948507133644254168e+02 3.273647194505129221e+01 3.797829408488416902e+01 6.236123519109603563e+01 3.785663004425082079e+01 1.583184250846429819e+01 4.159770917008989599e+00 1.441098201588908223e+00 1.838604075903742796e+01 -3.729034634759365724e-02 -3.728304734520349745e-02 0.000000000000000000e+00 0.000000000000000000e+00 0.000000000000000000e+00 0.000000000000000000e+00 0.000000000000000000e+00 0.000000000000000000e+00 0.000000000000000000e+00
-1.214199889017704592e+01 -2.799898324348564316e+01 -1.785900596142623087e+01 -1.205020173114563997e+00 -5.119098747613552547e+00 -2.340199054761756159e+00 -3.782912389971088807e+00 -1.198513830702314376e-01 -1.315750000747000659e+00 -2.944719234598563440e-01 -3.729034634759365724e-02 1.002810410837478683e+00 -1.962062869618548273e-03 0.000000000000000000e+00 0.000000000000000000e+00 0.000000000000000000e+00 0.000000000000000000e+00 0.000000000000000000e+00 0.000000000000000000e+00 0.000000000000000000e+00
4.326418704276003524e+01 3.009540412033611290e+01 2.880815804994774609e+01 4.862588474391092319e+00 1.506261592901802793e+01 1.690359559922242294e+00 -3.782171944003686725e+00 1.891709686000911717e+00 1.700323094292309323e+00 -2.944142851839033348e-01 -3.728304734520349745e-02 -1.962062869618548273e-03 1.002417880332292954e+00 0.000000000000000000e+00 0.000000000000000000e+00 0.000000000000000000e+00 0.000000000000000000e+00 0.000000000000000000e+00 0.000000000000000000e+00 0.000000000000000000e+00
0.000000000000000000e+00 0.000000000000000000e+00 0.000000000000000000e+00 0.000000000000000000e+00 0.000000000000000000e+00 0.000000000000000000e+00 0.000000000000000000e+00 0.000000000000000000e+00 0.000000000000000000e+00 0.000000000000000000e+00 0.000000000000000000e+00 0.000000000000000000e+00 0.000000000000000000e+00 0.000000000000000000e+00 0.000000000000000000e+00 0.000000000000000000e+00 0.000000000000000000e+00 0.000000000000000000e+00 0.000000000000000000e+00 0.000000000000000000e+00
0.000000000000000000e+00 0.000000000000000000e+00 0.000000000000000000e+00 0.000000000000000000e+00 0.000000000000000000e+00 0.000000000000000000e+00 0.000000000000000000e+00 0.000000000000000000e+00 0.000000000000000000e+00 0.000000000000000000e+00 0.000000000000000000e+00 0.000000000000000000e+00 0.000000000000000000e+00 0.000000000000000000e+00 0.000000000000000000e+00 0.000000000000000000e+00 0.000000000000000000e+00 0.000000000000000000e+00 0.000000000000000000e+00 0.000000000000000000e+00
0.000000000000000000e+00 0.000000000000000000e+00 0.000000000000000000e+00 0.000000000000000000e+00 0.000000000000000000e+00 0.000000000000000000e+00 0.000000000000000000e+00 0.000000000000000000e+00 0.000000000000000000e+00 0.000000000000000000e+00 0.000000000000000000e+00 0.000000000000000000e+00 0.000000000000000000e+00 0.000000000000000000e+00 0.000000000000000000e+00 0.000000000000000000e+00 0.000000000000000000e+00 0.000000000000000000e+00 0.000000000000000000e+00 0.000000000000000000e+00
0.000000000000000000e+00 0.000000000000000000e+00 0.000000000000000000e+00 0.000000000000000000e+00 0.000000000000000000e+00 0.000000000000000000e+00 0.000000000000000000e+00 0.000000000000000000e+00 0.000000000000000000e+00 0.000000000000000000e+00 0.000000000000000000e+00 0.000000000000000000e+00 0.000000000000000000e+00 0.000000000000000000e+00 0.000000000000000000e+00 0.000000000000000000e+00 0.000000000000000000e+00 0.000000000000000000e+00 0.000000000000000000e+00 0.000000000000000000e+00
0.000000000000000000e+00 0.000000000000000000e+00 0.000000000000000000e+00 0.000000000000000000e+00 0.000000000000000000e+00 0.000000000000000000e+00 0.000000000000000000e+00 0.000000000000000000e+00 0.000000000000000000e+00 0.000000000000000000e+00 0.000000000000000000e+00 0.000000000000000000e+00 0.000000000000000000e+00 0.000000000000000000e+00 0.000000000000000000e+00 0.000000000000000000e+00 0.000000000000000000e+00 0.000000000000000000e+00 0.000000000000000000e+00 0.000000000000000000e+00
0.000000000000000000e+00 0.000000000000000000e+00 0.000000000000000000e+00 0.000000000000000000e+00 0.000000000000000000e+00 0.000000000000000000e+00 0.000000000000000000e+00 0.000000000000000000e+00 0.000000000000000000e+00 0.000000000000000000e+00 0.000000000000000000e+00 0.000000000000000000e+00 0.000000000000000000e+00 0.000000000000000000e+00 0.000000000000000000e+00 0.000000000000000000e+00 0.000000000000000000e+00 0.000000000000000000e+00 0.000000000000000000e+00 0.000000000000000000e+00
0.000000000000000000e+00 0.000000000000000000e+00 0.000000000000000000e+00 0.000000000000000000e+00 0.000000000000000000e+00 0.000000000000000000e+00 0.000000000000000000e+00 0.000000000000000000e+00 0.000000000000000000e+00 0.000000000000000000e+00 0.000000000000000000e+00 0.000000000000000000e+00 0.000000000000000000e+00 0.000000000000000000e+00 0.000000000000000000e+00 0.000000000000000000e+00 0.000000000000000000e+00 0.000000000000000000e+00 0.000000000000000000e+00 0.000000000000000000e+00
