4.574983200000000070e+05 2.085030240000000049e+05 9.797427999999999884e+04 4.000893200000000070e+04 1.226814199999999983e+04 2.502271200000000135e+03 2.957153200000000197e+02 3.340025600000000594e+00
2.085030240000000049e+05 1.323562359999999753e+05 5.182353600000000006e+04 2.106426559999999881e+04 6.515882000000000517e+03 1.311106080000000020e+03 1.582466519999999832e+02 3.353592000000000795e-01
9.797427999999999884e+04 5.182353600000000006e+04 3.361131599999999889e+04 1.023327239999999983e+04 3.159855599999999868e+03 6.611575199999999768e+02 8.225894800000000373e+01 7.511083999999997873e-01
4.000893200000000070e+04 2.106426559999999881e+04 1.023327239999999983e+04 7.001809600000000501e+03 1.348146760000000086e+03 2.704823599999999715e+02 3.053040520000000058e+01 3.175816000000000194e-01
1.226814199999999983e+04 6.515882000000000517e+03 3.159855599999999868e+03 1.348146760000000086e+03 1.133909799999999905e+03 1.039008919999999989e+02 1.088892560000000032e+01 6.128631199999999557e-02
2.502271200000000135e+03 1.311106080000000020e+03 6.611575199999999768e+02 2.704823599999999715e+02 1.039008919999999989e+02 1.226523240000000072e+02 2.612621572000000114e+00 3.836242636000000011e-02
2.957153200000000197e+02 1.582466519999999832e+02 8.225894800000000373e+01 3.053040520000000058e+01 1.088892560000000032e+01 2.612621572000000114e+00 9.225150400000000417e+00 -9.044796000000000780e-03
3.340025600000000594e+00 3.353592000000000795e-01 7.511083999999997873e-01 3.175816000000000194e-01 6.128631199999999557e-02 3.836242636000000011e-02 -9.044796000000000780e-03 7.968780799999999886e-02
