4.030676800000000512e+05 1.748465920000000042e+05 7.756485599999999977e+04 2.863229999999999927e+04 7.599815599999999904e+03 1.468304200000000037e+03 7.186365999999999588e+01
1.748465920000000042e+05 1.069672400000000052e+05 3.871072000000000116e+04 1.440393080000000191e+04 3.958630000000000109e+03 7.680592399999999316e+02 3.681927519999999987e+01
7.756485599999999977e+04 3.871072000000000116e+04 2.499551599999999962e+04 6.522300400000000081e+03 1.739703800000000001e+03 3.354289999999999736e+02 2.562149919999999526e+01
2.863229999999999927e+04 1.440393080000000191e+04 6.522300400000000081e+03 4.661493999999999687e+03 6.990180399999999281e+02 1.320065119999999865e+02 5.782590200000000458e+00
7.599815599999999904e+03 3.958630000000000109e+03 1.739703800000000001e+03 6.990180399999999281e+02 6.544407200000000557e+02 4.272505999999999915e+01 2.755076999999999998e+00
1.468304200000000037e+03 7.680592399999999316e+02 3.354289999999999736e+02 1.320065119999999865e+02 4.272505999999999915e+01 6.152413200000000160e+01 4.080296160000000394e-01
7.186365999999999588e+01 3.681927519999999987e+01 2.562149919999999526e+01 5.782590200000000458e+00 2.755076999999999998e+00 4.080296160000000394e-01 2.752972080000000155e+00
