6.036021199999999953e+05 2.982822799999999697e+05 1.650615119999999879e+05 8.196147599999999511e+04 3.528838799999999901e+04 1.182665959999999905e+04 2.560277199999999993e+03 1.975146560000000022e+02 9.462109020000001536e+00
2.982822799999999697e+05 2.052731439999999711e+05 9.411856800000001385e+04 4.731837600000000384e+04 2.008178440000000046e+04 6.684040399999999863e+03 1.505185720000000174e+03 1.282642280000000028e+02 3.972150399999999415e+00
1.650615119999999879e+05 9.411856800000001385e+04 6.663575199999999313e+04 2.593127199999999721e+04 1.126162199999999939e+04 3.869023999999999887e+03 8.448435200000001259e+02 7.117134799999999473e+01 2.940261999999999709e+00
8.196147599999999511e+04 4.731837600000000384e+04 2.593127199999999721e+04 1.961531519999999728e+04 5.694614400000000387e+03 1.840712559999999939e+03 4.344361600000000294e+02 3.289578400000000613e+01 4.934096000000000037e-01
3.528838799999999901e+04 2.008178440000000046e+04 1.126162199999999939e+04 5.694614400000000387e+03 4.727724799999999959e+03 8.282238400000001093e+02 2.096579320000000166e+02 1.385772560000000020e+01 4.472499440000000104e-01
1.182665959999999905e+04 6.684040399999999863e+03 3.869023999999999887e+03 1.840712559999999939e+03 8.282238400000001093e+02 8.382414400000000114e+02 6.952098399999999856e+01 7.544376800000000216e+00 5.818299600000000904e-01
2.560277199999999993e+03 1.505185720000000174e+03 8.448435200000001259e+02 4.344361600000000294e+02 2.096579320000000166e+02 6.952098399999999856e+01 1.009011399999999981e+02 1.418552079999999993e+00 1.757498120000000053e-01
1.975146560000000022e+02 1.282642280000000028e+02 7.117134799999999473e+01 3.289578400000000613e+01 1.385772560000000020e+01 7.544376800000000216e+00 1.418552079999999993e+00 5.620329599999999814e+00 -6.939543999999999747e-03
9.462109020000001536e+00 3.972150399999999415e+00 2.940261999999999709e+00 4.934096000000000037e-01 4.472499440000000104e-01 5.818299600000000904e-01 1.757498120000000053e-01 -6.939543999999999747e-03 1.193757839999999987e-01
