5.533941199999999662e+04 1.322443599999999969e+04 2.982332000000000335e+03 3.634995999999999867e+02 2.037801040000000086e+01 1.370755200000000062e+00
1.322443599999999969e+04 7.083993199999999888e+03 1.009580359999999928e+03 1.074678960000000103e+02 8.701408799999999388e+00 2.791412399999999849e-02
2.982332000000000335e+03 1.009580359999999928e+03 7.438254799999999705e+02 2.779747759999999701e+01 3.108214759999999632e+00 1.238202000000000053e-01
3.634995999999999867e+02 1.074678960000000103e+02 2.779747759999999701e+01 5.331082800000000077e+01 1.574262919999999955e-01 6.066252000000000449e-02
2.037801040000000086e+01 8.701408799999999388e+00 3.108214759999999632e+00 1.574262919999999955e-01 2.370127679999999959e+00 -1.325531199999999870e-03
1.370755200000000062e+00 2.791412399999999849e-02 1.238202000000000053e-01 6.066252000000000449e-02 -1.325531199999999870e-03 3.984390399999999943e-02
