1.797390258771454217e+06 1.061335912117381115e+06 6.772948179632319370e+05 4.617152995806170511e+05 2.963515580585245043e+05 1.723235980690951401e+05 9.443628167064864829e+04 4.518769049046541477e+04 1.398419443582617714e+04 5.875528465883498029e+03 1.353055240417046889e+03 2.442821464310718582e+01 0.000000000000000000e+00 0.000000000000000000e+00 0.000000000000000000e+00 0.000000000000000000e+00 0.000000000000000000e+00 0.000000000000000000e+00 0.000000000000000000e+00 0.000000000000000000e+00
1.061335912117381115e+06 8.956272976999136154e+05 4.830213262700080522e+05 3.184054469621257158e+05 2.056209377891738259e+05 1.222620175184333639e+05 6.698729936761644785e+04 3.136142248269058109e+04 9.215176173542384277e+03 3.602035740224118854e+03 1.067116291738516111e+03 -2.515609948561173326e+01 0.000000000000000000e+00 0.000000000000000000e+00 0.000000000000000000e+00 0.000000000000000000e+00 0.000000000000000000e+00 0.000000000000000000e+00 0.000000000000000000e+00 0.000000000000000000e+00
6.772948179632319370e+05 4.830213262700080522e+05 4.204990090578959789e+05 2.057756225205123774e+05 1.351434555139888835e+05 7.855441433276368480e+04 4.198801224244904006e+04 2.091141625439994095e+04 5.220324059160002435e+03 2.570960695561418106e+03 6.365915270211108918e+02 -8.836918748529328793e-01 0.000000000000000000e+00 0.000000000000000000e+00 0.000000000000000000e+00 0.000000000000000000e+00 0.000000000000000000e+00 0.000000000000000000e+00 0.000000000000000000e+00 0.000000000000000000e+00
4.617152995806170511e+05 3.184054469621257158e+05 2.057756225205123774e+05 1.968345445728812483e+05 9.211326375872368226e+04 5.494701810212742566e+04 2.831223061368151684e+04 1.311100391997992847e+04 4.510688836827725936e+03 2.049097611268291985e+03 6.276370920090372465e+02 -2.052577688497429875e+01 0.000000000000000000e+00 0.000000000000000000e+00 0.000000000000000000e+00 0.000000000000000000e+00 0.000000000000000000e+00 0.000000000000000000e+00 0.000000000000000000e+00 0.000000000000000000e+00
2.963515580585245043e+05 2.056209377891738259e+05 1.351434555139888835e+05 9.211326375872368226e+04 9.068460017801399226e+04 3.584776366645839880e+04 1.964985241323578884e+04 8.611995501502140542e+03 2.668277274576308173e+03 1.450870709706331581e+03 2.340338578020471232e+02 -1.604282962572814597e+01 0.000000000000000000e+00 0.000000000000000000e+00 0.000000000000000000e+00 0.000000000000000000e+00 0.000000000000000000e+00 0.000000000000000000e+00 0.000000000000000000e+00 0.000000000000000000e+00
1.723235980690951401e+05 1.222620175184333639e+05 7.855441433276368480e+04 5.494701810212742566e+04 3.584776366645839880e+04 3.625218521752432571e+04 1.189366988005424901e+04 5.215348861450521326e+03 1.386794945797860692e+03 6.321944066970532958e+02 1.402016511442852504e+02 -1.557032708651630237e+01 0.000000000000000000e+00 0.000000000000000000e+00 0.000000000000000000e+00 0.000000000000000000e+00 0.000000000000000000e+00 0.000000000000000000e+00 0.000000000000000000e+00 0.000000000000000000e+00
9.443628167064864829e+04 6.698729936761644785e+04 4.198801224244904006e+04 2.831223061368151684e+04 1.964985241323578884e+04 1.189366988005424901e+04 1.438989108572768964e+04 2.744353519246573342e+03 9.327022195477039759e+02 4.973616419440665481e+02 6.159315708759211816e+01 -1.291211761071567210e+01 0.000000000000000000e+00 0.000000000000000000e+00 0.000000000000000000e+00 0.000000000000000000e+00 0.000000000000000000e+00 0.000000000000000000e+00 0.000000000000000000e+00 0.000000000000000000e+00
4.518769049046541477e+04 3.136142248269058109e+04 2.091141625439994095e+04 1.311100391997992847e+04 8.611995501502140542e+03 5.215348861450521326e+03 2.744353519246573342e+03 4.613447520610034189e+03 5.062329351144410907e+02 1.204401422407986928e+02 5.786364029490601268e+01 -2.608898012778603448e+00 0.000000000000000000e+00 0.000000000000000000e+00 0.000000000000000000e+00 0.000000000000000000e+00 0.000000000000000000e+00 0.000000000000000000e+00 0.000000000000000000e+00 0.000000000000000000e+00
1.398419443582617714e+04 9.215176173542384277e+03 5.220324059160002435e+03 4.510688836827725936e+03 2.668277274576308173e+03 1.386794945797860692e+03 9.327022195477039759e+02 5.062329351144410907e+02 1.115527180002055047e+03 7.482158288633239351e+01 1.802929933209672431e+00 3.691501899865096137e-01 0.000000000000000000e+00 0.000000000000000000e+00 0.000000000000000000e+00 0.000000000000000000e+00 0.000000000000000000e+00 0.000000000000000000e+00 0.000000000000000000e+00 0.000000000000000000e+00
5.875528465883498029e+03 3.602035740224118854e+03 2.570960695561418106e+03 2.049097611268291985e+03 1.450870709706331581e+03 6.321944066970532958e+02 4.973616419440665481e+02 1.204401422407986928e+02 7.482158288633239351e+01 2.749637803989983809e+02 2.112552641878124415e+00 1.146349892499473944e+00 0.000000000000000000e+00 0.000000000000000000e+00 0.000000000000000000e+00 0.000000000000000000e+00 0.000000000000000000e+00 0.000000000000000000e+00 0.000000000000000000e+00 0.000000000000000000e+00
1.353055240417046889e+03 1.067116291738516111e+03 6.365915270211108918e+02 6.276370920090372465e+02 2.340338578020471232e+02 1.402016511442852504e+02 6.159315708759211816e+01 5.786364029490601268e+01 1.802929933209672431e+00 2.112552641878124415e+00 4.052748661267513341e+01 -1.452223672924316256e-01 0.000000000000000000e+00 0.000000000000000000e+00 0.000000000000000000e+00 0.000000000000000000e+00 0.000000000000000000e+00 0.000000000000000000e+00 0.000000000000000000e+00 0.000000000000000000e+00
2.442821464310718582e+01 -2.515609948561173326e+01 -8.836918748529328793e-01 -2.052577688497429875e+01 -1.604282962572814597e+01 -1.557032708651630237e+01 -1.291211761071567210e+01 -2.608898012778603448e+00 3.691501899865096137e-01 1.146349892499473944e+00 -1.452223672924316256e-01 2.001294689885761091e+00 0.000000000000000000e+00 0.000000000000000000e+00 0.000000000000000000e+00 0.000000000000000000e+00 0.000000000000000000e+00 0.000000000000000000e+00 0.000000000000000000e+00 0.000000000000000000e+00
0.000000000000000000e+00 0.000000000000000000e+00 0.000000000000000000e+00 0.000000000000000000e+00 0.000000000000000000e+00 0.000000000000000000e+00 0.000000000000000000e+00 0.000000000000000000e+00 0.000000000000000000e+00 0.000000000000000000e+00 0.000000000000000000e+00 0.000000000000000000e+00 0.000000000000000000e+00 0.000000000000000000e+00 0.000000000000000000e+00 0.000000000000000000e+00 0.000000000000000000e+00 0.000000000000000000e+00 0.000000000000000000e+00 0.000000000000000000e+00
0.000000000000000000e+00 0.000000000000000000e+00 0.000000000000000000e+00 0.000000000000000000e+00 0.000000000000000000e+00 0.000000000000000000e+00 0.000000000000000000e+00 0.000000000000000000e+00 0.000000000000000000e+00 0.000000000000000000e+00 0.000000000000000000e+00 0.000000000000000000e+00 0.000000000000000000e+00 0.000000000000000000e+00 0.000000000000000000e+00 0.000000000000000000e+00 0.000000000000000000e+00 0.000000000000000000e+00 0.000000000000000000e+00 0.000000000000000000e+00
0.000000000000000000e+00 0.000000000000000000e+00 0.000000000000000000e+00 0.000000000000000000e+00 0.000000000000000000e+00 0.000000000000000000e+00 0.000000000000000000e+00 0.000000000000000000e+00 0.000000000000000000e+00 0.000000000000000000e+00 0.000000000000000000e+00 0.000000000000000000e+00 0.000000000000000000e+00 0.000000000000000000e+00 0.000000000000000000e+00 0.000000000000000000e+00 0.000000000000000000e+00 0.000000000000000000e+00 0.000000000000000000e+00 0.000000000000000000e+00
0.000000000000000000e+00 0.000000000000000000e+00 0.000000000000000000e+00 0.000000000000000000e+00 0.000000000000000000e+00 0.000000000000000000e+00 0.000000000000000000e+00 0.000000000000000000e+00 0.000000000000000000e+00 0.000000000000000000e+00 0.000000000000000000e+00 0.000000000000000000e+00 0.000000000000000000e+00 0.000000000000000000e+00 0.000000000000000000e+00 0.000000000000000000e+00 0.000000000000000000e+00 0.000000000000000000e+00 0.000000000000000000e+00 0.000000000000000000e+00
0.000000000000000000e+00 0.000000000000000000e+00 0.000000000000000000e+00 0.000000000000000000e+00 0.000000000000000000e+00 0.000000000000000000e+00 0.000000000000000000e+00 0.000000000000000000e+00 0.000000000000000000e+00 0.000000000000000000e+00 0.000000000000000000e+00 0.000000000000000000e+00 0.000000000000000000e+00 0.000000000000000000e+00 0.000000000000000000e+00 0.000000000000000000e+00 0.000000000000000000e+00 0.000000000000000000e+00 0.000000000000000000e+00 0.000000000000000000e+00
0.000000000000000000e+00 0.000000000000000000e+00 0.000000000000000000e+00 0.000000000000000000e+00 0.000000000000000000e+00 0.000000000000000000e+00 0.000000000000000000e+00 0.000000000000000000e+00 0.000000000000000000e+00 0.000000000000000000e+00 0.000000000000000000e+00 0.000000000000000000e+00 0.000000000000000000e+00 0.000000000000000000e+00 0.000000000000000000e+00 0.000000000000000000e+00 0.000000000000000000e+00 0.000000000000000000e+00 0.000000000000000000e+00 0.000000000000000000e+00
0.000000000000000000e+00 0.000000000000000000e+00 0.000000000000000000e+00 0.000000000000000000e+00 0.000000000000000000e+00 0.000000000000000000e+00 0.000000000000000000e+00 0.000000000000000000e+00 0.000000000000000000e+00 0.000000000000000000e+00 0.000000000000000000e+00 0.000000000000000000e+00 0.000000000000000000e+00 0.000000000000000000e+00 0.000000000000000000e+00 0.000000000000000000e+00 0.000000000000000000e+00 0.000000000000000000e+00 0.000000000000000000e+00 0.000000000000000000e+00
0.000000000000000000e+00 0.000000000000000000e+00 0.000000000000000000e+00 0.000000000000000000e+00 0.000000000000000000e+00 0.000000000000000000e+00 0.000000000000000000e+00 0.000000000000000000e+00 0.000000000000000000e+00 0.000000000000000000e+00 0.000000000000000000e+00 0.000000000000000000e+00 0.000000000000000000e+00 0.000000000000000000e+00 0.000000000000000000e+00 0.000000000000000000e+00 0.000000000000000000e+00 0.000000000000000000e+00 0.000000000000000000e+00 0.000000000000000000e+00
