1.968340139825737802e+06 1.186226711372856051e+06 7.660970281152039533e+05 5.697654328961806605e+05 3.736523901487385738e+05 2.493224047420154384e+05 1.390726803430035943e+05 7.732697529837412003e+04 4.309391798625156662e+04 1.516335333428642480e+04 5.938589329970795916e+03 6.900727185412395102e+02 7.092552604841991126e+01 0.000000000000000000e+00 0.000000000000000000e+00 0.000000000000000000e+00 0.000000000000000000e+00 0.000000000000000000e+00 0.000000000000000000e+00 0.000000000000000000e+00
1.186226711372856051e+06 1.070146295867125737e+06 5.687865125484780874e+05 4.116940624905357836e+05 2.753411315348633798e+05 1.804795756677838799e+05 1.037035300231336005e+05 5.727103143819834077e+04 3.104302024507944952e+04 1.145987622890580315e+04 3.854515123533989026e+03 4.619576542394053149e+02 4.233233984229777747e+01 0.000000000000000000e+00 0.000000000000000000e+00 0.000000000000000000e+00 0.000000000000000000e+00 0.000000000000000000e+00 0.000000000000000000e+00 0.000000000000000000e+00
7.660970281152039533e+05 5.687865125484780874e+05 4.920477407009916496e+05 2.762025092322008568e+05 1.839431280501269503e+05 1.191508784175515466e+05 6.699060179194215743e+04 3.690604921927364194e+04 2.073847902225584403e+04 6.830727987326550647e+03 2.431677780170244660e+03 3.968182668159828950e+02 6.296524815434285216e+01 0.000000000000000000e+00 0.000000000000000000e+00 0.000000000000000000e+00 0.000000000000000000e+00 0.000000000000000000e+00 0.000000000000000000e+00 0.000000000000000000e+00
5.697654328961806605e+05 4.116940624905357836e+05 2.762025092322008568e+05 2.724201916906175902e+05 1.300775375027440605e+05 8.742700280659615237e+04 4.964416117878865771e+04 2.773022674774623738e+04 1.355703445499178270e+04 4.827430740042046637e+03 1.962181634888857161e+03 2.901977145714928952e+02 6.122094202369093807e+01 0.000000000000000000e+00 0.000000000000000000e+00 0.000000000000000000e+00 0.000000000000000000e+00 0.000000000000000000e+00 0.000000000000000000e+00 0.000000000000000000e+00
3.736523901487385738e+05 2.753411315348633798e+05 1.839431280501269503e+05 1.300775375027440605e+05 1.293606022574875533e+05 5.799880965851939254e+04 3.175836019329541523e+04 1.825951910248955755e+04 1.036412279139685052e+04 3.452372517158109076e+03 1.527500573013319809e+03 2.261134311694080452e+02 3.260165257571559749e+01 0.000000000000000000e+00 0.000000000000000000e+00 0.000000000000000000e+00 0.000000000000000000e+00 0.000000000000000000e+00 0.000000000000000000e+00 0.000000000000000000e+00
2.493224047420154384e+05 1.804795756677838799e+05 1.191508784175515466e+05 8.742700280659615237e+04 5.799880965851939254e+04 6.618156590341411356e+04 2.317391260207812957e+04 1.123412724216291281e+04 6.965277639448128866e+03 2.097280107441003565e+03 1.091879293542415553e+03 1.238028114716442332e+02 7.133224719363748356e+00 0.000000000000000000e+00 0.000000000000000000e+00 0.000000000000000000e+00 0.000000000000000000e+00 0.000000000000000000e+00 0.000000000000000000e+00 0.000000000000000000e+00
1.390726803430035943e+05 1.037035300231336005e+05 6.699060179194215743e+04 4.964416117878865771e+04 3.175836019329541523e+04 2.317391260207812957e+04 2.497580825232892676e+04 7.251714627347567330e+03 3.700772666047006624e+03 1.459117715409164475e+03 6.224777055168769948e+02 5.349831253390743058e+01 3.343776187614935225e+00 0.000000000000000000e+00 0.000000000000000000e+00 0.000000000000000000e+00 0.000000000000000000e+00 0.000000000000000000e+00 0.000000000000000000e+00 0.000000000000000000e+00
7.732697529837412003e+04 5.727103143819834077e+04 3.690604921927364194e+04 2.773022674774623738e+04 1.825951910248955755e+04 1.123412724216291281e+04 7.251714627347567330e+03 9.451102770221621540e+03 2.067553100234469184e+03 7.252304086992539851e+02 3.198607946488059497e+02 1.413724818282104856e+01 -1.349533688644806828e+00 0.000000000000000000e+00 0.000000000000000000e+00 0.000000000000000000e+00 0.000000000000000000e+00 0.000000000000000000e+00 0.000000000000000000e+00 0.000000000000000000e+00
4.309391798625156662e+04 3.104302024507944952e+04 2.073847902225584403e+04 1.355703445499178270e+04 1.036412279139685052e+04 6.965277639448128866e+03 3.700772666047006624e+03 2.067553100234469184e+03 3.872705578405470987e+03 5.120584467903710220e+02 1.147379139007618960e+02 2.562163927396558805e+01 3.239665525793542500e+00 0.000000000000000000e+00 0.000000000000000000e+00 0.000000000000000000e+00 0.000000000000000000e+00 0.000000000000000000e+00 0.000000000000000000e+00 0.000000000000000000e+00
1.516335333428642480e+04 1.145987622890580315e+04 6.830727987326550647e+03 4.827430740042046637e+03 3.452372517158109076e+03 2.097280107441003565e+03 1.459117715409164475e+03 7.252304086992539851e+02 5.120584467903710220e+02 1.042196176709526299e+03 1.002184600744382692e+02 9.406655817036632783e+00 3.269992128820952804e+00 0.000000000000000000e+00 0.000000000000000000e+00 0.000000000000000000e+00 0.000000000000000000e+00 0.000000000000000000e+00 0.000000000000000000e+00 0.000000000000000000e+00
5.938589329970795916e+03 3.854515123533989026e+03 2.431677780170244660e+03 1.962181634888857161e+03 1.527500573013319809e+03 1.091879293542415553e+03 6.224777055168769948e+02 3.198607946488059497e+02 1.147379139007618960e+02 1.002184600744382692e+02 2.241385714680103263e+02 9.569315108470490827e+00 -2.727628532968714992e-01 0.000000000000000000e+00 0.000000000000000000e+00 0.000000000000000000e+00 0.000000000000000000e+00 0.000000000000000000e+00 0.000000000000000000e+00 0.000000000000000000e+00
6.900727185412395102e+02 4.619576542394053149e+02 3.968182668159828950e+02 2.901977145714928952e+02 2.261134311694080452e+02 1.238028114716442332e+02 5.349831253390743058e+01 1.413724818282104856e+01 2.562163927396558805e+01 9.406655817036632783e+00 9.569315108470490827e+00 2.131765115276862943e+01 -1.177210454437562365e-01 0.000000000000000000e+00 0.000000000000000000e+00 0.000000000000000000e+00 0.000000000000000000e+00 0.000000000000000000e+00 0.000000000000000000e+00 0.000000000000000000e+00
7.092552604841991126e+01 4.233233984229777747e+01 6.296524815434285216e+01 6.122094202369093807e+01 3.260165257571559749e+01 7.133224719363748356e+00 3.343776187614935225e+00 -1.349533688644806828e+00 3.239665525793542500e+00 3.269992128820952804e+00 -2.727628532968714992e-01 -1.177210454437562365e-01 2.995678225847498322e+00 0.000000000000000000e+00 0.000000000000000000e+00 0.000000000000000000e+00 0.000000000000000000e+00 0.000000000000000000e+00 0.000000000000000000e+00 0.000000000000000000e+00
0.000000000000000000e+00 0.000000000000000000e+00 0.000000000000000000e+00 0.000000000000000000e+00 0.000000000000000000e+00 0.000000000000000000e+00 0.000000000000000000e+00 0.000000000000000000e+00 0.000000000000000000e+00 0.000000000000000000e+00 0.000000000000000000e+00 0.000000000000000000e+00 0.000000000000000000e+00 0.000000000000000000e+00 0.000000000000000000e+00 0.000000000000000000e+00 0.000000000000000000e+00 0.000000000000000000e+00 0.000000000000000000e+00 0.000000000000000000e+00
0.000000000000000000e+00 0.000000000000000000e+00 0.000000000000000000e+00 0.000000000000000000e+00 0.000000000000000000e+00 0.000000000000000000e+00 0.000000000000000000e+00 0.000000000000000000e+00 0.000000000000000000e+00 0.000000000000000000e+00 0.000000000000000000e+00 0.000000000000000000e+00 0.000000000000000000e+00 0.000000000000000000e+00 0.000000000000000000e+00 0.000000000000000000e+00 0.000000000000000000e+00 0.000000000000000000e+00 0.000000000000000000e+00 0.000000000000000000e+00
0.000000000000000000e+00 0.000000000000000000e+00 0.000000000000000000e+00 0.000000000000000000e+00 0.000000000000000000e+00 0.000000000000000000e+00 0.000000000000000000e+00 0.000000000000000000e+00 0.000000000000000000e+00 0.000000000000000000e+00 0.000000000000000000e+00 0.000000000000000000e+00 0.000000000000000000e+00 0.000000000000000000e+00 0.000000000000000000e+00 0.000000000000000000e+00 0.000000000000000000e+00 0.000000000000000000e+00 0.000000000000000000e+00 0.000000000000000000e+00
0.000000000000000000e+00 0.000000000000000000e+00 0.000000000000000000e+00 0.000000000000000000e+00 0.000000000000000000e+00 0.000000000000000000e+00 0.000000000000000000e+00 0.000000000000000000e+00 0.000000000000000000e+00 0.000000000000000000e+00 0.000000000000000000e+00 0.000000000000000000e+00 0.000000000000000000e+00 0.000000000000000000e+00 0.000000000000000000e+00 0.000000000000000000e+00 0.000000000000000000e+00 0.000000000000000000e+00 0.000000000000000000e+00 0.000000000000000000e+00
0.000000000000000000e+00 0.000000000000000000e+00 0.000000000000000000e+00 0.000000000000000000e+00 0.000000000000000000e+00 0.000000000000000000e+00 0.000000000000000000e+00 0.000000000000000000e+00 0.000000000000000000e+00 0.000000000000000000e+00 0.000000000000000000e+00 0.000000000000000000e+00 0.000000000000000000e+00 0.000000000000000000e+00 0.000000000000000000e+00 0.000000000000000000e+00 0.000000000000000000e+00 0.000000000000000000e+00 0.000000000000000000e+00 0.000000000000000000e+00
0.000000000000000000e+00 0.000000000000000000e+00 0.000000000000000000e+00 0.000000000000000000e+00 0.000000000000000000e+00 0.000000000000000000e+00 0.000000000000000000e+00 0.000000000000000000e+00 0.000000000000000000e+00 0.000000000000000000e+00 0.000000000000000000e+00 0.000000000000000000e+00 0.000000000000000000e+00 0.000000000000000000e+00 0.000000000000000000e+00 0.000000000000000000e+00 0.000000000000000000e+00 0.000000000000000000e+00 0.000000000000000000e+00 0.000000000000000000e+00
0.000000000000000000e+00 0.000000000000000000e+00 0.000000000000000000e+00 0.000000000000000000e+00 0.000000000000000000e+00 0.000000000000000000e+00 0.000000000000000000e+00 0.000000000000000000e+00 0.000000000000000000e+00 0.000000000000000000e+00 0.000000000000000000e+00 0.000000000000000000e+00 0.000000000000000000e+00 0.000000000000000000e+00 0.000000000000000000e+00 0.000000000000000000e+00 0.000000000000000000e+00 0.000000000000000000e+00 0.000000000000000000e+00 0.000000000000000000e+00
