2.041223760314173764e+06 1.207905491191933164e+06 8.353038557507001096e+05 5.938686701396969147e+05 3.995747615221624728e+05 2.624497681931878324e+05 1.733327161441563221e+05 9.562797683677158784e+04 4.620206693405362603e+04 2.469167851533291469e+04 7.190807788867509771e+03 2.152648765729062688e+03 1.365148191074957253e+02 0.000000000000000000e+00 0.000000000000000000e+00 0.000000000000000000e+00 0.000000000000000000e+00 0.000000000000000000e+00 0.000000000000000000e+00 0.000000000000000000e+00
1.207905491191933164e+06 1.087084929764459608e+06 6.038072329447121592e+05 4.328178995511326357e+05 2.900564760579052381e+05 1.889829525190334534e+05 1.240791769031113363e+05 6.800661213824947481e+04 3.373481112276694330e+04 1.658905758807982420e+04 5.144457640679446740e+03 1.371889543860131880e+03 5.947814833992595140e+01 0.000000000000000000e+00 0.000000000000000000e+00 0.000000000000000000e+00 0.000000000000000000e+00 0.000000000000000000e+00 0.000000000000000000e+00 0.000000000000000000e+00
8.353038557507001096e+05 6.038072329447121592e+05 5.278847043448991608e+05 2.919029301281797234e+05 1.982096511674327194e+05 1.305136394964857318e+05 8.628108082825368911e+04 4.911829030424168741e+04 2.405956567431438816e+04 1.264685924982260258e+04 3.771643477325027106e+03 7.654031370843836157e+02 8.034927910802885265e+01 0.000000000000000000e+00 0.000000000000000000e+00 0.000000000000000000e+00 0.000000000000000000e+00 0.000000000000000000e+00 0.000000000000000000e+00 0.000000000000000000e+00
5.938686701396969147e+05 4.328178995511326357e+05 2.919029301281797234e+05 2.941092432331436430e+05 1.404953181082663359e+05 9.684539823762941523e+04 6.046201179641904309e+04 3.376612852492336242e+04 1.547822397539903614e+04 7.571294155683848658e+03 2.391490707020086120e+03 7.613128293177753676e+02 1.098075974566069846e+02 0.000000000000000000e+00 0.000000000000000000e+00 0.000000000000000000e+00 0.000000000000000000e+00 0.000000000000000000e+00 0.000000000000000000e+00 0.000000000000000000e+00
3.995747615221624728e+05 2.900564760579052381e+05 1.982096511674327194e+05 1.404953181082663359e+05 1.434539931192645163e+05 6.183805359301143471e+04 3.923615334812310175e+04 2.381431427039267874e+04 1.080779653768019671e+04 5.722122124858820825e+03 1.726989001569579386e+03 5.223496287239709090e+02 5.649568655630701386e+01 0.000000000000000000e+00 0.000000000000000000e+00 0.000000000000000000e+00 0.000000000000000000e+00 0.000000000000000000e+00 0.000000000000000000e+00 0.000000000000000000e+00
2.624497681931878324e+05 1.889829525190334534e+05 1.305136394964857318e+05 9.684539823762941523e+04 6.183805359301143471e+04 7.168851401865581283e+04 2.843971300958255597e+04 1.504443584584204109e+04 8.324371641028252270e+03 3.572611058705937921e+03 1.371198474585964959e+03 4.585645815402168637e+02 3.881968478629381281e+01 0.000000000000000000e+00 0.000000000000000000e+00 0.000000000000000000e+00 0.000000000000000000e+00 0.000000000000000000e+00 0.000000000000000000e+00 0.000000000000000000e+00
1.733327161441563221e+05 1.240791769031113363e+05 8.628108082825368911e+04 6.046201179641904309e+04 3.923615334812310175e+04 2.843971300958255597e+04 3.220354469305192106e+04 1.071356422356867915e+04 4.902085956740876100e+03 2.739935279793993686e+03 7.847368923968539320e+02 1.948209333821145890e+02 -5.095199783696331863e+00 0.000000000000000000e+00 0.000000000000000000e+00 0.000000000000000000e+00 0.000000000000000000e+00 0.000000000000000000e+00 0.000000000000000000e+00 0.000000000000000000e+00
9.562797683677158784e+04 6.800661213824947481e+04 4.911829030424168741e+04 3.376612852492336242e+04 2.381431427039267874e+04 1.504443584584204109e+04 1.071356422356867915e+04 1.244836691715574852e+04 2.500850266403067963e+03 1.442146852291409914e+03 4.588377583875268328e+02 1.355212405592126572e+02 9.413153077647043787e+00 0.000000000000000000e+00 0.000000000000000000e+00 0.000000000000000000e+00 0.000000000000000000e+00 0.000000000000000000e+00 0.000000000000000000e+00 0.000000000000000000e+00
4.620206693405362603e+04 3.373481112276694330e+04 2.405956567431438816e+04 1.547822397539903614e+04 1.080779653768019671e+04 8.324371641028252270e+03 4.902085956740876100e+03 2.500850266403067963e+03 4.920310018558731826e+03 6.429485224948924724e+02 2.449794794445053014e+02 2.423711805201210723e+01 5.049843726487700302e+00 0.000000000000000000e+00 0.000000000000000000e+00 0.000000000000000000e+00 0.000000000000000000e+00 0.000000000000000000e+00 0.000000000000000000e+00 0.000000000000000000e+00
2.469167851533291469e+04 1.658905758807982420e+04 1.264685924982260258e+04 7.571294155683848658e+03 5.722122124858820825e+03 3.572611058705937921e+03 2.739935279793993686e+03 1.442146852291409914e+03 6.429485224948924724e+02 1.619748841369518459e+03 1.492688472702574813e+02 4.775157391597918632e+01 2.999073211916508441e+00 0.000000000000000000e+00 0.000000000000000000e+00 0.000000000000000000e+00 0.000000000000000000e+00 0.000000000000000000e+00 0.000000000000000000e+00 0.000000000000000000e+00
7.190807788867509771e+03 5.144457640679446740e+03 3.771643477325027106e+03 2.391490707020086120e+03 1.726989001569579386e+03 1.371198474585964959e+03 7.847368923968539320e+02 4.588377583875268328e+02 2.449794794445053014e+02 1.492688472702574813e+02 3.534970142439150322e+02 1.683656773840225185e+01 1.499191039576313722e+00 0.000000000000000000e+00 0.000000000000000000e+00 0.000000000000000000e+00 0.000000000000000000e+00 0.000000000000000000e+00 0.000000000000000000e+00 0.000000000000000000e+00
2.152648765729062688e+03 1.371889543860131880e+03 7.654031370843836157e+02 7.613128293177753676e+02 5.223496287239709090e+02 4.585645815402168637e+02 1.948209333821145890e+02 1.355212405592126572e+02 2.423711805201210723e+01 4.775157391597918632e+01 1.683656773840225185e+01 6.402949509603703859e+01 5.258128715114727125e-01 0.000000000000000000e+00 0.000000000000000000e+00 0.000000000000000000e+00 0.000000000000000000e+00 0.000000000000000000e+00 0.000000000000000000e+00 0.000000000000000000e+00
1.365148191074957253e+02 5.947814833992595140e+01 8.034927910802885265e+01 1.098075974566069846e+02 5.649568655630701386e+01 3.881968478629381281e+01 -5.095199783696331863e+00 9.413153077647043787e+00 5.049843726487700302e+00 2.999073211916508441e+00 1.499191039576313722e+00 5.258128715114727125e-01 3.986271253853344021e+00 0.000000000000000000e+00 0.000000000000000000e+00 0.000000000000000000e+00 0.000000000000000000e+00 0.000000000000000000e+00 0.000000000000000000e+00 0.000000000000000000e+00
0.000000000000000000e+00 0.000000000000000000e+00 0.000000000000000000e+00 0.000000000000000000e+00 0.000000000000000000e+00 0.000000000000000000e+00 0.000000000000000000e+00 0.000000000000000000e+00 0.000000000000000000e+00 0.000000000000000000e+00 0.000000000000000000e+00 0.000000000000000000e+00 0.000000000000000000e+00 0.000000000000000000e+00 0.000000000000000000e+00 0.000000000000000000e+00 0.000000000000000000e+00 0.000000000000000000e+00 0.000000000000000000e+00 0.000000000000000000e+00
0.000000000000000000e+00 0.000000000000000000e+00 0.000000000000000000e+00 0.000000000000000000e+00 0.000000000000000000e+00 0.000000000000000000e+00 0.000000000000000000e+00 0.000000000000000000e+00 0.000000000000000000e+00 0.000000000000000000e+00 0.000000000000000000e+00 0.000000000000000000e+00 0.000000000000000000e+00 0.000000000000000000e+00 0.000000000000000000e+00 0.000000000000000000e+00 0.000000000000000000e+00 0.000000000000000000e+00 0.000000000000000000e+00 0.000000000000000000e+00
0.000000000000000000e+00 0.000000000000000000e+00 0.000000000000000000e+00 0.000000000000000000e+00 0.000000000000000000e+00 0.000000000000000000e+00 0.000000000000000000e+00 0.000000000000000000e+00 0.000000000000000000e+00 0.000000000000000000e+00 0.000000000000000000e+00 0.000000000000000000e+00 0.000000000000000000e+00 0.000000000000000000e+00 0.000000000000000000e+00 0.000000000000000000e+00 0.000000000000000000e+00 0.000000000000000000e+00 0.000000000000000000e+00 0.000000000000000000e+00
0.000000000000000000e+00 0.000000000000000000e+00 0.000000000000000000e+00 0.000000000000000000e+00 0.000000000000000000e+00 0.000000000000000000e+00 0.000000000000000000e+00 0.000000000000000000e+00 0.000000000000000000e+00 0.000000000000000000e+00 0.000000000000000000e+00 0.000000000000000000e+00 0.000000000000000000e+00 0.000000000000000000e+00 0.000000000000000000e+00 0.000000000000000000e+00 0.000000000000000000e+00 0.000000000000000000e+00 0.000000000000000000e+00 0.000000000000000000e+00
0.000000000000000000e+00 0.000000000000000000e+00 0.000000000000000000e+00 0.000000000000000000e+00 0.000000000000000000e+00 0.000000000000000000e+00 0.000000000000000000e+00 0.000000000000000000e+00 0.000000000000000000e+00 0.000000000000000000e+00 0.000000000000000000e+00 0.000000000000000000e+00 0.000000000000000000e+00 0.000000000000000000e+00 0.000000000000000000e+00 0.000000000000000000e+00 0.000000000000000000e+00 0.000000000000000000e+00 0.000000000000000000e+00 0.000000000000000000e+00
0.000000000000000000e+00 0.000000000000000000e+00 0.000000000000000000e+00 0.000000000000000000e+00 0.000000000000000000e+00 0.000000000000000000e+00 0.000000000000000000e+00 0.000000000000000000e+00 0.000000000000000000e+00 0.000000000000000000e+00 0.000000000000000000e+00 0.000000000000000000e+00 0.000000000000000000e+00 0.000000000000000000e+00 0.000000000000000000e+00 0.000000000000000000e+00 0.000000000000000000e+00 0.000000000000000000e+00 0.000000000000000000e+00 0.000000000000000000e+00
0.000000000000000000e+00 0.000000000000000000e+00 0.000000000000000000e+00 0.000000000000000000e+00 0.000000000000000000e+00 0.000000000000000000e+00 0.000000000000000000e+00 0.000000000000000000e+00 0.000000000000000000e+00 0.000000000000000000e+00 0.000000000000000000e+00 0.000000000000000000e+00 0.000000000000000000e+00 0.000000000000000000e+00 0.000000000000000000e+00 0.000000000000000000e+00 0.000000000000000000e+00 0.000000000000000000e+00 0.000000000000000000e+00 0.000000000000000000e+00
