1.561346483323734254e+06 8.360692452004509978e+05 5.147891657891186187e+05 3.142971571340325754e+05 1.735827783747657668e+05 8.955155900904363079e+04 3.503103054905492900e+04 1.167031609100693640e+04 4.744785750667231696e+03 3.682848641050998140e+02 1.170034734854543501e+02
8.360692452004509978e+05 6.560164288586145267e+05 3.184529451404249994e+05 2.009207285817571683e+05 1.134998241581424663e+05 5.740792524538522412e+04 2.120384428674783339e+04 7.362301216676965851e+03 2.969270981652099636e+03 2.820185278089388135e+02 4.632139123241582723e+01
5.147891657891186187e+05 3.184529451404249994e+05 2.630879022676245659e+05 1.223292726973512908e+05 6.649387868460423488e+04 3.342932295756389794e+04 1.406698142240821471e+04 4.790114988837334749e+03 1.595829182639741930e+03 2.369324259634564669e+02 2.092541005895275674e+01
3.142971571340325754e+05 2.009207285817571683e+05 1.223292726973512908e+05 1.106164783376226260e+05 4.162549549059395213e+04 2.145165510242409073e+04 8.114498336020284114e+03 2.912906491626343268e+03 1.194485621608338988e+03 1.642621160304945818e+02 8.109772863921092423e+00
1.735827783747657668e+05 1.134998241581424663e+05 6.649387868460423488e+04 4.162549549059395213e+04 3.975645166799840081e+04 1.209953405509340701e+04 4.696032996197034663e+03 1.985035535249839768e+03 7.890283508411583853e+02 8.558006441457931146e+01 3.370967482508012836e+01
8.955155900904363079e+04 5.740792524538522412e+04 3.342932295756389794e+04 2.145165510242409073e+04 1.209953405509340701e+04 1.423628861715566563e+04 2.380388923143006195e+03 1.042329341569653707e+03 1.352249723308342482e+02 4.541355157187870617e+01 1.458033631917823136e+01
3.503103054905492900e+04 2.120384428674783339e+04 1.406698142240821471e+04 8.114498336020284114e+03 4.696032996197034663e+03 2.380388923143006195e+03 3.773411039326619175e+03 2.948341650039567412e+02 1.343230150007096029e+02 3.186850540554051392e+01 9.403885554972617911e+00
1.167031609100693640e+04 7.362301216676965851e+03 4.790114988837334749e+03 2.912906491626343268e+03 1.985035535249839768e+03 1.042329341569653707e+03 2.948341650039567412e+02 9.436748174217652831e+02 3.893710578620559204e+01 2.435284791341824739e+00 1.992149233497047867e+00
4.744785750667231696e+03 2.969270981652099636e+03 1.595829182639741930e+03 1.194485621608338988e+03 7.890283508411583853e+02 1.352249723308342482e+02 1.343230150007096029e+02 3.893710578620559204e+01 2.124207551288482705e+02 -7.941146058723725920e-01 -1.435288620984140895e+00
3.682848641050998140e+02 2.820185278089388135e+02 2.369324259634564669e+02 1.642621160304945818e+02 8.558006441457931146e+01 4.541355157187870617e+01 3.186850540554051392e+01 2.435284791341824739e+00 -7.941146058723725920e-01 1.836659632890498628e+01 -1.490190371513589462e-01
1.170034734854543501e+02 4.632139123241582723e+01 2.092541005895275674e+01 8.109772863921092423e+00 3.370967482508012836e+01 1.458033631917823136e+01 9.403885554972617911e+00 1.992149233497047867e+00 -1.435288620984140895e+00 -1.490190371513589462e-01 3.984298466994228516e+00
