1.786232087473724037e+06 1.024450330591536011e+06 6.408286208444829099e+05 3.890676827471046126e+05 2.207722751717503997e+05 1.293035003113371204e+05 5.308258338203340099e+04 2.283420473989955281e+04 7.799390308055375499e+03 1.245352234397851589e+03 1.812211359157384152e+02
1.024450330591536011e+06 8.258451808323988225e+05 4.081989092803440872e+05 2.594522138118826260e+05 1.488681939428668411e+05 8.974012549429092905e+04 3.515378139014961198e+04 1.505951490336430834e+04 4.655823018585013415e+03 7.397053730219064391e+02 2.205309789244643355e+02
6.408286208444829099e+05 4.081989092803440872e+05 3.370909557445602841e+05 1.572816498959184391e+05 9.256718871599074919e+04 5.390546989550629223e+04 2.232599128879600903e+04 9.588761691054376570e+03 3.090027832382516408e+03 5.490052892375737201e+02 9.811697845413132768e+01
3.890676827471046126e+05 2.594522138118826260e+05 1.572816498959184391e+05 1.484819811369530507e+05 5.835956058661301358e+04 3.286940844178095722e+04 1.375094557989776513e+04 5.591739002403053746e+03 2.134973710358511653e+03 2.496221935027825509e+02 7.495608186437489451e+01
2.207722751717503997e+05 1.488681939428668411e+05 9.256718871599074919e+04 5.835956058661301358e+04 5.515459851265192265e+04 2.008452911791194128e+04 8.776757125423149773e+03 3.694941526394346965e+03 1.592939642587464959e+03 1.747198903106459227e+02 8.257231251334134470e+01
1.293035003113371204e+05 8.974012549429092905e+04 5.390546989550629223e+04 3.286940844178095722e+04 2.008452911791194128e+04 2.148828195689405038e+04 5.004683427082982234e+03 2.264551895373894240e+03 6.877324944345978111e+02 7.325474788527665737e+01 3.718085825696845603e+01
5.308258338203340099e+04 3.515378139014961198e+04 2.232599128879600903e+04 1.375094557989776513e+04 8.776757125423149773e+03 5.004683427082982234e+03 5.920975845451341229e+03 9.484203242958780038e+02 3.250847763697994992e+02 5.580688285072756827e+01 2.466045724176289156e+01
2.283420473989955281e+04 1.505951490336430834e+04 9.588761691054376570e+03 5.591739002403053746e+03 3.694941526394346965e+03 2.264551895373894240e+03 9.484203242958780038e+02 1.809023816147373282e+03 1.271018493859849059e+02 1.086060160221314019e+00 5.121943556977399226e+00
7.799390308055375499e+03 4.655823018585013415e+03 3.090027832382516408e+03 2.134973710358511653e+03 1.592939642587464959e+03 6.877324944345978111e+02 3.250847763697994992e+02 1.271018493859849059e+02 4.202499381565210115e+02 2.461737828056618227e-01 1.621877893353498301e+00
1.245352234397851589e+03 7.397053730219064391e+02 5.490052892375737201e+02 2.496221935027825509e+02 1.747198903106459227e+02 7.325474788527665737e+01 5.580688285072756827e+01 1.086060160221314019e+00 2.461737828056618227e-01 5.663524202658418716e+01 -9.284800646512960665e-01
1.812211359157384152e+02 2.205309789244643355e+02 9.811697845413132768e+01 7.495608186437489451e+01 8.257231251334134470e+01 3.718085825696845603e+01 2.466045724176289156e+01 5.121943556977399226e+00 1.621877893353498301e+00 -9.284800646512960665e-01 7.927025670910640365e+00
