1.315200573292680201e+04 1.386329543081371867e+03 3.471706892898006913e+02 6.310025885983986882e+01 8.796572582630973969e+00 6.031240863287597176e-02
1.386329543081371867e+03 2.535149899459845528e+03 1.710338919689057491e+02 2.329586342930733878e+01 4.012392641700742502e+00 -8.047291873786972527e-01
3.471706892898006913e+02 1.710338919689057491e+02 5.100550355878342543e+02 -5.987814125160952072e-03 -3.503621003923471644e+00 1.768874199129285008e-01
6.310025885983986882e+01 2.329586342930733878e+01 -5.987814125160952072e-03 7.507754212019472106e+01 8.001565491023006071e-01 -1.367019367961812559e-01
8.796572582630973969e+00 4.012392641700742502e+00 -3.503621003923471644e+00 8.001565491023006071e-01 8.969838807490026156e+00 -1.779394781188534808e-02
6.031240863287597176e-02 -8.047291873786972527e-01 1.768874199129285008e-01 -1.367019367961812559e-01 -1.779394781188534808e-02 1.008106377282585564e+00
