1.918534425220381003e+06 1.170623383580748690e+06 7.935422315937436651e+05 4.855906109427991323e+05 3.440691686076454353e+05 1.908611984788595000e+05 1.012484749981827190e+05 5.031038772063473880e+04 2.109737802780967831e+04 7.174599974723980267e+03 1.109383986734199425e+03 -2.064305819918579132e+01
1.170623383580748690e+06 9.600980466832765378e+05 5.621087061400329694e+05 3.378883060037113028e+05 2.400533885210208246e+05 1.366751471693173808e+05 7.022657419357242179e+04 3.400976191114397807e+04 1.408700879668733251e+04 4.528623833395278780e+03 1.057166539650219420e+03 1.120152572945244174e+02
7.935422315937436651e+05 5.621087061400329694e+05 4.912602284457883798e+05 2.301871027760945435e+05 1.629385250209607184e+05 8.632205372987728333e+04 5.077921729772815161e+04 2.304464508024982933e+04 9.636504271965382941e+03 3.806718754906706181e+03 7.205266523948462236e+02 4.138023368476566333e+01
4.855906109427991323e+05 3.378883060037113028e+05 2.301871027760945435e+05 1.981688410813265073e+05 1.031606088518307224e+05 5.664756345142477949e+04 3.045817355172527459e+04 1.390040166819196747e+04 5.633547052898566108e+03 2.125011469778365154e+03 4.669786037890346506e+02 2.735675797810132792e+01
3.440691686076454353e+05 2.400533885210208246e+05 1.629385250209607184e+05 1.031606088518307224e+05 1.060793251251313486e+05 4.180059285924833239e+04 2.116209542702475665e+04 1.040382486280316152e+04 5.068400197609372299e+03 1.379353541078661465e+03 2.441774962565201577e+02 6.279191639125262014e+01
1.908611984788595000e+05 1.366751471693173808e+05 8.632205372987728333e+04 5.664756345142477949e+04 4.180059285924833239e+04 4.072241659613656520e+04 1.195433853271121370e+04 5.518880825364532939e+03 2.679895619272204385e+03 8.701770596773301349e+02 1.097721286300191821e+02 6.098800173099715494e+01
1.012484749981827190e+05 7.022657419357242179e+04 5.077921729772815161e+04 3.045817355172527459e+04 2.116209542702475665e+04 1.195433853271121370e+04 1.487253127860349741e+04 3.714428912266910174e+03 1.370433967394437559e+03 4.610688224999364024e+02 1.113682009489914293e+02 2.506657067030329955e+01
5.031038772063473880e+04 3.400976191114397807e+04 2.304464508024982933e+04 1.390040166819196747e+04 1.040382486280316152e+04 5.518880825364532939e+03 3.714428912266910174e+03 4.495855331436557208e+03 6.454994887427602634e+02 2.468794466933048852e+02 3.946455474665251728e+01 3.247046388455541610e+00
2.109737802780967831e+04 1.408700879668733251e+04 9.636504271965382941e+03 5.633547052898566108e+03 5.068400197609372299e+03 2.679895619272204385e+03 1.370433967394437559e+03 6.454994887427602634e+02 1.355845787967982233e+03 1.212583591515047630e+02 1.303132264352473868e+01 6.368603061415967659e+00
7.174599974723980267e+03 4.528623833395278780e+03 3.806718754906706181e+03 2.125011469778365154e+03 1.379353541078661465e+03 8.701770596773301349e+02 4.610688224999364024e+02 2.468794466933048852e+02 1.212583591515047630e+02 3.198242653788984740e+02 3.931357493269552528e+00 -1.427445513765674079e+00
1.109383986734199425e+03 1.057166539650219420e+03 7.205266523948462236e+02 4.669786037890346506e+02 2.441774962565201577e+02 1.097721286300191821e+02 1.113682009489914293e+02 3.946455474665251728e+01 1.303132264352473868e+01 3.931357493269552528e+00 4.649197881441936886e+01 -7.686245074122726173e-01
-2.064305819918579132e+01 1.120152572945244174e+02 4.138023368476566333e+01 2.735675797810132792e+01 6.279191639125262014e+01 6.098800173099715494e+01 2.506657067030329955e+01 3.247046388455541610e+00 6.368603061415967659e+00 -1.427445513765674079e+00 -7.686245074122726173e-01 7.905852076240515558e+00
