1.370616798066727351e+06 6.803191789247517008e+05 4.112207075187149458e+05 2.518391806403850787e+05 1.312763443154652196e+05 6.089059033934183390e+04 2.062779551242483285e+04 7.382093297743153016e+03 1.976772821795215123e+03 2.928655450920924750e+02
6.803191789247517008e+05 5.033631056254401337e+05 2.475407343568803626e+05 1.461820382121792063e+05 7.869763586996571394e+04 3.618619867417929345e+04 1.236038403652019952e+04 4.216974046515280861e+03 1.175240597271103979e+03 1.046446972859225752e+02
4.112207075187149458e+05 2.475407343568803626e+05 2.089193489301775699e+05 9.268931954151231912e+04 4.665502132727474236e+04 2.376376781645156007e+04 8.262948747898062720e+03 3.151011462119060525e+03 7.478598810512921773e+02 1.177368040103979894e+02
2.518391806403850787e+05 1.461820382121792063e+05 9.268931954151231912e+04 8.153223481834023551e+04 2.713910390968087813e+04 1.397072296751261092e+04 4.681338934823170348e+03 1.684344529930598355e+03 5.732311380547812405e+02 1.028290179648471110e+02
1.312763443154652196e+05 7.869763586996571394e+04 4.665502132727474236e+04 2.713910390968087813e+04 2.763330593862458409e+04 7.353383603769481851e+03 2.587064602234075210e+03 9.969922602931092115e+02 2.703911213575238435e+02 3.862730305107483275e+01
6.089059033934183390e+04 3.618619867417929345e+04 2.376376781645156007e+04 1.397072296751261092e+04 7.353383603769481851e+03 8.243042941777481246e+03 1.270646114253477663e+03 4.058494261281113040e+02 7.138796190271739306e+01 3.113713565741463185e+01
2.062779551242483285e+04 1.236038403652019952e+04 8.262948747898062720e+03 4.681338934823170348e+03 2.587064602234075210e+03 1.270646114253477663e+03 1.942047464585289617e+03 1.671287717188562851e+02 4.011749342258841011e+01 7.882322754584786928e+00
7.382093297743153016e+03 4.216974046515280861e+03 3.151011462119060525e+03 1.684344529930598355e+03 9.969922602931092115e+02 4.058494261281113040e+02 1.671287717188562851e+02 4.855961795489599240e+02 2.447245529850200896e+01 4.843118707419832303e-01
1.976772821795215123e+03 1.175240597271103979e+03 7.478598810512921773e+02 5.732311380547812405e+02 2.703911213575238435e+02 7.138796190271739306e+01 4.011749342258841011e+01 2.447245529850200896e+01 8.374673810225910131e+01 -1.660777953515802929e+00
2.928655450920924750e+02 1.046446972859225752e+02 1.177368040103979894e+02 1.028290179648471110e+02 3.862730305107483275e+01 3.113713565741463185e+01 7.882322754584786928e+00 4.843118707419832303e-01 -1.660777953515802929e+00 1.080584097027814572e+01
