1.769575731033623917e+06 1.014910350656282622e+06 6.351025283827934181e+05 3.857972653816712555e+05 2.190416425928247627e+05 1.283593942972969526e+05 5.272048021239669470e+04 2.268792865694361535e+04 7.752182580754553783e+03 1.238154991250879220e+03 1.802238541740698281e+02
1.014910350656282622e+06 8.181650462547948118e+05 4.045565988776364829e+05 2.572745784429874038e+05 1.477030902758466545e+05 8.908602022215683246e+04 3.491442245442794956e+04 1.496323331105363104e+04 4.627701195762020689e+03 7.354397334282193697e+02 2.193201518995976471e+02
6.351025283827934181e+05 4.045565988776364829e+05 3.342102127154169721e+05 1.560208780411854968e+05 9.187765526415192289e+04 5.353291450235959201e+04 2.218241022564971354e+04 9.531080927608400089e+03 3.072531926220309288e+03 5.460469828355257960e+02 9.761538354859425226e+01
3.857972653816712555e+05 2.572745784429874038e+05 1.560208780411854968e+05 1.473704670371221437e+05 5.795579762864361692e+04 3.265968451731710957e+04 1.366981351450047805e+04 5.561072654286360375e+03 2.124019940399706229e+03 2.484097989379953049e+02 7.461274558378808308e+01
2.190416425928247627e+05 1.477030902758466545e+05 9.187765526415192289e+04 5.795579762864361692e+04 5.480431694706324197e+04 1.996778625185269993e+04 8.729960421815470909e+03 3.676778051111980858e+03 1.585672689102760160e+03 1.739706732869341010e+02 8.224107145786965134e+01
1.283593942972969526e+05 8.908602022215683246e+04 5.353291450235959201e+04 3.265968451731710957e+04 1.996778625185269993e+04 2.137495366759225362e+04 4.980695926640005382e+03 2.254640714683036094e+03 6.849659666196166654e+02 7.298014082718188433e+01 3.705176884018888472e+01
5.272048021239669470e+04 3.491442245442794956e+04 2.218241022564971354e+04 1.366981351450047805e+04 8.729960421815470909e+03 4.980695926640005382e+03 5.895445598895921648e+03 9.447259595544251169e+02 3.239336095702279863e+02 5.562456320189157566e+01 2.458671966952986310e+01
2.268792865694361535e+04 1.496323331105363104e+04 9.531080927608400089e+03 5.561072654286360375e+03 3.676778051111980858e+03 2.254640714683036094e+03 9.447259595544251169e+02 1.802731019879193127e+03 1.267047505687021243e+02 1.082964901402485136e+00 5.108764734517837525e+00
7.752182580754553783e+03 4.627701195762020689e+03 3.072531926220309288e+03 2.124019940399706229e+03 1.585672689102760160e+03 6.849659666196166654e+02 3.239336095702279863e+02 1.267047505687021243e+02 4.190859178894873480e+02 2.455594653432856544e-01 1.618279939252589950e+00
1.238154991250879220e+03 7.354397334282193697e+02 5.460469828355257960e+02 2.484097989379953049e+02 1.739706732869341010e+02 7.298014082718188433e+01 5.562456320189157566e+01 1.082964901402485136e+00 2.455594653432856544e-01 5.650945395670936477e+01 -9.266752200018620877e-01
1.802238541740698281e+02 2.193201518995976471e+02 9.761538354859425226e+01 7.461274558378808308e+01 8.224107145786965134e+01 3.705176884018888472e+01 2.458671966952986310e+01 5.108764734517837525e+00 1.618279939252589950e+00 -9.266752200018620877e-01 7.913814156169139302e+00
