1.808841745305658318e+06 1.075338624959213426e+06 7.007933063981730957e+05 4.295780548634222359e+05 2.697471355884610093e+05 1.628188823418909160e+05 7.256756130682249204e+04 3.491085061714443145e+04 1.263760062193379417e+04 2.765556075535668242e+03 6.253074092087617828e+02 7.568206310485727784e+01
1.075338624959213426e+06 8.886593241906303447e+05 4.833195196403150912e+05 2.920337502383767278e+05 1.853845723936290015e+05 1.087838265325204848e+05 5.232497216232684150e+04 2.340717702521067622e+04 7.858999314493757993e+03 1.780791219396253155e+03 5.568527694056965629e+02 1.422347494075063778e+01
7.007933063981730957e+05 4.833195196403150912e+05 4.053349163338337676e+05 1.930054314436614513e+05 1.245267191838272556e+05 7.443380906170001253e+04 3.404766176600140170e+04 1.536483919715452612e+04 5.822167899173520709e+03 1.398996603107448664e+03 4.017788534817640880e+02 7.943106835529422938e+01
4.295780548634222359e+05 2.920337502383767278e+05 1.930054314436614513e+05 1.688612964564236463e+05 8.005647380332813191e+04 4.326401470582374895e+04 2.084656722362317669e+04 8.818558384810068674e+03 3.209636727800481822e+03 7.396971672136514826e+02 1.822659686505434706e+02 3.499202285530360257e+01
2.697471355884610093e+05 1.853845723936290015e+05 1.245267191838272556e+05 8.005647380332813191e+04 7.739044087606454559e+04 3.125696264949793840e+04 1.406814220227326223e+04 5.879671600522266090e+03 2.467445452491341712e+03 5.956016406187000030e+02 1.583523347413606359e+02 3.239987591959189928e+01
1.628188823418909160e+05 1.087838265325204848e+05 7.443380906170001253e+04 4.326401470582374895e+04 3.125696264949793840e+04 3.085864260629963974e+04 8.691527498745330377e+03 3.916110492836598041e+03 1.623907506481635210e+03 3.043047169702842893e+02 6.296446475005654975e+01 1.723914966624618472e+01
7.256756130682249204e+04 5.232497216232684150e+04 3.404766176600140170e+04 2.084656722362317669e+04 1.406814220227326223e+04 8.691527498745330377e+03 9.767672397087411809e+03 1.761538351951753384e+03 7.425579405715980101e+02 1.111172215179901457e+02 4.654099823453358198e+01 1.238426629799942447e+01
3.491085061714443145e+04 2.340717702521067622e+04 1.536483919715452612e+04 8.818558384810068674e+03 5.879671600522266090e+03 3.916110492836598041e+03 1.761538351951753384e+03 2.965565113491498323e+03 2.082933199551222003e+02 9.090553421593961048e+01 1.312936148375727541e+01 7.843107218395761748e-03
1.263760062193379417e+04 7.858999314493757993e+03 5.822167899173520709e+03 3.209636727800481822e+03 2.467445452491341712e+03 1.623907506481635210e+03 7.425579405715980101e+02 2.082933199551222003e+02 8.106145426832847534e+02 3.325673538321249367e+01 -8.078400435047083938e-01 3.533319801930885351e+00
2.765556075535668242e+03 1.780791219396253155e+03 1.398996603107448664e+03 7.396971672136514826e+02 5.956016406187000030e+02 3.043047169702842893e+02 1.111172215179901457e+02 9.090553421593961048e+01 3.325673538321249367e+01 1.427269043853232233e+02 -5.098019692020165916e-01 -5.529390589037267434e-01
6.253074092087617828e+02 5.568527694056965629e+02 4.017788534817640880e+02 1.822659686505434706e+02 1.583523347413606359e+02 6.296446475005654975e+01 4.654099823453358198e+01 1.312936148375727541e+01 -8.078400435047083938e-01 -5.098019692020165916e-01 1.929404375749173539e+01 -7.843107218492577359e-02
7.568206310485727784e+01 1.422347494075063778e+01 7.943106835529422938e+01 3.499202285530360257e+01 3.239987591959189928e+01 1.723914966624618472e+01 1.238426629799942447e+01 7.843107218395761748e-03 3.533319801930885351e+00 -5.529390589037267434e-01 -7.843107218492577359e-02 1.999992340715606831e+00
