2.029985416048442479e+06 1.260655483886742499e+06 8.744670393265619641e+05 5.454540601177031640e+05 3.757438100497314008e+05 2.220779808900755015e+05 1.411222928833776386e+05 6.088954132375173504e+04 3.179187628723932721e+04 1.155657731090100788e+04 4.676674246805500843e+03 6.982326201163701285e+00
1.260655483886742499e+06 1.050414234136627754e+06 6.200657234002371551e+05 3.940648359649203485e+05 2.683665114640223328e+05 1.624438249547068845e+05 1.043122534610390430e+05 4.491474759977072245e+04 2.214731714415962779e+04 8.132574737381755767e+03 2.736650303881990567e+03 1.990286495532898243e+02
8.744670393265619641e+05 6.200657234002371551e+05 5.569562905779024586e+05 2.702667139908169629e+05 1.876291128174192854e+05 1.115013925957636093e+05 7.187234828297980130e+04 3.233591930177848917e+04 1.565125378655848544e+04 6.098106058110719459e+03 2.608911577391253559e+03 7.721931211966695230e+01
5.454540601177031640e+05 3.940648359649203485e+05 2.702667139908169629e+05 2.446333847066929447e+05 1.172912292462048645e+05 7.225418603635451291e+04 4.549862575587521860e+04 2.063512881767375802e+04 9.197980461165403540e+03 3.808056004687296991e+03 1.458292454455938696e+03 5.745076037545648262e+01
3.757438100497314008e+05 2.683665114640223328e+05 1.876291128174192854e+05 1.172912292462048645e+05 1.216715163927765097e+05 5.127623500216082903e+04 3.244931690672125114e+04 1.314491240459345863e+04 7.400718716610190313e+03 2.759673745121863703e+03 8.925985424381544817e+02 1.828032214950105327e+01
2.220779808900755015e+05 1.624438249547068845e+05 1.115013925957636093e+05 7.225418603635451291e+04 5.127623500216082903e+04 5.182596623021216510e+04 2.044447856740724092e+04 8.920538386418236769e+03 4.607943137472600938e+03 1.807875429398550295e+03 5.649311698407857421e+02 5.255666147111723774e+01
1.411222928833776386e+05 1.043122534610390430e+05 7.187234828297980130e+04 4.549862575587521860e+04 3.244931690672125114e+04 2.044447856740724092e+04 2.239092405436646732e+04 6.213660517537929991e+03 2.323734238150266719e+03 1.093782085699743902e+03 2.328206770041551579e+02 4.292336503000758796e+01
6.088954132375173504e+04 4.491474759977072245e+04 3.233591930177848917e+04 2.063512881767375802e+04 1.314491240459345863e+04 8.920538386418236769e+03 6.213660517537929991e+03 7.099202224256073350e+03 1.414914189207314848e+03 5.393606795316977696e+02 1.837149827091629390e+02 3.229399397213744916e+00
3.179187628723932721e+04 2.214731714415962779e+04 1.565125378655848544e+04 9.197980461165403540e+03 7.400718716610190313e+03 4.607943137472600938e+03 2.323734238150266719e+03 1.414914189207314848e+03 2.272459924709284223e+03 2.490441442855979801e+02 9.024475243278023129e+01 2.935282876521077444e+00
1.155657731090100788e+04 8.132574737381755767e+03 6.098106058110719459e+03 3.808056004687296991e+03 2.759673745121863703e+03 1.807875429398550295e+03 1.093782085699743902e+03 5.393606795316977696e+02 2.490441442855979801e+02 6.414857786236862012e+02 3.890769413413647726e+01 9.999961703572557425e-02
4.676674246805500843e+03 2.736650303881990567e+03 2.608911577391253559e+03 1.458292454455938696e+03 8.925985424381544817e+02 5.649311698407857421e+02 2.328206770041551579e+02 1.837149827091629390e+02 9.024475243278023129e+01 3.890769413413647726e+01 1.370328085446976445e+02 -3.296065808571506217e+00
6.982326201163701285e+00 1.990286495532898243e+02 7.721931211966695230e+01 5.745076037545648262e+01 1.828032214950105327e+01 5.255666147111723774e+01 4.292336503000758796e+01 3.229399397213744916e+00 2.935282876521077444e+00 9.999961703572557425e-02 -3.296065808571506217e+00 1.649993681090375475e+01
