1.258736355942338560e+04 1.335826256792847744e+03 3.360967520804699689e+02 6.128211825169603344e+01 8.560751528985310443e+00 5.882330413848985140e-02
1.335826256792847744e+03 2.459392542154714647e+03 1.667032831522539027e+02 2.277834413930572310e+01 3.931357493269624470e+00 -7.901930522631177567e-01
3.360967520804699689e+02 1.667032831522539027e+02 4.994784793256906141e+02 -5.882330413975012107e-03 -3.449006399332162687e+00 1.745091356114696346e-01
6.128211825169603344e+01 2.277834413930572310e+01 -5.882330413975012107e-03 7.398991272245433493e+01 7.901930522631267495e-01 -1.352935995189969987e-01
8.560751528985310443e+00 3.931357493269624470e+00 -3.449006399332162687e+00 7.901930522631267495e-01 8.876436594528971824e+00 -1.764699124160831051e-02
5.882330413848985140e-02 -7.901930522631177567e-01 1.745091356114696346e-01 -1.352935995189969987e-01 -1.764699124160831051e-02 1.001956947162428113e+00
