1.327539911649847272e+04 1.399363461212274842e+03 3.503092785769867987e+02 6.363813932625472347e+01 8.867027439416379053e+00 6.074774484219582632e-02
1.399363461212274842e+03 2.559034550550682525e+03 1.725834798824717211e+02 2.349489985332710518e+01 4.044608046567122805e+00 -8.105535180191445477e-01
3.503092785769867987e+02 1.725834798824717211e+02 5.144919926885038421e+02 -6.036811765270812431e-03 -3.530487472054553155e+00 1.781038987002092344e-01
6.363813932625472347e+01 2.349489985332710518e+01 -6.036811765270812431e-03 7.565316705370709371e+01 8.058797834873995258e-01 -1.375716322327658891e-01
8.867027439416379053e+00 4.044608046567122805e+00 -3.530487472054553155e+00 8.058797834873995258e-01 9.029384876736150645e+00 -1.789801074562997682e-02
6.074774484219582632e-02 -8.105535180191445477e-01 1.781038987002092344e-01 -1.375716322327658891e-01 -1.789801074562997682e-02 1.013205968774627097e+00
