2.138950162189577240e+06 1.319392575577214826e+06 9.106708241371435579e+05 5.659423247598670423e+05 3.887891535280270618e+05 2.293228034877824830e+05 1.455044176159712370e+05 6.271054212207486125e+04 3.271471276745090654e+04 1.188467180226787968e+04 4.807274383439978010e+03 7.174556454098984126e+00
1.319392575577214826e+06 1.091963413874995662e+06 6.413950056517750490e+05 4.061173551604005625e+05 2.758166613546359586e+05 1.666152771955765202e+05 1.068281612714012008e+05 4.594694990780740773e+04 2.263695186182159159e+04 8.307223557839413843e+03 2.794158044459106350e+03 2.031329567080534844e+02
9.106708241371435579e+05 6.413950056517750490e+05 5.732569418956021545e+05 2.771512155352650443e+05 1.918813482479756931e+05 1.137973802993829740e+05 7.324072259551758179e+04 3.291495727104780963e+04 1.591791994100434931e+04 6.198165496830374650e+03 2.650521805072828556e+03 7.842076636206645901e+01
5.659423247598670423e+05 4.061173551604005625e+05 2.771512155352650443e+05 2.499401164045540791e+05 1.195072055565748451e+05 7.347016294646741881e+04 4.619394812119684502e+04 2.092720771281529596e+04 9.320209668459117893e+03 3.856270933513404088e+03 1.476089419596841481e+03 5.812954878250791779e+01
3.887891535280270618e+05 2.758166613546359586e+05 1.918813482479756931e+05 1.195072055565748451e+05 1.236305451351514348e+05 5.199629862701592356e+04 3.285493949365416483e+04 1.329444179368158620e+04 7.478515665617100240e+03 2.786956973107678550e+03 9.010160389963691614e+02 1.844562289868489202e+01
2.293228034877824830e+05 1.666152771955765202e+05 1.137973802993829740e+05 7.347016294646741881e+04 5.199629862701592356e+04 5.244730106679205346e+04 2.065811010595192784e+04 9.003739337432563843e+03 4.646950618945961651e+03 1.822050714860296694e+03 5.691035865307983386e+02 5.292449068364392417e+01
1.455044176159712370e+05 1.068281612714012008e+05 7.324072259551758179e+04 4.619394812119684502e+04 3.285493949365416483e+04 2.065811010595192784e+04 2.259047585162534961e+04 6.262073803485853205e+03 2.339840296098127965e+03 1.100681272980243193e+03 2.341834208490937215e+02 4.315801799723267607e+01
6.271054212207486125e+04 4.594694990780740773e+04 3.291495727104780963e+04 2.092720771281529596e+04 1.329444179368158620e+04 9.003739337432563843e+03 6.262073803485853205e+03 7.146567581579699436e+03 1.423138469907299850e+03 5.421598486076878771e+02 1.845850280358152702e+02 3.243446865427038528e+00
3.271471276745090654e+04 2.263695186182159159e+04 1.591791994100434931e+04 9.320209668459117893e+03 7.478515665617100240e+03 4.646950618945961651e+03 2.339840296098127965e+03 1.423138469907299850e+03 2.283717547675375044e+03 2.501229273755686791e+02 9.059473368213127742e+01 2.945534324682919536e+00
1.188467180226787968e+04 8.307223557839413843e+03 6.198165496830374650e+03 3.856270933513404088e+03 2.786956973107678550e+03 1.822050714860296694e+03 1.100681272980243193e+03 5.421598486076878771e+02 2.501229273755686791e+02 6.438655862633039533e+02 3.903439928079214383e+01 1.002867312364263963e-01
4.807274383439978010e+03 2.794158044459106350e+03 2.650521805072828556e+03 1.476089419596841481e+03 9.010160389963691614e+02 5.691035865307983386e+02 2.341834208490937215e+02 1.845850280358152702e+02 9.059473368213127742e+01 3.903439928079214383e+01 1.374169776858069838e+02 -3.304036527634738540e+00
7.174556454098984126e+00 2.031329567080534844e+02 7.842076636206645901e+01 5.812954878250791779e+01 1.844562289868489202e+01 5.292449068364392417e+01 4.315801799723267607e+01 3.243446865427038528e+00 2.945534324682919536e+00 1.002867312364263963e-01 -3.304036527634738540e+00 1.653348398501137595e+01
