2.002657160783803789e+06 1.213755294455092633e+06 8.190220977861227002e+05 4.996021073431016412e+05 3.532280460256813676e+05 1.956505184117870813e+05 1.036820110067200003e+05 5.148364911894370016e+04 2.157863222667991795e+04 7.335808417566312528e+03 1.134052106366781800e+03 -2.109864535161398180e+01
1.213755294455092633e+06 9.887954498096760362e+05 5.762657624341488117e+05 3.453059589091037633e+05 2.447902931384709373e+05 1.391649402352124453e+05 7.143208643267696607e+04 3.456942691360710160e+04 1.431169739915391619e+04 4.599318314766780531e+03 1.073424383684910481e+03 1.137194228072093125e+02
8.190220977861227002e+05 5.762657624341488117e+05 5.013323669984561275e+05 2.341658347568170866e+05 1.653947671570785460e+05 8.749307578684554028e+04 5.141495825584301201e+04 2.331686964855488259e+04 9.745486187893808165e+03 3.848483637480520883e+03 7.282654894157112722e+02 4.181788246023421607e+01
4.996021073431016412e+05 3.453059589091037633e+05 2.341658347568170866e+05 2.009584717825413391e+05 1.043855266588810191e+05 5.723498326022605761e+04 3.074225691662516692e+04 1.402025706358460957e+04 5.679293637738674988e+03 2.141551569064993146e+03 4.705058941114893400e+02 2.755891609779880724e+01
3.532280460256813676e+05 2.447902931384709373e+05 1.653947671570785460e+05 1.043855266588810191e+05 1.071056986210835312e+05 4.214229736212953139e+04 2.131306941248594376e+04 1.047073334264497680e+04 5.098456720623044930e+03 1.387069724806859313e+03 2.454873752219630205e+02 6.311850187883540997e+01
1.956505184117870813e+05 1.391649402352124453e+05 8.749307578684554028e+04 5.723498326022605761e+04 4.214229736212953139e+04 4.099427817934074847e+04 1.202172576666344867e+04 5.546116888921545069e+03 2.691780559193753106e+03 8.737441155442204490e+02 1.101969431812084963e+02 6.121407397381257454e+01
1.036820110067200003e+05 7.143208643267696607e+04 5.141495825584301201e+04 3.074225691662516692e+04 2.131306941248594376e+04 1.202172576666344867e+04 1.494093314912954884e+04 3.728907571965675743e+03 1.375091042412417210e+03 4.624810638106774832e+02 1.116838125151264762e+02 2.513352296337201608e+01
5.148364911894370016e+04 3.456942691360710160e+04 2.331686964855488259e+04 1.402025706358460957e+04 1.047073334264497680e+04 5.546116888921545069e+03 3.728907571965675743e+03 4.510229398940263309e+03 6.472409358151352308e+02 2.474627703139064749e+02 3.954876899461612538e+01 3.253446535703909959e+00
2.157863222667991795e+04 1.431169739915391619e+04 9.745486187893808165e+03 5.679293637738674988e+03 5.098456720623044930e+03 2.691780559193753106e+03 1.375091042412417210e+03 6.472409358151352308e+02 1.358826918766378185e+03 1.214843664738337026e+02 1.305263012257435662e+01 6.377979711702375987e+00
7.335808417566312528e+03 4.599318314766780531e+03 3.848483637480520883e+03 2.141551569064993146e+03 1.387069724806859313e+03 8.737441155442204490e+02 4.624810638106774832e+02 2.474627703139064749e+02 1.214843664738337026e+02 3.203133043911139453e+02 3.936469873206668524e+00 -1.429069507881192358e+00
1.134052106366781800e+03 1.073424383684910481e+03 7.282654894157112722e+02 4.705058941114893400e+02 2.454873752219630205e+02 1.101969431812084963e+02 1.116838125151264762e+02 3.954876899461612538e+01 1.305263012257435662e+01 3.936469873206668524e+00 4.654180832541577217e+01 -7.693232686518262087e-01
-2.109864535161398180e+01 1.137194228072093125e+02 4.181788246023421607e+01 2.755891609779880724e+01 6.311850187883540997e+01 6.121407397381257454e+01 2.513352296337201608e+01 3.253446535703909959e+00 6.377979711702375987e+00 -1.429069507881192358e+00 -7.693232686518262087e-01 7.911753410569456690e+00
