2.019565640308971051e+05 6.807947713948777528e+04 2.857721599514435729e+04 1.099980217668973819e+04 2.295084660571514632e+03 2.452482996911961948e+02 3.600388423771039470e+01
6.807947713948777528e+04 5.554436309132169117e+04 1.405580032367997956e+04 5.922875735210940547e+03 1.210784109989121816e+03 1.945702238455849056e+02 -2.443648893367883090e+01
2.857721599514435729e+04 1.405580032367997956e+04 1.279733607838201169e+04 2.137272855191981762e+03 4.594742353928173202e+02 5.460746718299665758e+01 -3.384036872460897794e+00
1.099980217668973819e+04 5.922875735210940547e+03 2.137272855191981762e+03 3.084588598952423581e+03 2.237465859003140736e+02 6.353252891009950787e+01 -1.211515785381837595e+01
2.295084660571514632e+03 1.210784109989121816e+03 4.594742353928173202e+02 2.237465859003140736e+02 5.743734103964549149e+02 4.205768737101794663e+00 2.425763110765339015e+00
2.452482996911961948e+02 1.945702238455849056e+02 5.460746718299665758e+01 6.353252891009950787e+01 4.205768737101794663e+00 9.842165229501115675e+01 -2.287768322739913152e-01
3.600388423771039470e+01 -2.443648893367883090e+01 -3.384036872460897794e+00 -1.211515785381837595e+01 2.425763110765339015e+00 -2.287768322739913152e-01 1.182163171571876248e+01
