1.933674928021765081e+05 6.562699180839183100e+04 2.767542734594150897e+04 1.068678652425492692e+04 2.234542422861401064e+03 2.391618291902918827e+02 3.514496344606422440e+01
6.562699180839183100e+04 5.390723669103326392e+04 1.370473967241168430e+04 5.793428793547810528e+03 1.186854278284767588e+03 1.910306409672103882e+02 -2.401559430302341980e+01
2.767542734594150897e+04 1.370473967241168430e+04 1.253553630692216575e+04 2.100250780289574777e+03 4.524806200956602993e+02 5.386253882299605777e+01 -3.341163675077758022e+00
1.068678652425492692e+04 5.793428793547810528e+03 2.100250780289574777e+03 3.040858942789123830e+03 2.210462122923950687e+02 6.286642590982866352e+01 -1.199995404429330392e+01
2.234542422861401064e+03 1.186854278284767588e+03 4.524806200956602993e+02 2.210462122923950687e+02 5.686546849927967742e+02 4.170572263433493632e+00 2.407833916077190217e+00
2.391618291902918827e+02 1.910306409672103882e+02 5.386253882299605777e+01 6.286642590982866352e+01 4.170572263433493632e+00 9.775452759448683082e+01 -2.274501093362836235e-01
3.514496344606422440e+01 -2.401559430302341980e+01 -3.341163675077758022e+00 -1.199995404429330392e+01 2.407833916077190217e+00 -2.274501093362836235e-01 1.176466082773886157e+01
