1.712309473510738462e+06 9.447449059512577951e+05 5.974506015736736590e+05 3.760037249235048075e+05 2.088505935514322482e+05 1.045737892330150498e+05 5.725824498457682057e+04 2.121859380675846114e+04 8.240887666141217778e+03 1.799912184669872204e+03 1.745107742193139586e+02 6.485370392739058332e+01 0.000000000000000000e+00 0.000000000000000000e+00 0.000000000000000000e+00 0.000000000000000000e+00 0.000000000000000000e+00 0.000000000000000000e+00 0.000000000000000000e+00 0.000000000000000000e+00
9.447449059512577951e+05 7.370174296544240788e+05 3.896570928070892114e+05 2.451884744103044504e+05 1.364786472360234184e+05 6.796373264257972187e+04 3.802854479550351971e+04 1.373265286656686658e+04 5.102391405963004217e+03 1.137935058879195367e+03 8.012766937734005523e+01 1.371900687289394405e+01 0.000000000000000000e+00 0.000000000000000000e+00 0.000000000000000000e+00 0.000000000000000000e+00 0.000000000000000000e+00 0.000000000000000000e+00 0.000000000000000000e+00 0.000000000000000000e+00
5.974506015736736590e+05 3.896570928070892114e+05 3.332845394995860406e+05 1.597008920280336170e+05 8.785484055857187195e+04 4.471641960696725437e+04 2.312760431710050398e+04 9.226979960647071493e+03 3.332678416579904479e+03 5.194247119062325737e+02 1.882068267202937193e+02 3.028157460963027603e+01 0.000000000000000000e+00 0.000000000000000000e+00 0.000000000000000000e+00 0.000000000000000000e+00 0.000000000000000000e+00 0.000000000000000000e+00 0.000000000000000000e+00 0.000000000000000000e+00
3.760037249235048075e+05 2.451884744103044504e+05 1.597008920280336170e+05 1.373788794466996915e+05 5.689181364216560178e+04 2.896400083880046441e+04 1.500888657505917399e+04 5.635517943219533663e+03 2.343654868192360027e+03 4.473591275812798358e+02 2.618220577717326947e+01 2.921235958767725904e+00 0.000000000000000000e+00 0.000000000000000000e+00 0.000000000000000000e+00 0.000000000000000000e+00 0.000000000000000000e+00 0.000000000000000000e+00 0.000000000000000000e+00 0.000000000000000000e+00
2.088505935514322482e+05 1.364786472360234184e+05 8.785484055857187195e+04 5.689181364216560178e+04 5.271225405771210353e+04 1.649661421150599926e+04 8.832838511440488219e+03 3.271114838769092330e+03 1.211289626812582128e+03 2.829390479868989132e+02 1.543412630612771252e+01 1.567044176194834293e+01 0.000000000000000000e+00 0.000000000000000000e+00 0.000000000000000000e+00 0.000000000000000000e+00 0.000000000000000000e+00 0.000000000000000000e+00 0.000000000000000000e+00 0.000000000000000000e+00
1.045737892330150498e+05 6.796373264257972187e+04 4.471641960696725437e+04 2.896400083880046441e+04 1.649661421150599926e+04 1.867143349903391936e+04 4.587421849105286128e+03 1.843390208523864658e+03 5.667447199946694809e+02 1.513635990564393410e+02 1.195515194549879467e+01 6.031842456296876875e+00 0.000000000000000000e+00 0.000000000000000000e+00 0.000000000000000000e+00 0.000000000000000000e+00 0.000000000000000000e+00 0.000000000000000000e+00 0.000000000000000000e+00 0.000000000000000000e+00
5.725824498457682057e+04 3.802854479550351971e+04 2.312760431710050398e+04 1.500888657505917399e+04 8.832838511440488219e+03 4.587421849105286128e+03 6.851395503593670583e+03 1.093730196582262579e+03 3.146469924467783130e+02 7.569404038283923342e+01 1.217496655903546632e+01 3.633105376557473676e+00 0.000000000000000000e+00 0.000000000000000000e+00 0.000000000000000000e+00 0.000000000000000000e+00 0.000000000000000000e+00 0.000000000000000000e+00 0.000000000000000000e+00 0.000000000000000000e+00
2.121859380675846114e+04 1.373265286656686658e+04 9.226979960647071493e+03 5.635517943219533663e+03 3.271114838769092330e+03 1.843390208523864658e+03 1.093730196582262579e+03 1.770103637282709542e+03 1.424916616034327319e+02 2.120172478894602364e+01 -4.259807938712908637e+00 -5.265077073903777771e-01 0.000000000000000000e+00 0.000000000000000000e+00 0.000000000000000000e+00 0.000000000000000000e+00 0.000000000000000000e+00 0.000000000000000000e+00 0.000000000000000000e+00 0.000000000000000000e+00
8.240887666141217778e+03 5.102391405963004217e+03 3.332678416579904479e+03 2.343654868192360027e+03 1.211289626812582128e+03 5.667447199946694809e+02 3.146469924467783130e+02 1.424916616034327319e+02 3.932520900787208689e+02 2.424812075877623130e+01 9.741017763726865786e-01 -7.069103787279320539e-01 0.000000000000000000e+00 0.000000000000000000e+00 0.000000000000000000e+00 0.000000000000000000e+00 0.000000000000000000e+00 0.000000000000000000e+00 0.000000000000000000e+00 0.000000000000000000e+00
1.799912184669872204e+03 1.137935058879195367e+03 5.194247119062325737e+02 4.473591275812798358e+02 2.829390479868989132e+02 1.513635990564393410e+02 7.569404038283923342e+01 2.120172478894602364e+01 2.424812075877623130e+01 6.810009656423157764e+01 -1.197599159977608796e+00 -1.197431506628819364e-01 0.000000000000000000e+00 0.000000000000000000e+00 0.000000000000000000e+00 0.000000000000000000e+00 0.000000000000000000e+00 0.000000000000000000e+00 0.000000000000000000e+00 0.000000000000000000e+00
1.745107742193139586e+02 8.012766937734005523e+01 1.882068267202937193e+02 2.618220577717326947e+01 1.543412630612771252e+01 1.195515194549879467e+01 1.217496655903546632e+01 -4.259807938712908637e+00 9.741017763726865786e-01 -1.197599159977608796e+00 9.853394036222908881e+00 -1.962552718670196664e-02 0.000000000000000000e+00 0.000000000000000000e+00 0.000000000000000000e+00 0.000000000000000000e+00 0.000000000000000000e+00 0.000000000000000000e+00 0.000000000000000000e+00 0.000000000000000000e+00
6.485370392739058332e+01 1.371900687289394405e+01 3.028157460963027603e+01 2.921235958767725904e+00 1.567044176194834293e+01 6.031842456296876875e+00 3.633105376557473676e+00 -5.265077073903777771e-01 -7.069103787279320539e-01 -1.197431506628819364e-01 -1.962552718670196664e-02 1.002724047039774469e+00 0.000000000000000000e+00 0.000000000000000000e+00 0.000000000000000000e+00 0.000000000000000000e+00 0.000000000000000000e+00 0.000000000000000000e+00 0.000000000000000000e+00 0.000000000000000000e+00
0.000000000000000000e+00 0.000000000000000000e+00 0.000000000000000000e+00 0.000000000000000000e+00 0.000000000000000000e+00 0.000000000000000000e+00 0.000000000000000000e+00 0.000000000000000000e+00 0.000000000000000000e+00 0.000000000000000000e+00 0.000000000000000000e+00 0.000000000000000000e+00 0.000000000000000000e+00 0.000000000000000000e+00 0.000000000000000000e+00 0.000000000000000000e+00 0.000000000000000000e+00 0.000000000000000000e+00 0.000000000000000000e+00 0.000000000000000000e+00
0.000000000000000000e+00 0.000000000000000000e+00 0.000000000000000000e+00 0.000000000000000000e+00 0.000000000000000000e+00 0.000000000000000000e+00 0.000000000000000000e+00 0.000000000000000000e+00 0.000000000000000000e+00 0.000000000000000000e+00 0.000000000000000000e+00 0.000000000000000000e+00 0.000000000000000000e+00 0.000000000000000000e+00 0.000000000000000000e+00 0.000000000000000000e+00 0.000000000000000000e+00 0.000000000000000000e+00 0.000000000000000000e+00 0.000000000000000000e+00
0.000000000000000000e+00 0.000000000000000000e+00 0.000000000000000000e+00 0.000000000000000000e+00 0.000000000000000000e+00 0.000000000000000000e+00 0.000000000000000000e+00 0.000000000000000000e+00 0.000000000000000000e+00 0.000000000000000000e+00 0.000000000000000000e+00 0.000000000000000000e+00 0.000000000000000000e+00 0.000000000000000000e+00 0.000000000000000000e+00 0.000000000000000000e+00 0.000000000000000000e+00 0.000000000000000000e+00 0.000000000000000000e+00 0.000000000000000000e+00
0.000000000000000000e+00 0.000000000000000000e+00 0.000000000000000000e+00 0.000000000000000000e+00 0.000000000000000000e+00 0.000000000000000000e+00 0.000000000000000000e+00 0.000000000000000000e+00 0.000000000000000000e+00 0.000000000000000000e+00 0.000000000000000000e+00 0.000000000000000000e+00 0.000000000000000000e+00 0.000000000000000000e+00 0.000000000000000000e+00 0.000000000000000000e+00 0.000000000000000000e+00 0.000000000000000000e+00 0.000000000000000000e+00 0.000000000000000000e+00
0.000000000000000000e+00 0.000000000000000000e+00 0.000000000000000000e+00 0.000000000000000000e+00 0.000000000000000000e+00 0.000000000000000000e+00 0.000000000000000000e+00 0.000000000000000000e+00 0.000000000000000000e+00 0.000000000000000000e+00 0.000000000000000000e+00 0.000000000000000000e+00 0.000000000000000000e+00 0.000000000000000000e+00 0.000000000000000000e+00 0.000000000000000000e+00 0.000000000000000000e+00 0.000000000000000000e+00 0.000000000000000000e+00 0.000000000000000000e+00
0.000000000000000000e+00 0.000000000000000000e+00 0.000000000000000000e+00 0.000000000000000000e+00 0.000000000000000000e+00 0.000000000000000000e+00 0.000000000000000000e+00 0.000000000000000000e+00 0.000000000000000000e+00 0.000000000000000000e+00 0.000000000000000000e+00 0.000000000000000000e+00 0.000000000000000000e+00 0.000000000000000000e+00 0.000000000000000000e+00 0.000000000000000000e+00 0.000000000000000000e+00 0.000000000000000000e+00 0.000000000000000000e+00 0.000000000000000000e+00
0.000000000000000000e+00 0.000000000000000000e+00 0.000000000000000000e+00 0.000000000000000000e+00 0.000000000000000000e+00 0.000000000000000000e+00 0.000000000000000000e+00 0.000000000000000000e+00 0.000000000000000000e+00 0.000000000000000000e+00 0.000000000000000000e+00 0.000000000000000000e+00 0.000000000000000000e+00 0.000000000000000000e+00 0.000000000000000000e+00 0.000000000000000000e+00 0.000000000000000000e+00 0.000000000000000000e+00 0.000000000000000000e+00 0.000000000000000000e+00
0.000000000000000000e+00 0.000000000000000000e+00 0.000000000000000000e+00 0.000000000000000000e+00 0.000000000000000000e+00 0.000000000000000000e+00 0.000000000000000000e+00 0.000000000000000000e+00 0.000000000000000000e+00 0.000000000000000000e+00 0.000000000000000000e+00 0.000000000000000000e+00 0.000000000000000000e+00 0.000000000000000000e+00 0.000000000000000000e+00 0.000000000000000000e+00 0.000000000000000000e+00 0.000000000000000000e+00 0.000000000000000000e+00 0.000000000000000000e+00
