5.283442800000000279e+05 2.619141199999999953e+05 1.426174400000000023e+05 7.048055599999999686e+04 2.935280399999999281e+04 9.666415199999999459e+03 1.778570880000000216e+03 1.343642439999999851e+02 1.167278039999999883e+01 0.000000000000000000e+00
2.619141199999999953e+05 1.797346720000000205e+05 8.144618400000000838e+04 4.047645599999999831e+04 1.655321359999999913e+04 5.599643199999999524e+03 9.795785199999997985e+02 7.636072399999999050e+01 7.435135999999999967e+00 0.000000000000000000e+00
1.426174400000000023e+05 8.144618400000000838e+04 5.869497599999999511e+04 2.223742399999999907e+04 9.218404399999999441e+03 3.128539199999999710e+03 5.204741200000000845e+02 3.597304400000000157e+01 2.646695720000000307e+00 0.000000000000000000e+00
7.048055599999999686e+04 4.047645599999999831e+04 2.223742399999999907e+04 1.651729279999999926e+04 4.721024800000000141e+03 1.565353119999999990e+03 2.945604000000000156e+02 1.545959120000000020e+01 1.480384319999999976e+00 0.000000000000000000e+00
2.935280399999999281e+04 1.655321359999999913e+04 9.218404399999999441e+03 4.721024800000000141e+03 3.881556399999999940e+03 6.778764800000000150e+02 1.170076640000000054e+02 7.912406240000000146e+00 9.075210000000000221e-01 0.000000000000000000e+00
9.666415199999999459e+03 5.599643199999999524e+03 3.128539199999999710e+03 1.565353119999999990e+03 6.778764800000000150e+02 6.737898000000000138e+02 4.253855599999999981e+01 3.669927791999999744e+00 4.743843599999999494e-01 0.000000000000000000e+00
1.778570880000000216e+03 9.795785199999997985e+02 5.204741200000000845e+02 2.945604000000000156e+02 1.170076640000000054e+02 4.253855599999999981e+01 7.613132799999999634e+01 1.073680280000000042e+00 -9.590608000000000466e-03 0.000000000000000000e+00
1.343642439999999851e+02 7.636072399999999050e+01 3.597304400000000157e+01 1.545959120000000020e+01 7.912406240000000146e+00 3.669927791999999744e+00 1.073680280000000042e+00 4.717408799999999403e+00 -3.508758800000000115e-03 0.000000000000000000e+00
1.167278039999999883e+01 7.435135999999999967e+00 2.646695720000000307e+00 1.480384319999999976e+00 9.075210000000000221e-01 4.743843599999999494e-01 -9.590608000000000466e-03 -3.508758800000000115e-03 7.968780799999999886e-02 0.000000000000000000e+00
0.000000000000000000e+00 0.000000000000000000e+00 0.000000000000000000e+00 0.000000000000000000e+00 0.000000000000000000e+00 0.000000000000000000e+00 0.000000000000000000e+00 0.000000000000000000e+00 0.000000000000000000e+00 0.000000000000000000e+00
