6.949202799999999115e+04 1.777212240000000020e+04 4.494069599999999809e+03 5.770442399999999452e+02 5.060354800000000353e+01 2.193442000000000114e+00 0.000000000000000000e+00 0.000000000000000000e+00 0.000000000000000000e+00 0.000000000000000000e+00
1.777212240000000020e+04 9.424123199999999997e+03 1.534142399999999952e+03 2.011981239999999787e+02 1.959774320000000003e+01 8.669751999999999459e-01 0.000000000000000000e+00 0.000000000000000000e+00 0.000000000000000000e+00 0.000000000000000000e+00
4.494069599999999809e+03 1.534142399999999952e+03 1.036941360000000032e+03 4.768606000000000478e+01 5.894480800000000187e+00 1.723190399999999928e-02 0.000000000000000000e+00 0.000000000000000000e+00 0.000000000000000000e+00 0.000000000000000000e+00
5.770442399999999452e+02 2.011981239999999787e+02 4.768606000000000478e+01 8.296989999999999554e+01 2.219094640000000007e-01 8.686127999999999905e-02 0.000000000000000000e+00 0.000000000000000000e+00 0.000000000000000000e+00 0.000000000000000000e+00
5.060354800000000353e+01 1.959774320000000003e+01 5.894480800000000187e+00 2.219094640000000007e-01 4.151251600000000153e+00 -1.949310400000000025e-03 0.000000000000000000e+00 0.000000000000000000e+00 0.000000000000000000e+00 0.000000000000000000e+00
2.193442000000000114e+00 8.669751999999999459e-01 1.723190399999999928e-02 8.686127999999999905e-02 -1.949310400000000025e-03 3.984390399999999943e-02 0.000000000000000000e+00 0.000000000000000000e+00 0.000000000000000000e+00 0.000000000000000000e+00
0.000000000000000000e+00 0.000000000000000000e+00 0.000000000000000000e+00 0.000000000000000000e+00 0.000000000000000000e+00 0.000000000000000000e+00 0.000000000000000000e+00 0.000000000000000000e+00 0.000000000000000000e+00 0.000000000000000000e+00
0.000000000000000000e+00 0.000000000000000000e+00 0.000000000000000000e+00 0.000000000000000000e+00 0.000000000000000000e+00 0.000000000000000000e+00 0.000000000000000000e+00 0.000000000000000000e+00 0.000000000000000000e+00 0.000000000000000000e+00
0.000000000000000000e+00 0.000000000000000000e+00 0.000000000000000000e+00 0.000000000000000000e+00 0.000000000000000000e+00 0.000000000000000000e+00 0.000000000000000000e+00 0.000000000000000000e+00 0.000000000000000000e+00 0.000000000000000000e+00
0.000000000000000000e+00 0.000000000000000000e+00 0.000000000000000000e+00 0.000000000000000000e+00 0.000000000000000000e+00 0.000000000000000000e+00 0.000000000000000000e+00 0.000000000000000000e+00 0.000000000000000000e+00 0.000000000000000000e+00
