1.725610502344972221e+06 9.605965134102099109e+05 6.263651318909033434e+05 3.988839114114394761e+05 2.375490569029159669e+05 1.371205554928740603e+05 6.648278629717158037e+04 2.648033298221093719e+04 1.068748463861564051e+04 2.457588360848081265e+03 4.400897624185405448e+02
9.605965134102099109e+05 7.910864810523207998e+05 4.157763384674172848e+05 2.779280002341435757e+05 1.557672699986457301e+05 8.989834686600802524e+04 4.351425951535404602e+04 1.645678849040849309e+04 6.913274232066565673e+03 1.276065504580082006e+03 2.913608142689014358e+02
6.263651318909033434e+05 4.157763384674172848e+05 3.668593060273525771e+05 1.777509979980697972e+05 1.032219220366602240e+05 6.092368362947297283e+04 2.939671894202738986e+04 1.001839560823847387e+04 4.506015897481453976e+03 1.002919030218895614e+03 1.542375489166317095e+02
3.988839114114394761e+05 2.779280002341435757e+05 1.777509979980697972e+05 1.747004566542203829e+05 7.115819730171601987e+04 3.852749791156148422e+04 1.997262443063863975e+04 7.218905215921497074e+03 3.532390979184884145e+03 7.302150346320507879e+02 9.333824875199913151e+01
2.375490569029159669e+05 1.557672699986457301e+05 1.032219220366602240e+05 7.115819730171601987e+04 6.762541107635368826e+04 2.325177822857948922e+04 1.218145528536497841e+04 4.673120357544761646e+03 1.945200458015531012e+03 4.697383303081944632e+02 4.022624299224089128e+01
1.371205554928740603e+05 8.989834686600802524e+04 6.092368362947297283e+04 3.852749791156148422e+04 2.325177822857948922e+04 2.493468480194511358e+04 7.345266970807477264e+03 2.621399083839774448e+03 8.762154591213388812e+02 3.309989234253494601e+02 2.109153062183074923e+01
6.648278629717158037e+04 4.351425951535404602e+04 2.939671894202738986e+04 1.997262443063863975e+04 1.218145528536497841e+04 7.345266970807477264e+03 8.261222503235896511e+03 1.513804029314684385e+03 6.758321454260808423e+02 2.067225995607280993e+02 1.840837795286878631e+01
2.648033298221093719e+04 1.645678849040849309e+04 1.001839560823847387e+04 7.218905215921497074e+03 4.673120357544761646e+03 2.621399083839774448e+03 1.513804029314684385e+03 2.221963290485495236e+03 1.902832473675215681e+02 4.973721187322830417e+01 4.090461108370607946e+00
1.068748463861564051e+04 6.913274232066565673e+03 4.506015897481453976e+03 3.532390979184884145e+03 1.945200458015531012e+03 8.762154591213388812e+02 6.758321454260808423e+02 1.902832473675215681e+02 5.829879379662190786e+02 2.505273350773369501e+01 1.677346398317927534e+00
2.457588360848081265e+03 1.276065504580082006e+03 1.002919030218895614e+03 7.302150346320507879e+02 4.697383303081944632e+02 3.309989234253494601e+02 2.067225995607280993e+02 4.973721187322830417e+01 2.505273350773369501e+01 8.150133876154910695e+01 2.833075434607290055e-01
4.400897624185405448e+02 2.913608142689014358e+02 1.542375489166317095e+02 9.333824875199913151e+01 4.022624299224089128e+01 2.109153062183074923e+01 1.840837795286878631e+01 4.090461108370607946e+00 1.677346398317927534e+00 2.833075434607290055e-01 9.872213107390214404e+00
