1.446356151394066866e+06 8.118056713728684699e+05 5.114705341826172080e+05 3.305887749175896170e+05 1.797970929609441955e+05 9.321078595335582213e+04 4.348798992908147193e+04 1.759276802023837445e+04 4.971807036014085497e+03 7.762713708792873604e+02
8.118056713728684699e+05 6.753870124670943478e+05 3.433063854691869929e+05 2.151738657933215727e+05 1.211253995121500193e+05 6.442860823079775582e+04 2.862518016532417096e+04 1.089896707924809562e+04 3.163654234383111543e+03 4.548576128243759058e+02
5.114705341826172080e+05 3.433063854691869929e+05 3.054650568256202387e+05 1.395643237434386101e+05 8.256476989052972931e+04 3.949632017029758572e+04 1.928778788756294671e+04 7.635250542125529137e+03 2.049977238150871926e+03 8.490701248527683731e+01
3.305887749175896170e+05 2.151738657933215727e+05 1.395643237434386101e+05 1.331558600726788864e+05 5.203880231941792590e+04 2.651297177232853937e+04 1.176650007732193262e+04 5.376176855823127880e+03 1.371975733759799823e+03 1.849468758850227346e+02
1.797970929609441955e+05 1.211253995121500193e+05 8.256476989052972931e+04 5.203880231941792590e+04 4.890535358929984068e+04 1.519084493666797971e+04 7.458003622726821959e+03 3.021490726400443236e+03 8.401928180284662631e+02 1.109404077155585355e+02
9.321078595335582213e+04 6.442860823079775582e+04 3.949632017029758572e+04 2.651297177232853937e+04 1.519084493666797971e+04 1.613469859628477388e+04 3.851769965392546965e+03 1.534609669329557164e+03 4.626200430438523199e+02 7.700987898795979447e+01
4.348798992908147193e+04 2.862518016532417096e+04 1.928778788756294671e+04 1.176650007732193262e+04 7.458003622726821959e+03 3.851769965392546965e+03 5.261306337243477174e+03 6.449573382647064363e+02 2.024758349737317360e+02 6.985251360208461335e+01
1.759276802023837445e+04 1.089896707924809562e+04 7.635250542125529137e+03 5.376176855823127880e+03 3.021490726400443236e+03 1.534609669329557164e+03 6.449573382647064363e+02 1.255369203675357312e+03 1.147681006256175493e+02 1.399629261192679941e+00
4.971807036014085497e+03 3.163654234383111543e+03 2.049977238150871926e+03 1.371975733759799823e+03 8.401928180284662631e+02 4.626200430438523199e+02 2.024758349737317360e+02 1.147681006256175493e+02 2.443243135152364403e+02 -5.061926508335595765e-01
7.762713708792873604e+02 4.548576128243759058e+02 8.490701248527683731e+01 1.849468758850227346e+02 1.109404077155585355e+02 7.700987898795979447e+01 6.985251360208461335e+01 1.399629261192679941e+00 -5.061926508335595765e-01 3.312948987130730671e+01
