1.968010996754394379e+06 1.143196209580764873e+06 7.686916821164551657e+05 5.407081445714734728e+05 3.099391157087435713e+05 1.962738408405078808e+05 1.155688718963449792e+05 5.304886143712139165e+04 2.491989150182811136e+04 8.644305425001108233e+03 2.778975149782271274e+03 3.293185561869323124e+02
1.143196209580764873e+06 9.628164697324520675e+05 5.264924570956161479e+05 3.725692956031077774e+05 2.208885527087933733e+05 1.340459755513078417e+05 8.055478542275844666e+04 3.887415934494862449e+04 1.678814151240210049e+04 5.749752310033845788e+03 1.350903690560446876e+03 7.961456519466682380e+01
7.686916821164551657e+05 5.264924570956161479e+05 4.773866522418966051e+05 2.603796425526090898e+05 1.516978354801943351e+05 9.444541739349109412e+04 5.694816003568640008e+04 2.651460692649660632e+04 1.177338643858998148e+04 3.893350576910941982e+03 8.070560188782246769e+02 7.230832058168373067e+01
5.407081445714734728e+05 3.725692956031077774e+05 2.603796425526090898e+05 2.390616282988072198e+05 1.102673510527977342e+05 6.585538942709797993e+04 4.089266687421983806e+04 1.979394619323214283e+04 7.953857190577073197e+03 2.965159921158885936e+03 7.429500494391658094e+02 8.331624826991712496e+01
3.099391157087435713e+05 2.208885527087933733e+05 1.516978354801943351e+05 1.102673510527977342e+05 1.039740696836787392e+05 3.947723093877989595e+04 2.387816805029637180e+04 1.182153221466197465e+04 4.895968364829642269e+03 2.057302427953698498e+03 4.203241287617381658e+02 6.612007354545123405e+01
1.962738408405078808e+05 1.340459755513078417e+05 9.444541739349109412e+04 6.585538942709797993e+04 3.947723093877989595e+04 4.291938781487855158e+04 1.413995793837223573e+04 7.534326385831061998e+03 3.722307430327253769e+03 1.163547058039189324e+03 3.531100036202340107e+02 5.936040349526026993e+00
1.155688718963449792e+05 8.055478542275844666e+04 5.694816003568640008e+04 4.089266687421983806e+04 2.387816805029637180e+04 1.413995793837223573e+04 1.930640359116729087e+04 5.106944517646977147e+03 2.308960838201112438e+03 8.120750551553461491e+02 2.710426215077277448e+02 1.890651533632214765e+01
5.304886143712139165e+04 3.887415934494862449e+04 2.651460692649660632e+04 1.979394619323214283e+04 1.182153221466197465e+04 7.534326385831061998e+03 5.106944517646977147e+03 5.841988751857593343e+03 1.185696098556783909e+03 3.027202757863709053e+02 1.132105757647627087e+02 7.906085827316426062e+00
2.491989150182811136e+04 1.678814151240210049e+04 1.177338643858998148e+04 7.953857190577073197e+03 4.895968364829642269e+03 3.722307430327253769e+03 2.308960838201112438e+03 1.185696098556783909e+03 1.867286503923420241e+03 1.479850649530963267e+02 4.762508356507524354e+01 1.853793380980118810e+00
8.644305425001108233e+03 5.749752310033845788e+03 3.893350576910941982e+03 2.965159921158885936e+03 2.057302427953698498e+03 1.163547058039189324e+03 8.120750551553461491e+02 3.027202757863709053e+02 1.479850649530963267e+02 4.283450291363717497e+02 1.734089898617066439e+01 -1.507659517172171615e+00
2.778975149782271274e+03 1.350903690560446876e+03 8.070560188782246769e+02 7.429500494391658094e+02 4.203241287617381658e+02 3.531100036202340107e+02 2.710426215077277448e+02 1.132105757647627087e+02 4.762508356507524354e+01 1.734089898617066439e+01 8.665280145845362370e+01 -3.140222441289556854e-01
3.293185561869323124e+02 7.961456519466682380e+01 7.230832058168373067e+01 8.331624826991712496e+01 6.612007354545123405e+01 5.936040349526026993e+00 1.890651533632214765e+01 7.906085827316426062e+00 1.853793380980118810e+00 -1.507659517172171615e+00 -3.140222441289556854e-01 7.912076163076068980e+00
