6.288828464964161685e+04 1.571255943413125351e+04 6.203286047464262083e+03 1.926380857916391051e+03 3.675476120265979034e+02 4.881157777428715860e+01 3.215673959581870633e-01
1.571255943413125351e+04 1.347419937883136299e+04 2.363551732721506596e+03 5.591076627310569620e+02 1.015721600330847707e+02 2.841949900620792135e+01 -9.090161266232648529e+00
6.203286047464262083e+03 2.363551732721506596e+03 3.168081984979995923e+03 3.112066513225603899e+02 8.783495773989602640e+01 1.070584135324249253e+01 8.078400435047115025e+00
1.926380857916391051e+03 5.591076627310569620e+02 3.112066513225603899e+02 6.265838749085613699e+02 1.758228560705568100e+01 2.723518981621497748e+00 1.925482822139961803e+00
3.675476120265979034e+02 1.015721600330847707e+02 8.783495773989602640e+01 1.758228560705568100e+01 9.526041949900621830e+01 -1.166662198750771040e+00 -3.333320567859344719e-01
4.881157777428715860e+01 2.841949900620792135e+01 1.070584135324249253e+01 2.723518981621497748e+00 -1.166662198750771040e+00 6.931346004342811895e+00 -2.745087526472402700e-02
3.215673959581870633e-01 -9.090161266232648529e+00 8.078400435047115025e+00 1.925482822139961803e+00 -3.333320567859344719e-01 -2.745087526472402700e-02 1.999992340715606831e+00
