6.800458897751995828e+05 3.152142320533216698e+05 1.757002800693980244e+05 8.866033497114677448e+04 3.620978681913543551e+04 1.543489383082892891e+04 3.640766449270612611e+03 5.616802018987204974e+02 2.132540852708071810e+01
3.152142320533216698e+05 2.512406829324202554e+05 1.015105308573447401e+05 5.479428427434230980e+04 2.045208834218506672e+04 8.279652605496869000e+03 2.343318476874689168e+03 4.591570651153937206e+02 -3.736064123528823444e+01
1.757002800693980244e+05 1.015105308573447401e+05 8.590020240425880183e+04 2.954183196296331516e+04 1.225241386177327877e+04 5.067057065498675001e+03 1.403678938116947847e+03 2.115854642100825913e+02 1.000388325718619598e+01
8.866033497114677448e+04 5.479428427434230980e+04 2.954183196296331516e+04 2.916970789787495960e+04 6.195411567817426658e+03 2.658452564137097397e+03 8.054400526959244644e+02 1.627758472125981939e+02 2.920773128166601396e+01
3.620978681913543551e+04 2.045208834218506672e+04 1.225241386177327877e+04 6.195411567817426658e+03 7.173429390971593421e+03 1.038280337468040216e+03 3.078948992995559024e+02 7.415069642043130216e+01 3.211752405972617908e+00
1.543489383082892891e+04 8.279652605496869000e+03 5.067057065498675001e+03 2.658452564137097397e+03 1.038280337468040216e+03 1.720038510881901402e+03 1.167701410457223830e+02 1.860973265267875121e+01 6.592131617142743316e+00
3.640766449270612611e+03 2.343318476874689168e+03 1.403678938116947847e+03 8.054400526959244644e+02 3.078948992995559024e+02 1.167701410457223830e+02 3.402477165758529054e+02 8.448987251121291564e+00 1.407837745719414446e+00
5.616802018987204974e+02 4.591570651153937206e+02 2.115854642100825913e+02 1.627758472125981939e+02 7.415069642043130216e+01 1.860973265267875121e+01 8.448987251121291564e+00 4.188023176994572339e+01 -4.823510939372934181e-01
2.132540852708071810e+01 -3.736064123528823444e+01 1.000388325718619598e+01 2.920773128166601396e+01 3.211752405972617908e+00 6.592131617142743316e+00 1.407837745719414446e+00 -4.823510939372934181e-01 5.952918378835862612e+00
