8.567933442657211563e+05 4.182623766299932613e+05 2.487466552287991799e+05 1.269407138606242806e+05 6.127587513834873971e+04 2.502763356451676009e+04 8.394687459070712066e+03 1.695636643548369193e+03 2.673872112928727347e+02 2.160579961015106676e+01
4.182623766299932613e+05 3.292754115371642401e+05 1.495464076807226520e+05 7.606170870975196885e+04 3.688519207570486469e+04 1.391187221249898539e+04 4.899873392028813214e+03 1.084352710046296124e+03 1.983051229123602184e+02 -1.703326810176079675e+01
2.487466552287991799e+05 1.495464076807226520e+05 1.281982855151370168e+05 4.672910731806080730e+04 2.156114095764046215e+04 8.636578689572830626e+03 3.282999191945347775e+03 5.738644689626482887e+02 4.919196847438401221e+01 1.192152297210837819e+00
1.269407138606242806e+05 7.606170870975196885e+04 4.672910731806080730e+04 4.126500275351073651e+04 1.209018114973526463e+04 4.427700690484396546e+03 1.900784877508821864e+03 4.455041762248092141e+02 1.153250485407114496e+02 8.274478115509426246e+00
6.127587513834873971e+04 3.688519207570486469e+04 2.156114095764046215e+04 1.209018114973526463e+04 1.305695391791629299e+04 2.334610667085437854e+03 7.978636111228298660e+02 1.972698327595304590e+02 5.220372164628880540e+01 -1.254897154959000671e+00
2.502763356451676009e+04 1.391187221249898539e+04 8.636578689572830626e+03 4.427700690484396546e+03 2.334610667085437854e+03 2.994490492913238995e+03 2.876655650062598397e+02 9.101925927060565868e+01 4.705864331095208186e+00 1.737248248896100300e+00
8.394687459070712066e+03 4.899873392028813214e+03 3.282999191945347775e+03 1.900784877508821864e+03 7.978636111228298660e+02 2.876655650062598397e+02 7.469755707124056698e+02 3.840377449534835819e+01 7.498010500878822704e+00 -2.215677789224152483e-01
1.695636643548369193e+03 1.084352710046296124e+03 5.738644689626482887e+02 4.455041762248092141e+02 1.972698327595304590e+02 9.101925927060565868e+01 3.840377449534835819e+01 9.109769034279125322e+01 1.066662581714990399e+00 -1.843130196345755534e-01
2.673872112928727347e+02 1.983051229123602184e+02 4.919196847438401221e+01 1.153250485407114496e+02 5.220372164628880540e+01 4.705864331095208186e+00 7.498010500878822704e+00 1.066662581714990399e+00 1.756856016942337106e+01 -3.137242887397030666e-02
2.160579961015106676e+01 -1.703326810176079675e+01 1.192152297210837819e+00 8.274478115509426246e+00 -1.254897154959000671e+00 1.737248248896100300e+00 -2.215677789224152483e-01 -1.843130196345755534e-01 -3.137242887397030666e-02 1.001956947162426559e+00
