1.111083957220535958e+06 5.728546990131367929e+05 3.402663368453800795e+05 1.909162686789995059e+05 8.702184896983580256e+04 4.455732671476144606e+04 1.537224445051158000e+04 4.215157791779729450e+03 1.214413917068477986e+03 9.458064284583688419e+00
5.728546990131367929e+05 4.667070237113162293e+05 2.118302619915644755e+05 1.163282465698921151e+05 5.818616493145922868e+04 2.828010731117978139e+04 9.539207337730409563e+03 2.766094707049170211e+03 7.775301122719552041e+02 3.920949499377190062e+00
3.402663368453800795e+05 2.118302619915644755e+05 1.769862445884385961e+05 7.411173091834578372e+04 3.438758239099179627e+04 1.524451808418848486e+04 6.123514191274108271e+03 1.709209324846656273e+03 4.921481097121799166e+02 -2.926672490644585345e+00
1.909162686789995059e+05 1.163282465698921151e+05 7.411173091834578372e+04 6.673573444394754188e+04 1.915828989735700088e+04 9.654385622344114381e+03 3.316875111085612843e+03 1.124401765804327397e+03 2.885160024101647878e+02 1.231496620865850389e+01
8.702184896983580256e+04 5.818616493145922868e+04 3.438758239099179627e+04 1.915828989735700088e+04 2.102400883051103301e+04 5.008979682395808595e+03 1.487181094012671110e+03 5.083542173410937153e+02 1.552836548236614362e+02 2.826671964953182847e+00
4.455732671476144606e+04 2.828010731117978139e+04 1.524451808418848486e+04 9.654385622344114381e+03 5.008979682395808595e+03 6.133113815562100172e+03 8.868057211882622823e+02 2.731694424376462393e+02 8.031748927947275263e+01 -2.668678179539547002e-01
1.537224445051158000e+04 9.539207337730409563e+03 6.123514191274108271e+03 3.316875111085612843e+03 1.487181094012671110e+03 8.868057211882622823e+02 1.387479847403429858e+03 1.285313688484193051e+02 2.471033962677854490e+01 -2.494833546945306679e+00
4.215157791779729450e+03 2.766094707049170211e+03 1.709209324846656273e+03 1.124401765804327397e+03 5.083542173410937153e+02 2.731694424376462393e+02 1.285313688484193051e+02 2.891426849075136829e+02 1.717163409572728483e+01 -5.047487255623300806e-01
1.214413917068477986e+03 7.775301122719552041e+02 4.921481097121799166e+02 2.885160024101647878e+02 1.552836548236614362e+02 8.031748927947275263e+01 2.471033962677854490e+01 1.717163409572728483e+01 4.294638745355465659e+01 -2.482117513153586363e-01
9.458064284583688419e+00 3.920949499377190062e+00 -2.926672490644585345e+00 1.231496620865850389e+01 2.826671964953182847e+00 -2.668678179539547002e-01 -2.494833546945306679e+00 -5.047487255623300806e-01 -2.482117513153586363e-01 3.006307174031821461e+00
