1.372494992834678618e+06 7.755215162932809908e+05 4.910434665308180265e+05 3.185568741541465861e+05 1.737326738791498647e+05 9.024958770837525663e+04 4.217095810754483682e+04 1.707905224014819396e+04 4.830763852773166036e+03 7.547324037514642896e+02
7.755215162932809908e+05 6.495322576125292107e+05 3.318084547777010594e+05 2.087346986569853034e+05 1.178257762186971086e+05 6.280063792648525850e+04 2.794464592277530028e+04 1.065175528586446308e+04 3.094545011699974566e+03 4.452061381506262592e+02
4.910434665308180265e+05 3.318084547777010594e+05 2.967048539182815584e+05 1.360620750073774543e+05 8.071558696542523103e+04 3.869006751659001020e+04 1.892301576663693413e+04 7.499230104051045600e+03 2.015182478620965185e+03 8.351928799292046790e+01
3.185568741541465861e+05 2.087346986569853034e+05 1.360620750073774543e+05 1.302934304326531710e+05 5.106102014009036066e+04 2.606758644459972129e+04 1.158656739212946559e+04 5.299885585609973532e+03 1.353665404161345577e+03 1.825953791537517645e+02
1.737326738791498647e+05 1.178257762186971086e+05 8.071558696542523103e+04 5.106102014009036066e+04 4.811921768068935489e+04 1.497698185898415431e+04 7.364275718919560859e+03 2.986855228035913569e+03 8.312732870967629424e+02 1.098329127109622902e+02
9.024958770837525663e+04 6.280063792648525850e+04 3.869006751659001020e+04 2.606758644459972129e+04 1.497698185898415431e+04 1.593982130889443397e+04 3.811079522520220962e+03 1.520096139337649220e+03 4.586374592621734791e+02 7.639578586172436303e+01
4.217095810754483682e+04 2.794464592277530028e+04 1.892301576663693413e+04 1.158656739212946559e+04 7.364275718919560859e+03 3.811079522520220962e+03 5.213703562716427768e+03 6.398367653310284595e+02 2.010404065548176220e+02 6.940169499963896271e+01
1.707905224014819396e+04 1.065175528586446308e+04 7.499230104051045600e+03 5.299885585609973532e+03 2.986855228035913569e+03 1.520096139337649220e+03 6.398367653310284595e+02 1.246795225202072743e+03 1.140819160465819948e+02 1.392151531282549204e+00
4.830763852773166036e+03 3.094545011699974566e+03 2.015182478620965185e+03 1.353665404161345577e+03 8.312732870967629424e+02 4.586374592621734791e+02 2.010404065548176220e+02 1.140819160465819948e+02 2.430716181387172981e+02 -5.039196387881497152e-01
7.547324037514642896e+02 4.452061381506262592e+02 8.351928799292046790e+01 1.825953791537517645e+02 1.098329127109622902e+02 7.639578586172436303e+01 6.940169499963896271e+01 1.392151531282549204e+00 -5.039196387881497152e-01 3.300183439861213230e+01
