1.350158331591895781e+06 7.061238948582437588e+05 4.490671299096360453e+05 2.555429135634313861e+05 1.378711143631263985e+05 7.045322909782643546e+04 2.673424974192775335e+04 8.206096036854582053e+03 2.185641115588608955e+03 1.363176246961752440e+02
7.061238948582437588e+05 5.627386194995297119e+05 2.732179751616696012e+05 1.648168751380143513e+05 8.564490922635978495e+04 4.440346534909751063e+04 1.790376433582121535e+04 5.672313905842624081e+03 1.224327492583609455e+03 1.345189739030066676e+02
4.490671299096360453e+05 2.732179751616696012e+05 2.399062135658309271e+05 1.034411764084935276e+05 5.472568834153170610e+04 2.662875382452268968e+04 1.054328222385727531e+04 3.159435495142288801e+03 8.930055200900551426e+02 1.086813133106418761e+01
2.555429135634313861e+05 1.648168751380143513e+05 1.034411764084935276e+05 9.404254799514822662e+04 3.359600326588008465e+04 1.620812637786057530e+04 6.802790703076385398e+03 2.192796493791935063e+03 4.939097963040740069e+02 4.163838928358129721e+01
1.378711143631263985e+05 8.564490922635978495e+04 5.472568834153170610e+04 3.359600326588008465e+04 3.230355015974853450e+04 9.775007234540962600e+03 4.026154392405356703e+03 1.102545577522228541e+03 3.323908782504940973e+02 1.667494855131258547e+01
7.045322909782643546e+04 4.440346534909751063e+04 2.662875382452268968e+04 1.620812637786057530e+04 9.775007234540962600e+03 1.029362928282573739e+04 2.076594375749864867e+03 5.615753264889241336e+02 1.983360760397237925e+02 2.045960999204084629e+01
2.673424974192775335e+04 1.790376433582121535e+04 1.054328222385727531e+04 6.802790703076385398e+03 4.026154392405356703e+03 2.076594375749864867e+03 2.856370920915783699e+03 2.538850821749570628e+02 8.119302808054352738e+01 7.762013111712998459e+00
8.206096036854582053e+03 5.672313905842624081e+03 3.159435495142288801e+03 2.192796493791935063e+03 1.102545577522228541e+03 5.615753264889241336e+02 2.538850821749570628e+02 6.244149690285412362e+02 1.891309994902405833e+01 -2.184270569736039391e+00
2.185641115588608955e+03 1.224327492583609455e+03 8.930055200900551426e+02 4.939097963040740069e+02 3.323908782504940973e+02 1.983360760397237925e+02 8.119302808054352738e+01 1.891309994902405833e+01 9.951881594793208308e+01 1.687989058396990316e+00
1.363176246961752440e+02 1.345189739030066676e+02 1.086813133106418761e+01 4.163838928358129721e+01 1.667494855131258547e+01 2.045960999204084629e+01 7.762013111712998459e+00 -2.184270569736039391e+00 1.687989058396990316e+00 6.958413052332963922e+00
