6.570003693165743607e+04 1.630396437989955120e+04 6.407139372099033608e+03 1.983370554133860196e+03 3.775734545426482782e+02 5.007237796970312615e+01 3.293997556605083865e-01
1.630396437989955120e+04 1.388671982724645932e+04 2.424699346290887206e+03 5.717518404805663295e+02 1.036365520990611060e+02 2.895624271532065563e+01 -9.248541967880376191e+00
6.407139372099033608e+03 2.424699346290887206e+03 3.235081854151399511e+03 3.167795052203513251e+02 8.920757693940269917e+01 1.085782087910627425e+01 8.181315468337478691e+00
1.983370554133860196e+03 5.717518404805663295e+02 3.167795052203513251e+02 6.357798561854007175e+02 1.780036964066631100e+01 2.753414656272468619e+00 1.943823171645959746e+00
3.775734545426482782e+02 1.036365520990611060e+02 8.920757693940269917e+01 1.780036964066631100e+01 9.622597516340439938e+01 -1.176826611858550864e+00 -3.357533304849902867e-01
5.007237796970312615e+01 2.895624271532065563e+01 1.085782087910627425e+01 2.753414656272468619e+00 -1.176826611858550864e+00 6.981881218271166034e+00 -2.761130711335890373e-02
3.293997556605083865e-01 -9.248541967880376191e+00 8.181315468337478691e+00 1.943823171645959746e+00 -3.357533304849902867e-01 -2.761130711335890373e-02 2.008792118039263830e+00
