1.054205545107398648e+06 5.471980044193761423e+05 3.266415020162921865e+05 1.839508720018581080e+05 8.407702115111102466e+04 4.313771518950907921e+04 1.490538605474050746e+04 4.091466684027456722e+03 1.179819011109759685e+03 9.194082436885036458e+00
5.471980044193761423e+05 4.488135576686415006e+05 2.047208081464032293e+05 1.128406815843936347e+05 5.659660090149479947e+04 2.756390032207246259e+04 9.311932965942673036e+03 2.703048471781204171e+03 7.604794405658462892e+02 3.837240206647379637e+00
3.266415020162921865e+05 2.047208081464032293e+05 1.718960318932504451e+05 7.224700175014259003e+04 3.361434185683850956e+04 1.493226438317841894e+04 6.007318170503134752e+03 1.678550434472859251e+03 4.837471670221714248e+02 -2.878420349186692206e+00
1.839508720018581080e+05 1.128406815843936347e+05 7.224700175014259003e+04 6.529769503026991151e+04 1.879690056333948451e+04 9.491681297176273802e+03 3.265995335495727431e+03 1.108325167259596810e+03 2.846420471735278852e+02 1.215681618866312519e+01
8.407702115111102466e+04 5.659660090149479947e+04 3.361434185683850956e+04 1.879690056333948451e+04 2.068402863040399461e+04 4.938077167290197394e+03 1.468386533446143176e+03 5.024608208454968690e+02 1.536190195350021668e+02 2.798028500197136559e+00
4.313771518950907921e+04 2.756390032207246259e+04 1.493226438317841894e+04 9.491681297176273802e+03 4.938077167290197394e+03 6.058688562007751898e+03 8.773927183183261604e+02 2.705558266091219934e+02 7.961930292852790103e+01 -2.647048686237876147e-01
1.490538605474050746e+04 9.311932965942673036e+03 6.007318170503134752e+03 3.265995335495727431e+03 1.468386533446143176e+03 8.773927183183261604e+02 1.374865322972867716e+03 1.274975509438145309e+02 2.453323937944463751e+01 -2.478421881043639807e+00
4.091466684027456722e+03 2.703048471781204171e+03 1.678550434472859251e+03 1.108325167259596810e+03 5.024608208454968690e+02 2.705558266091219934e+02 1.274975509438145309e+02 2.871204690545762332e+02 1.706660130743984638e+01 -5.019588619835250176e-01
1.179819011109759685e+03 7.604794405658462892e+02 4.837471670221714248e+02 2.846420471735278852e+02 1.536190195350021668e+02 7.961930292852790103e+01 2.453323937944463751e+01 1.706660130743984638e+01 4.272140501912906529e+01 -2.470578773825161112e-01
9.194082436885036458e+00 3.837240206647379637e+00 -2.878420349186692206e+00 1.215681618866312519e+01 2.798028500197136559e+00 -2.647048686237876147e-01 -2.478421881043639807e+00 -5.019588619835250176e-01 -2.470578773825161112e-01 2.994106180659540151e+00
