1.986535150349579053e+06 1.153943509432038525e+06 7.756282920324403094e+05 5.452980011971511412e+05 3.123928206130462349e+05 1.977205449049352028e+05 1.163644996698284813e+05 5.339157919074074016e+04 2.507212157526730516e+04 8.694630765645812062e+03 2.794511410568643441e+03 3.310988434984964783e+02
1.153943509432038525e+06 9.718569018864250975e+05 5.312374137959647924e+05 3.757275969724636525e+05 2.226347253560667741e+05 1.350324653932297369e+05 8.110843419512621767e+04 3.912485575174602855e+04 1.689050361958474969e+04 5.783160114770956170e+03 1.358440596786927927e+03 8.004404518427577386e+01
7.756282920324403094e+05 5.312374137959647924e+05 4.815090561974832672e+05 2.624887823462832021e+05 1.528399074867929739e+05 9.510492229952872731e+04 5.731813574270147365e+04 2.667562598508100200e+04 1.184074598178204178e+04 3.914508849693278989e+03 8.112554587661059031e+02 7.267122201973079143e+01
5.452980011971511412e+05 3.757275969724636525e+05 2.624887823462832021e+05 2.408702309313008445e+05 1.110385693922306818e+05 6.628007040093738760e+04 4.113649909030704293e+04 1.990358673924548202e+04 7.995120032337638804e+03 2.979692329608752971e+03 7.464197140827340036e+02 8.368997301893057283e+01
3.123928206130462349e+05 2.226347253560667741e+05 1.528399074867929739e+05 1.110385693922306818e+05 1.046419007153952261e+05 3.970927714409869805e+04 2.400692626040948016e+04 1.188027218666949011e+04 4.918576862535536748e+03 2.066213052114234415e+03 4.220476312308137494e+02 6.637900079822544797e+01
1.977205449049352028e+05 1.350324653932297369e+05 9.510492229952872731e+04 6.628007040093738760e+04 3.970927714409869805e+04 4.314828519287830568e+04 1.420850532687571467e+04 7.567662813656661456e+03 3.737470913440288314e+03 1.167953727722616122e+03 3.543658721367070257e+02 5.956058432589432350e+00
1.163644996698284813e+05 8.110843419512621767e+04 5.731813574270147365e+04 4.113649909030704293e+04 2.400692626040948016e+04 1.420850532687571467e+04 1.939062968850209290e+04 5.127063993597478657e+03 2.317247403794765887e+03 8.147570180328001470e+02 2.718752743331003785e+02 1.896111410595263891e+01
5.339157919074074016e+04 3.912485575174602855e+04 2.667562598508100200e+04 1.990358673924548202e+04 1.188027218666949011e+04 7.567662813656661456e+03 5.127063993597478657e+03 5.862534095793870620e+03 1.189450285031509111e+03 3.035921352657658758e+02 1.135105398401395860e+02 7.925578132809899756e+00
2.507212157526730516e+04 1.689050361958474969e+04 1.184074598178204178e+04 7.995120032337638804e+03 4.918576862535536748e+03 3.737470913440288314e+03 2.317247403794765887e+03 1.189450285031509111e+03 1.872544300277123739e+03 1.483594219647649197e+02 4.773458810947328601e+01 1.857714594579097156e+00
8.694630765645812062e+03 5.783160114770956170e+03 3.914508849693278989e+03 2.979692329608752971e+03 2.066213052114234415e+03 1.167953727722616122e+03 8.147570180328001470e+02 3.035921352657658758e+02 1.483594219647649197e+02 4.293061193215305025e+02 1.737581322512168924e+01 -1.510417615017920934e+00
2.794511410568643441e+03 1.358440596786927927e+03 8.112554587661059031e+02 7.464197140827340036e+02 4.220476312308137494e+02 3.543658721367070257e+02 2.718752743331003785e+02 1.135105398401395860e+02 4.773458810947328601e+01 1.737581322512168924e+01 8.680731486698562094e+01 -3.145244161839317321e-01
3.310988434984964783e+02 8.004404518427577386e+01 7.267122201973079143e+01 8.368997301893057283e+01 6.637900079822544797e+01 5.956058432589432350e+00 1.896111410595263891e+01 7.925578132809899756e+00 1.857714594579097156e+00 -1.510417615017920934e+00 -3.145244161839317321e-01 7.923273515561060520e+00
