1.619956643180645071e+06 9.442892072257208638e+05 6.176033524381031748e+05 4.026707402621469810e+05 2.353127458917336480e+05 1.439134214099909004e+05 7.587926627118814213e+04 3.304945774563972373e+04 8.958499025356004495e+03 3.676946702869629917e+03 3.728730818278502284e+02 -1.772934386742229051e+01
9.442892072257208638e+05 8.143609832376161357e+05 4.351645844493332552e+05 2.861653354574937839e+05 1.658505491630242905e+05 1.030596484541597601e+05 5.247885392595481244e+04 2.370160334863804019e+04 6.568610138594896853e+03 2.729342488731118465e+03 4.444335920895279628e+02 2.183128894266605968e+01
6.176033524381031748e+05 4.351645844493332552e+05 3.832378029189314693e+05 1.858692489688582718e+05 1.160186772568972956e+05 6.291424141298234463e+04 3.479340792965514993e+04 1.489577040529017904e+04 4.469590726138425453e+03 1.810687183336409362e+03 2.552343166577874172e+02 -2.114109550744614197e+01
4.026707402621469810e+05 2.861653354574937839e+05 1.858692489688582718e+05 1.811538160469564318e+05 7.395767755178213702e+04 4.360031930024606845e+04 2.261228987327585492e+04 9.547947748361326376e+03 2.823800950517173987e+03 1.175540596122070838e+03 1.750424669023122988e+02 5.819585556121325887e+00
2.353127458917336480e+05 1.658505491630242905e+05 1.160186772568972956e+05 7.395767755178213702e+04 7.028851513282714586e+04 2.574695237839830952e+04 1.323117285855907357e+04 6.121294204602115315e+03 1.908431907046904598e+03 6.735895772457788553e+02 1.000231463574329780e+02 -3.372536103951709330e-01
1.439134214099909004e+05 1.030596484541597601e+05 6.291424141298234463e+04 4.360031930024606845e+04 2.574695237839830952e+04 2.833115228572146589e+04 8.114429708832012693e+03 3.774220840146760565e+03 1.180501361437813785e+03 4.855059838159328365e+02 5.937820397440195563e+01 6.884287361031600661e+00
7.587926627118814213e+04 5.247885392595481244e+04 3.479340792965514993e+04 2.261228987327585492e+04 1.323117285855907357e+04 8.114429708832012693e+03 9.745843068921516533e+03 2.064235231942165683e+03 6.712954683843830708e+02 2.354834119048190360e+02 3.464104380727610533e+01 1.660777953515756078e+00
3.304945774563972373e+04 2.370160334863804019e+04 1.489577040529017904e+04 9.547947748361326376e+03 6.121294204602115315e+03 3.774220840146760565e+03 2.064235231942165683e+03 3.319422581867995177e+03 2.131599679841881709e+02 1.047290106885287173e+02 2.029011837423970732e+01 -3.458810283355128856e+00
8.958499025356004495e+03 6.568610138594896853e+03 4.469590726138425453e+03 2.823800950517173987e+03 1.908431907046904598e+03 1.180501361437813785e+03 6.712954683843830708e+02 2.131599679841881709e+02 6.615111921293397472e+02 3.872534189130740145e+01 8.631339493950964226e+00 -1.266661815786601419e+00
3.676946702869629917e+03 2.729342488731118465e+03 1.810687183336409362e+03 1.175540596122070838e+03 6.735895772457788553e+02 4.855059838159328365e+02 2.354834119048190360e+02 1.047290106885287173e+02 3.872534189130740145e+01 1.496445249520337484e+02 3.705868160737734174e-01 -2.803910830611094918e-01
3.728730818278502284e+02 4.444335920895279628e+02 2.552343166577874172e+02 1.750424669023122988e+02 1.000231463574329780e+02 5.937820397440195563e+01 3.464104380727610533e+01 2.029011837423970732e+01 8.631339493950964226e+00 3.705868160737734174e-01 1.271955913159033358e+01 -2.549009846010087676e-02
-1.772934386742229051e+01 2.183128894266605968e+01 -2.114109550744614197e+01 5.819585556121325887e+00 -3.372536103951709330e-01 6.884287361031600661e+00 1.660777953515756078e+00 -3.458810283355128856e+00 -1.266661815786601419e+00 -2.803910830611094918e-01 -2.549009846010087676e-02 1.001956947162427447e+00
