1.039712285957043641e+06 5.480225272669426631e+05 2.918036836015729350e+05 1.570738756775722431e+05 8.471826069371300400e+04 3.817375335955344781e+04 1.192231674200234556e+04 3.234927289848575583e+03 2.059365467863925119e+02 6.234305163005115169e+00
5.480225272669426631e+05 4.566161520311484928e+05 1.961723176235101128e+05 9.933493092562766105e+04 5.241351126016458147e+04 2.462061484060525618e+04 7.598166292286250609e+03 1.755823402830492569e+03 7.226078374683814332e+01 -7.146408130576852535e+00
2.918036836015729350e+05 1.961723176235101128e+05 1.508738069394908089e+05 5.675285833642003126e+04 3.130828985811501479e+04 1.357583710088471526e+04 4.697698830262100273e+03 9.721693813937117739e+02 6.702487300789846358e+01 7.976087353793541723e+00
1.570738756775722431e+05 9.933493092562766105e+04 5.675285833642003126e+04 5.215956762114976300e+04 1.652452260722582650e+04 7.534874185132895036e+03 2.523363159605172314e+03 5.684626663715586119e+02 7.175150300932675407e+01 1.261901207300046934e+01
8.471826069371300400e+04 5.241351126016458147e+04 3.130828985811501479e+04 1.652452260722582650e+04 1.758013535661061542e+04 3.826684887381196859e+03 1.327387757234611854e+03 2.982894905488172981e+02 3.799249166500084840e+01 2.958091631943285740e-02
3.817375335955344781e+04 2.462061484060525618e+04 1.357583710088471526e+04 7.534874185132895036e+03 3.826684887381196859e+03 5.173456258057666673e+03 5.437887724657532544e+02 9.506905343220455507e+01 -1.751096272127838915e+00 2.605100167450042026e+00
1.192231674200234556e+04 7.598166292286250609e+03 4.697698830262100273e+03 2.523363159605172314e+03 1.327387757234611854e+03 5.437887724657532544e+02 1.269619920619390314e+03 8.604947399782800233e+01 9.346658034776937907e-01 -9.146859683279905395e-01
3.234927289848575583e+03 1.755823402830492569e+03 9.721693813937117739e+02 5.684626663715586119e+02 2.982894905488172981e+02 9.506905343220455507e+01 8.604947399782800233e+01 2.236551914661654337e+02 -1.665470643202928480e+00 1.598087068560012813e+00
2.059365467863925119e+02 7.226078374683814332e+01 6.702487300789846358e+01 7.175150300932675407e+01 3.799249166500084840e+01 -1.751096272127838915e+00 9.346658034776937907e-01 -1.665470643202928480e+00 2.026468012872727087e+01 -4.125860889807708709e-02
6.234305163005115169e+00 -7.146408130576852535e+00 7.976087353793541723e+00 1.261901207300046934e+01 2.958091631943285740e-02 2.605100167450042026e+00 -9.146859683279905395e-01 1.598087068560012813e+00 -4.125860889807708709e-02 1.003627393028836412e+00
