1.598288835368573200e+06 8.857764360759062693e+05 5.702888970914020902e+05 3.610799550135275349e+05 2.002333416566828091e+05 1.128967007144667441e+05 5.602023695719681564e+04 1.771156047578831931e+04 6.705050551099237055e+03 7.772852838837083027e+02 1.403842220390002069e+02
8.857764360759062693e+05 7.226991815348301316e+05 3.881740891932035447e+05 2.356218722585250507e+05 1.378214787532210466e+05 7.600489720230322564e+04 3.815532072553296894e+04 1.052201352056687574e+04 4.547178134998502173e+03 5.916621521256724918e+02 7.744135737614874415e+01
5.702888970914020902e+05 3.881740891932035447e+05 3.354893645465319860e+05 1.573046979996342852e+05 8.924428133835131302e+04 4.935378727038584475e+04 2.434066700652574946e+04 8.358493332197233030e+03 2.635646029880575043e+03 2.074999746029103846e+02 6.190357543197035994e+01
3.610799550135275349e+05 2.356218722585250507e+05 1.573046979996342852e+05 1.461035555906619411e+05 5.449775250278341264e+04 2.944883460678049596e+04 1.403390962366639906e+04 5.582774815233524350e+03 1.863936375278022979e+03 1.960127273747215781e+02 7.475418485789761291e+01
2.002333416566828091e+05 1.378214787532210466e+05 8.924428133835131302e+04 5.449775250278341264e+04 5.423158479141285352e+04 1.840983107673226914e+04 9.022754546787764411e+03 2.930848209069756649e+03 1.144258823071584857e+03 1.895579830759792230e+02 2.142480480239084883e+01
1.128967007144667441e+05 7.600489720230322564e+04 4.935378727038584475e+04 2.944883460678049596e+04 1.840983107673226914e+04 2.032234537632149659e+04 4.987307146658978127e+03 1.675508337456398749e+03 7.025977936479879418e+02 8.941468126672168637e+01 2.462302684378764539e+01
5.602023695719681564e+04 3.815532072553296894e+04 2.434066700652574946e+04 1.403390962366639906e+04 9.022754546787764411e+03 4.987307146658978127e+03 6.366794408318904971e+03 9.050858901204341009e+02 3.340914721678848309e+02 6.515707788570307457e+01 2.959060884964418922e-02
1.771156047578831931e+04 1.052201352056687574e+04 8.358493332197233030e+03 5.582774815233524350e+03 2.930848209069756649e+03 1.675508337456398749e+03 9.050858901204341009e+02 1.830704424990006601e+03 3.830880548963740750e+01 2.869222823480834350e+01 -7.487858566308437658e-02
6.705050551099237055e+03 4.547178134998502173e+03 2.635646029880575043e+03 1.863936375278022979e+03 1.144258823071584857e+03 7.025977936479879418e+02 3.340914721678848309e+02 3.830880548963740750e+01 3.487468002212006013e+02 1.061558447522901183e+01 1.947167190830912498e+00
7.772852838837083027e+02 5.916621521256724918e+02 2.074999746029103846e+02 1.960127273747215781e+02 1.895579830759792230e+02 8.941468126672168637e+01 6.515707788570307457e+01 2.869222823480834350e+01 1.061558447522901183e+01 5.352759700820296729e+01 -2.951316459791568647e-01
1.403842220390002069e+02 7.744135737614874415e+01 6.190357543197035994e+01 7.475418485789761291e+01 2.142480480239084883e+01 2.462302684378764539e+01 2.959060884964418922e-02 -7.487858566308437658e-02 1.947167190830912498e+00 -2.951316459791568647e-01 3.003415129109100690e+00
