1.130642940613692161e+06 6.275389065452138893e+05 3.652589070661095320e+05 2.093455982781820348e+05 1.087502345043069654e+05 6.069139894531905156e+04 1.921397347589772835e+04 6.090294323320971671e+03 8.840985749901068402e+02 -7.568598466192493213e-01
6.275389065452138893e+05 5.270700991494064219e+05 2.543727591729751730e+05 1.385276420356767485e+05 7.124832322179831681e+04 4.041331189755059313e+04 1.236366245533645633e+04 4.080474569260808948e+03 5.206646726996148118e+02 3.470574944182869714e+00
3.652589070661095320e+05 2.543727591729751730e+05 1.994300676238681772e+05 8.268264805971962051e+04 4.109126224241302407e+04 2.403643343890849064e+04 8.096290562613812654e+03 2.130380076669685877e+03 3.315830438762390600e+02 3.121948828321586689e+01
2.093455982781820348e+05 1.385276420356767485e+05 8.268264805971962051e+04 7.778025114793083048e+04 2.552492185614982736e+04 1.383186859731731602e+04 5.052733590940455542e+03 1.231250186695004231e+03 2.807989246364631981e+02 2.008619758655891729e+01
1.087502345043069654e+05 7.124832322179831681e+04 4.109126224241302407e+04 2.552492185614982736e+04 2.670810163870327597e+04 7.089008145649197104e+03 2.324163648270276099e+03 6.672758759348944295e+02 1.136623098103935661e+02 1.811757767471893033e+01
6.069139894531905156e+04 4.041331189755059313e+04 2.403643343890849064e+04 1.383186859731731602e+04 7.089008145649197104e+03 9.931185496380090626e+03 1.309979296954375741e+03 4.331552039093223812e+02 8.937220675472536868e+01 5.705860501454230516e+00
1.921397347589772835e+04 1.236366245533645633e+04 8.096290562613812654e+03 5.052733590940455542e+03 2.324163648270276099e+03 1.309979296954375741e+03 2.131121250301586770e+03 1.572974368204741609e+02 1.627444747837214223e+01 3.666652624645005520e+00
6.090294323320971671e+03 4.080474569260808948e+03 2.130380076669685877e+03 1.231250186695004231e+03 6.672758759348944295e+02 4.331552039093223812e+02 1.572974368204741609e+02 4.476041681825518026e+02 1.281171564140739072e+01 1.974502242255487205e+00
8.840985749901068402e+02 5.206646726996148118e+02 3.315830438762390600e+02 2.807989246364631981e+02 1.136623098103935661e+02 8.937220675472536868e+01 1.627444747837214223e+01 1.281171564140739072e+01 6.574876781262325665e+01 3.568613784414121914e-01
-7.568598466192493213e-01 3.470574944182869714e+00 3.121948828321586689e+01 2.008619758655891729e+01 1.811757767471893033e+01 5.705860501454230516e+00 3.666652624645005520e+00 1.974502242255487205e+00 3.568613784414121914e-01 4.970569199719669484e+00
