2.004391445184998214e+06 1.162850330381432781e+06 7.779187456366843544e+05 5.761097255821374711e+05 3.787991847720036167e+05 2.302304098499497923e+05 1.282330990359355928e+05 6.852679999646014767e+04 2.929597499640532260e+04 1.522350945051264534e+04 2.940443264107686446e+03 5.605386891285527327e+02 1.720508319869095715e+02
1.162850330381432781e+06 1.002213238428887445e+06 5.207705191833182471e+05 3.869837435327752610e+05 2.490094034100263088e+05 1.580263585832698736e+05 8.561513988541730214e+04 4.854798394214137807e+04 1.816020483519316986e+04 8.841648194896391942e+03 2.165602428372470968e+03 4.386966755227377917e+02 1.196238142562781377e+02
7.779187456366843544e+05 5.207705191833182471e+05 4.699879441068927408e+05 2.619602796620687877e+05 1.819125957475233299e+05 1.067365883030407131e+05 6.079574439920173609e+04 3.135322725164752410e+04 1.301246344114133535e+04 6.426560571683692615e+03 1.152939098617277295e+03 2.757353430182818101e+02 1.291465064653965555e+02
5.761097255821374711e+05 3.869837435327752610e+05 2.619602796620687877e+05 2.648649574820568087e+05 1.288275844524400745e+05 7.935676304841217643e+04 4.326354112270458427e+04 2.295655158354459491e+04 8.867059181822369283e+03 4.487982742117500493e+03 7.957529642318804690e+02 2.725408582194947371e+02 8.409924006928362417e+01
3.787991847720036167e+05 2.490094034100263088e+05 1.819125957475233299e+05 1.288275844524400745e+05 1.288497510288879566e+05 5.362865355871659995e+04 2.950374283084329727e+04 1.559319652627187315e+04 6.784915752432726549e+03 3.028140370481490208e+03 5.560113329273557383e+02 1.246726907046390949e+02 6.430330262569700039e+01
2.302304098499497923e+05 1.580263585832698736e+05 1.067365883030407131e+05 7.935676304841217643e+04 5.362865355871659995e+04 5.448395964084466686e+04 1.743883683931595442e+04 9.312842403849259426e+03 3.679210598780193777e+03 1.973163473805612057e+03 3.936809041163398888e+02 8.699432222738069242e+01 3.015158879415214344e+01
1.282330990359355928e+05 8.561513988541730214e+04 6.079574439920173609e+04 4.326354112270458427e+04 2.950374283084329727e+04 1.743883683931595442e+04 2.046535578034521313e+04 5.512418936514191955e+03 2.821431216060193492e+03 1.240523514233555261e+03 2.244034395849035661e+02 6.522619742678291743e+01 6.463616815478135713e+00
6.852679999646014767e+04 4.854798394214137807e+04 3.135322725164752410e+04 2.295655158354459491e+04 1.559319652627187315e+04 9.312842403849259426e+03 5.512418936514191955e+03 7.277109796712024945e+03 1.313277299582273372e+03 4.946408928488760921e+02 9.235416189001200848e+01 3.798879717266560618e+01 3.661681521641206860e+00
2.929597499640532260e+04 1.816020483519316986e+04 1.301246344114133535e+04 8.867059181822369283e+03 6.784915752432726549e+03 3.679210598780193777e+03 2.821431216060193492e+03 1.313277299582273372e+03 2.434134248240101442e+03 1.791695276789597813e+02 9.664570775482974341e+01 1.226925434520724778e+01 5.607652677558577992e+00
1.522350945051264534e+04 8.841648194896391942e+03 6.426560571683692615e+03 4.487982742117500493e+03 3.028140370481490208e+03 1.973163473805612057e+03 1.240523514233555261e+03 4.946408928488760921e+02 1.791695276789597813e+02 7.525799885230719610e+02 3.839134296721245221e+01 -3.965330175594815043e-01 -4.906973912877503619e-01
2.940443264107686446e+03 2.165602428372470968e+03 1.152939098617277295e+03 7.957529642318804690e+02 5.560113329273557383e+02 3.936809041163398888e+02 2.244034395849035661e+02 9.235416189001200848e+01 9.664570775482974341e+01 3.839134296721245221e+01 1.254281872445969412e+02 2.865348396538239584e+00 5.416009487325613714e-01
5.605386891285527327e+02 4.386966755227377917e+02 2.757353430182818101e+02 2.725408582194947371e+02 1.246726907046390949e+02 8.699432222738069242e+01 6.522619742678291743e+01 3.798879717266560618e+01 1.226925434520724778e+01 -3.965330175594815043e-01 2.865348396538239584e+00 1.945769490596147122e+01 -7.063226399933437982e-02
1.720508319869095715e+02 1.196238142562781377e+02 1.291465064653965555e+02 8.409924006928362417e+01 6.430330262569700039e+01 3.015158879415214344e+01 6.463616815478135713e+00 3.661681521641206860e+00 5.607652677558577992e+00 -4.906973912877503619e-01 5.416009487325613714e-01 -7.063226399933437982e-02 2.000997532119462186e+00
