1.180378310135942418e+06 6.507797434969114838e+05 3.770450614954259945e+05 2.154189702516920806e+05 1.116609987376118806e+05 6.222294944530172506e+04 1.967829953150967049e+04 6.233008119007063215e+03 9.043832135784765569e+02 -7.739711918704361704e-01
6.507797434969114838e+05 5.429494201557765482e+05 2.608318771859557310e+05 1.415970411370213260e+05 7.266806208127218997e+04 4.115717073849552980e+04 1.257810293115578133e+04 4.148276647489076822e+03 5.290631805535358581e+02 3.525399855256599047e+00
3.770450614954259945e+05 2.608318771859557310e+05 2.035540625411244982e+05 8.412618318972238922e+04 4.171742409906475223e+04 2.436633262597567591e+04 8.198854179256937641e+03 2.155823490516645506e+03 3.353828203711697142e+02 3.156689075918837872e+01
2.154189702516920806e+05 1.415970411370213260e+05 8.412618318972238922e+04 7.888852199799068330e+04 2.583212263099601842e+04 1.397747313865695105e+04 5.100598595754978305e+03 1.242024284657099770e+03 2.831206906478045653e+02 2.024563616012470035e+01
1.116609987376118806e+05 7.266806208127218997e+04 4.171742409906475223e+04 2.583212263099601842e+04 2.697055521909843810e+04 7.147998972040483750e+03 2.341060541522137100e+03 6.716459438323773838e+02 1.143520199050565225e+02 1.822153767579294836e+01
6.222294944530172506e+04 4.115717073849552980e+04 2.436633262597567591e+04 1.397747313865695105e+04 7.147998972040483750e+03 9.998900324953614472e+03 1.317536065524565174e+03 4.353420800061025489e+02 8.978049257694375740e+01 5.730046949691181446e+00
1.967829953150967049e+04 1.257810293115578133e+04 8.198854179256937641e+03 5.100598595754978305e+03 2.341060541522137100e+03 1.317536065524565174e+03 2.141179982367811135e+03 1.579267478688008453e+02 1.633174875392905179e+01 3.678355778066273896e+00
6.233008119007063215e+03 4.148276647489076822e+03 2.155823490516645506e+03 1.242024284657099770e+03 6.716459438323773838e+02 4.353420800061025489e+02 1.579267478688008453e+02 4.490732642603809950e+02 1.284762226540945029e+01 1.979386610886028075e+00
9.043832135784765569e+02 5.290631805535358581e+02 3.353828203711697142e+02 2.831206906478045653e+02 1.143520199050565225e+02 8.978049257694375740e+01 1.633174875392905179e+01 1.284762226540945029e+01 6.590152695340475475e+01 3.575731796361782400e-01
-7.739711918704361704e-01 3.525399855256599047e+00 3.156689075918837872e+01 2.024563616012470035e+01 1.822153767579294836e+01 5.730046949691181446e+00 3.678355778066273896e+00 1.979386610886028075e+00 3.575731796361782400e-01 4.978849979706018836e+00
