1.681023711717965198e+05 5.833915227858375874e+04 2.094655022810095761e+04 9.463049062709385908e+03 2.229991820414768881e+03 2.108597379493823780e+02 -1.579249187947613997e+01 -3.365513064310511560e+00
5.833915227858375874e+04 4.812438924995316484e+04 1.145960336494674084e+04 5.012026115249645045e+03 1.117540432929996541e+03 1.227904536424066890e+02 -8.139939117446086669e+00 -1.018657932715531622e+01
2.094655022810095761e+04 1.145960336494674084e+04 1.081251491821251693e+04 2.021067479255730632e+03 4.836385031069812044e+02 2.434003268675353837e+01 3.017583416431861565e-01 -5.831637893680728268e+00
9.463049062709385908e+03 5.012026115249645045e+03 2.021067479255730632e+03 2.719201942332906128e+03 2.137059234402557593e+02 2.096336855992688442e+01 -1.722256292581093584e+00 -2.739001488675266494e+00
2.229991820414768881e+03 1.117540432929996541e+03 4.836385031069812044e+02 2.137059234402557593e+02 5.069799786982096066e+02 1.372480175995415497e+00 1.290605956393008069e-01 -8.866750475964852996e-01
2.108597379493823780e+02 1.227904536424066890e+02 2.434003268675353837e+01 2.096336855992688442e+01 1.372480175995415497e+00 4.788269866215070181e+01 -9.906554262755271067e-02 -9.896902185709539890e-02
-1.579249187947613997e+01 -8.139939117446086669e+00 3.017583416431861565e-01 -1.722256292581093584e+00 1.290605956393008069e-01 -9.906554262755271067e-02 1.010640824601489962e+00 -1.975843727747086682e-03
-3.365513064310511560e+00 -1.018657932715531622e+01 -5.831637893680728268e+00 -2.739001488675266494e+00 -8.866750475964852996e-01 -9.896902185709539890e-02 -1.975843727747086682e-03 1.008672424541541934e+00
