1.888257111394917360e+06 1.092557019165576668e+06 7.218062550566929858e+05 4.912330976478303201e+05 3.149795690855284920e+05 1.877622497131396667e+05 1.022093227338335710e+05 4.746424663507642981e+04 1.934110317905935881e+04 6.040793974348381198e+03 1.762057675237018884e+03 1.373897713196726897e+02
1.092557019165576668e+06 9.412401835198990302e+05 4.962272747604295146e+05 3.488630289667706238e+05 2.221604380238631857e+05 1.315706693044292915e+05 7.331612077921869059e+04 3.471838594631600427e+04 1.374683280044724233e+04 4.588558616198070922e+03 1.199958011285177236e+03 1.633731202517595875e+02
7.218062550566929858e+05 4.962272747604295146e+05 4.437796455885662581e+05 2.337134377983172599e+05 1.471636312817416911e+05 8.580774043143288873e+04 4.587465311810658022e+04 2.145938943689227017e+04 9.525083683297896641e+03 2.459543813378349114e+03 8.110259104397318879e+02 8.676106718607985613e+01
4.912330976478303201e+05 3.488630289667706238e+05 2.337134377983172599e+05 2.175619382045868551e+05 9.979795619542352506e+04 6.085827019142785139e+04 3.287690526187063369e+04 1.521401812880813486e+04 6.151033675962328743e+03 1.793671825589973650e+03 5.878640040709786945e+02 9.400408100715831949e+01
3.149795690855284920e+05 2.221604380238631857e+05 1.471636312817416911e+05 9.979795619542352506e+04 9.989295335967074789e+04 3.738507118330736557e+04 2.061196009089097788e+04 1.101788794314294864e+04 4.138430781047996788e+03 1.089594099091364797e+03 3.354643004163918363e+02 6.211724989107916173e+01
1.877622497131396667e+05 1.315706693044292915e+05 8.580774043143288873e+04 6.085827019142785139e+04 3.738507118330736557e+04 4.052453995724739070e+04 1.201233496498000750e+04 5.697584471999799462e+03 2.591708755284307699e+03 8.195322371653543314e+02 2.592806830257454749e+02 3.452021245588209108e+00
1.022093227338335710e+05 7.331612077921869059e+04 4.587465311810658022e+04 3.287690526187063369e+04 2.061196009089097788e+04 1.201233496498000750e+04 1.480318556082936630e+04 3.557938186052329911e+03 1.554463052911624345e+03 4.292154335179932332e+02 1.116423330801569733e+02 8.060873459442272626e-01
4.746424663507642981e+04 3.471838594631600427e+04 2.145938943689227017e+04 1.521401812880813486e+04 1.101788794314294864e+04 5.697584471999799462e+03 3.557938186052329911e+03 5.011226676578844490e+03 7.277838730729426970e+02 1.426028332762699051e+02 7.416155524470507032e+01 7.990214433191830778e+00
1.934110317905935881e+04 1.374683280044724233e+04 9.525083683297896641e+03 6.151033675962328743e+03 4.138430781047996788e+03 2.591708755284307699e+03 1.554463052911624345e+03 7.277838730729426970e+02 1.295445637516690567e+03 7.072262096778332818e+01 4.113524683085107370e+01 1.602372466043924248e+00
6.040793974348381198e+03 4.588558616198070922e+03 2.459543813378349114e+03 1.793671825589973650e+03 1.089594099091364797e+03 8.195322371653543314e+02 4.292154335179932332e+02 1.426028332762699051e+02 7.072262096778332818e+01 3.402891582970634090e+02 9.671698245406847860e+00 -1.189596811425399858e+00
1.762057675237018884e+03 1.199958011285177236e+03 8.110259104397318879e+02 5.878640040709786945e+02 3.354643004163918363e+02 2.592806830257454749e+02 1.116423330801569733e+02 7.416155524470507032e+01 4.113524683085107370e+01 9.671698245406847860e+00 5.164690693082204831e+01 -4.219531750932926650e-01
1.373897713196726897e+02 1.633731202517595875e+02 8.676106718607985613e+01 9.400408100715831949e+01 6.211724989107916173e+01 3.452021245588209108e+00 8.060873459442272626e-01 7.990214433191830778e+00 1.602372466043924248e+00 -1.189596811425399858e+00 -4.219531750932926650e-01 4.974192628190442278e+00
