2.069964856406539213e+06 1.214505307785744080e+06 8.290748648780549411e+05 6.102236195317239035e+05 3.918894168678924325e+05 2.685388640687414445e+05 1.395859550717800739e+05 7.988473821390941157e+04 4.219341944236063136e+04 1.733871810657632886e+04 5.256903595011191101e+03 1.457777410605190653e+03 1.932196818627313348e+02
1.214505307785744080e+06 1.053652672741891583e+06 5.756757606095403899e+05 4.113566739058130188e+05 2.643971237073276425e+05 1.850147773323996807e+05 9.995833551845318289e+04 5.569989381995306758e+04 2.753029867277190351e+04 1.251505087164811448e+04 3.265459819435751797e+03 1.306598663395122230e+03 2.906784038049718788e+01
8.290748648780549411e+05 5.756757606095403899e+05 5.314447777922921814e+05 2.882600917694663513e+05 1.995847217744046065e+05 1.312436420308526431e+05 7.086547459423191322e+04 3.831179349117280799e+04 2.044244416940871452e+04 8.320902864145549756e+03 2.442068283634679119e+03 6.493791137596066392e+02 7.472294795243826115e+01
6.102236195317239035e+05 4.113566739058130188e+05 2.882600917694663513e+05 2.812886468122347724e+05 1.380014865848225309e+05 9.359090349748526933e+04 5.319959693617944140e+04 2.654892269818767454e+04 1.454334349627349911e+04 5.589329158196825119e+03 1.947951509548699505e+03 4.433218265475720727e+02 7.197267541092185184e+01
3.918894168678924325e+05 2.643971237073276425e+05 1.995847217744046065e+05 1.380014865848225309e+05 1.385879238492343866e+05 6.278627584591488267e+04 3.505965961314530432e+04 1.867643956568148496e+04 9.549234238253149670e+03 4.156820694203046514e+03 1.119473403252987964e+03 2.870880428488810594e+02 8.659573248501594378e+01
2.685388640687414445e+05 1.850147773323996807e+05 1.312436420308526431e+05 9.359090349748526933e+04 6.278627584591488267e+04 6.716475505719009379e+04 2.219276910040492658e+04 1.238230550541946650e+04 6.360713870900790425e+03 2.826604898622736073e+03 8.286891205667035365e+02 3.009629568524809429e+02 4.828697385901784145e+01
1.395859550717800739e+05 9.995833551845318289e+04 7.086547459423191322e+04 5.319959693617944140e+04 3.505965961314530432e+04 2.219276910040492658e+04 2.456817581654156675e+04 7.147969001888067396e+03 3.639547299348583238e+03 1.707895658592960899e+03 4.080361495958710520e+02 1.518845866061213599e+02 4.549351573618713118e+00
7.988473821390941157e+04 5.569989381995306758e+04 3.831179349117280799e+04 2.654892269818767454e+04 1.867643956568148496e+04 1.238230550541946650e+04 7.147969001888067396e+03 9.685382076420475641e+03 1.916155973166042259e+03 8.560353892248484726e+02 2.481359037065152506e+02 1.008900802412991169e+02 -6.780933589727946575e+00
4.219341944236063136e+04 2.753029867277190351e+04 2.044244416940871452e+04 1.454334349627349911e+04 9.549234238253149670e+03 6.360713870900790425e+03 3.639547299348583238e+03 1.916155973166042259e+03 3.766861288061450978e+03 3.609881782740783365e+02 1.403547844834334342e+02 5.303998509657598959e+01 4.485303346742892217e+00
1.733871810657632886e+04 1.251505087164811448e+04 8.320902864145549756e+03 5.589329158196825119e+03 4.156820694203046514e+03 2.826604898622736073e+03 1.707895658592960899e+03 8.560353892248484726e+02 3.609881782740783365e+02 9.734889188551882171e+02 7.184704097372757303e+01 5.046213786923006595e+00 -8.335883842940943200e-01
5.256903595011191101e+03 3.265459819435751797e+03 2.442068283634679119e+03 1.947951509548699505e+03 1.119473403252987964e+03 8.286891205667035365e+02 4.080361495958710520e+02 2.481359037065152506e+02 1.403547844834334342e+02 7.184704097372757303e+01 2.455178625302928310e+02 6.181937906770339275e+00 2.271635394279464037e+00
1.457777410605190653e+03 1.306598663395122230e+03 6.493791137596066392e+02 4.433218265475720727e+02 2.870880428488810594e+02 3.009629568524809429e+02 1.518845866061213599e+02 1.008900802412991169e+02 5.303998509657598959e+01 5.046213786923006595e+00 6.181937906770339275e+00 4.197005748466748543e+01 -3.221656998085978829e-01
1.932196818627313348e+02 2.906784038049718788e+01 7.472294795243826115e+01 7.197267541092185184e+01 8.659573248501594378e+01 4.828697385901784145e+01 4.549351573618713118e+00 -6.780933589727946575e+00 4.485303346742892217e+00 -8.335883842940943200e-01 2.271635394279464037e+00 -3.221656998085978829e-01 3.990579431588473724e+00
