1.214294424178750720e+06 7.348671543383671669e+05 4.481618366350970464e+05 2.602263602850589668e+05 1.432104162591196655e+05 8.144797043515733094e+04 3.201721071840072909e+04 1.070646095871203215e+04 1.994219813802505314e+03 1.310896940498185472e+02
7.348671543383671669e+05 6.470103672703091288e+05 3.243113599595405394e+05 1.837556962787262455e+05 1.040742877056937432e+05 5.947029773935898265e+04 2.257387041256643715e+04 7.852552280360239820e+03 1.734283554367465968e+03 1.719954197479280253e+02
4.481618366350970464e+05 3.243113599595405394e+05 2.757634282344044186e+05 1.161532885060882836e+05 6.031409450790670235e+04 3.577972179947036057e+04 1.360698710559422034e+04 4.928273283267004444e+03 7.414716702218300952e+02 2.014070718172743568e+02
2.602263602850589668e+05 1.837556962787262455e+05 1.161532885060882836e+05 1.016160186886481533e+05 3.738876661777277332e+04 2.092026498060175800e+04 8.566131900536218382e+03 2.590319491729819219e+03 5.990251569195719412e+02 1.252544222793228528e+02
1.432104162591196655e+05 1.040742877056937432e+05 6.031409450790670235e+04 3.738876661777277332e+04 4.031281032164936187e+04 1.122612171368768031e+04 4.795252224064532129e+03 1.759377575913026249e+03 2.314971526610202659e+02 6.959189034968264309e+01
8.144797043515733094e+04 5.947029773935898265e+04 3.577972179947036057e+04 2.092026498060175800e+04 1.122612171368768031e+04 1.455429720321158493e+04 3.188881905323460160e+03 9.602786754033323859e+02 1.578660620938159980e+02 5.941938028729796883e+01
3.201721071840072909e+04 2.257387041256643715e+04 1.360698710559422034e+04 8.566131900536218382e+03 4.795252224064532129e+03 3.188881905323460160e+03 3.751946415646319110e+03 3.864495004231700932e+02 6.729385993466758009e+01 2.047835294748321644e+01
1.070646095871203215e+04 7.852552280360239820e+03 4.928273283267004444e+03 2.590319491729819219e+03 1.759377575913026249e+03 9.602786754033323859e+02 3.864495004231700932e+02 9.171866835681489647e+02 3.474496497792188165e+01 9.807805576724899055e+00
1.994219813802505314e+03 1.734283554367465968e+03 7.414716702218300952e+02 5.990251569195719412e+02 2.314971526610202659e+02 1.578660620938159980e+02 6.729385993466758009e+01 3.474496497792188165e+01 1.554817574993968492e+02 1.662738730320425962e+00
1.310896940498185472e+02 1.719954197479280253e+02 2.014070718172743568e+02 1.252544222793228528e+02 6.959189034968264309e+01 5.941938028729796883e+01 2.047835294748321644e+01 9.807805576724899055e+00 1.662738730320425962e+00 1.743522734670899155e+01
