1.583385022631795611e+06 8.775256202386850491e+05 5.651895678111521993e+05 3.580411020495492849e+05 1.986608839788114419e+05 1.120710148750287626e+05 5.563733195305681147e+04 1.759779194943823677e+04 6.664313742241774889e+03 7.727925839876174905e+02 1.395962320454476924e+02
8.775256202386850491e+05 7.159746741862860508e+05 3.847070797898066230e+05 2.336412513072822185e+05 1.367405395132769481e+05 7.544979181765700923e+04 3.789490982435095793e+04 1.045453265499316876e+04 4.519597517966859414e+03 5.882483323562898931e+02 7.700745458695587331e+01
5.651895678111521993e+05 3.847070797898066230e+05 3.326181406834137742e+05 1.560411537111867219e+05 8.857768359445624810e+04 4.901178199684833089e+04 2.418364632865752719e+04 8.308015665513583372e+03 2.620646336061506190e+03 2.063804248269937034e+02 6.157991484839980245e+01
3.580411020495492849e+05 2.336412513072822185e+05 1.560411537111867219e+05 1.450068536437968141e+05 5.411937834120884509e+04 2.926027517375491152e+04 1.395077287209007045e+04 5.552003125491843093e+03 1.854311538042023585e+03 1.950585586128288469e+02 7.440277698203838952e+01
1.986608839788114419e+05 1.367405395132769481e+05 8.857768359445624810e+04 5.411937834120884509e+04 5.388563011791667668e+04 1.830233749642797920e+04 8.974395370361764435e+03 2.916348233033776069e+03 1.138996394858773783e+03 1.887423164840577954e+02 2.133619499341556036e+01
1.120710148750287626e+05 7.544979181765700923e+04 4.901178199684833089e+04 2.926027517375491152e+04 1.830233749642797920e+04 2.021467065074714628e+04 4.963274065485706160e+03 1.668125546622077536e+03 6.997468423848201837e+02 8.907834113030388323e+01 2.453452321139824122e+01
5.563733195305681147e+04 3.789490982435095793e+04 2.418364632865752719e+04 1.395077287209007045e+04 8.974395370361764435e+03 4.963274065485706160e+03 6.339168086274875350e+03 9.015321818735028501e+02 3.328962136709004653e+02 6.494327515510431681e+01 2.949846279178063718e-02
1.759779194943823677e+04 1.045453265499316876e+04 8.308015665513583372e+03 5.552003125491843093e+03 2.916348233033776069e+03 1.668125546622077536e+03 9.015321818735028501e+02 1.824272324292936901e+03 3.818757444904670706e+01 2.860993445913872435e+01 -7.467635555573740036e-02
6.664313742241774889e+03 4.519597517966859414e+03 2.620646336061506190e+03 1.854311538042023585e+03 1.138996394858773783e+03 6.997468423848201837e+02 3.328962136709004653e+02 3.818757444904670706e+01 3.477648796510674742e+02 1.058884332146970308e+01 1.942588220500482965e+00
7.727925839876174905e+02 5.882483323562898931e+02 2.063804248269937034e+02 1.950585586128288469e+02 1.887423164840577954e+02 8.907834113030388323e+01 6.494327515510431681e+01 2.860993445913872435e+01 1.058884332146970308e+01 5.340863531345558357e+01 -2.945251663063158665e-01
1.395962320454476924e+02 7.700745458695587331e+01 6.157991484839980245e+01 7.440277698203838952e+01 2.133619499341556036e+01 2.453452321139824122e+01 2.949846279178063718e-02 -7.467635555573740036e-02 1.942588220500482965e+00 -2.945251663063158665e-01 2.997746400098244113e+00
