1.707135011849354953e+06 9.884097642010307172e+05 6.432592272857079515e+05 4.178524694356772234e+05 2.435149718022988818e+05 1.486261713849764492e+05 7.824506848141804221e+04 3.404167229778667388e+04 9.219644077350118096e+03 3.781781901877855034e+03 3.833459528350745131e+02 -1.822030510867092090e+01
9.884097642010307172e+05 8.466745038541984977e+05 4.501916609412559774e+05 2.949561441784999333e+05 1.704765519141392724e+05 1.057183002170673426e+05 5.375089710674453090e+04 2.424888629322102861e+04 6.714596408836549926e+03 2.788269211355697280e+03 4.538415464243002475e+02 2.228485857348218246e+01
6.432592272857079515e+05 4.501916609412559774e+05 3.945087348031161819e+05 1.906304819301063544e+05 1.186642851663395559e+05 6.421771647662574833e+04 3.546032591243713978e+04 1.516426690540994787e+04 4.546304953857980763e+03 1.840621427376207521e+03 2.593467545128139022e+02 -2.147347701361310257e+01
4.178524694356772234e+05 2.949561441784999333e+05 1.906304819301063544e+05 1.851095430453325098e+05 7.536538161331297306e+04 4.433963193944920204e+04 2.296078955693214812e+04 9.684227957929078912e+03 2.861682229036386161e+03 1.190570720164677596e+03 1.772073362344205805e+02 5.889297058178455835e+00
2.435149718022988818e+05 1.704765519141392724e+05 1.186642851663395559e+05 7.536538161331297306e+04 7.142994611646987323e+04 2.611172478601566036e+04 1.339824556287967425e+04 6.191637749342114148e+03 1.928729447974761570e+03 6.803309687308003504e+02 1.009824957097847147e+02 -3.403575016502458084e-01
1.486261713849764492e+05 1.057183002170673426e+05 6.421771647662574833e+04 4.433963193944920204e+04 2.611172478601566036e+04 2.867396459849350867e+04 8.200141918977091336e+03 3.809810467658554444e+03 1.190624763189068290e+03 4.893653835044701736e+02 5.982551164982517378e+01 6.933483492660727165e+00
7.824506848141804221e+04 5.375089710674453090e+04 3.546032591243713978e+04 2.296078955693214812e+04 1.339824556287967425e+04 8.200141918977091336e+03 9.833828729493010542e+03 2.080535394992778038e+03 6.760238128507961619e+02 2.369948113775137415e+02 3.484898985817697081e+01 1.670105578986982975e+00
3.404167229778667388e+04 2.424888629322102861e+04 1.516426690540994787e+04 9.684227957929078912e+03 6.191637749342114148e+03 3.809810467658554444e+03 2.080535394992778038e+03 3.341882396745736514e+03 2.144206564209711701e+02 1.052829912662864871e+02 2.038902701092495207e+01 -3.474335816294081614e+00
9.219644077350118096e+03 6.714596408836549926e+03 4.546304953857980763e+03 2.861682229036386161e+03 1.928729447974761570e+03 1.190624763189068290e+03 6.760238128507961619e+02 2.144206564209711701e+02 6.648604935277247705e+02 3.889724402237767009e+01 8.666075647181132879e+00 -1.271270844552734758e+00
3.781781901877855034e+03 2.788269211355697280e+03 1.840621427376207521e+03 1.190570720164677596e+03 6.803309687308003504e+02 4.893653835044701736e+02 2.369948113775137415e+02 1.052829912662864871e+02 3.889724402237767009e+01 1.502154635349705245e+02 3.718471705776592029e-01 -2.812366045875914211e-01
3.833459528350745131e+02 4.538415464243002475e+02 2.593467545128139022e+02 1.772073362344205805e+02 1.009824957097847147e+02 5.982551164982517378e+01 3.484898985817697081e+01 2.038902701092495207e+01 8.666075647181132879e+00 3.718471705776592029e-01 1.275755005603165060e+01 -2.555641117550353641e-02
-1.822030510867092090e+01 2.228485857348218246e+01 -2.147347701361310257e+01 5.889297058178455835e+00 -3.403575016502458084e-01 6.933483492660727165e+00 1.670105578986982975e+00 -3.474335816294081614e+00 -1.271270844552734758e+00 -2.812366045875914211e-01 -2.555641117550353641e-02 1.004177638644623061e+00
