1.808695190964994021e+06 1.053600294484196231e+06 6.992777612217662390e+05 4.774039599419150036e+05 3.067792643563552992e+05 1.831483182126285392e+05 9.980005701570768724e+04 4.637894395318377065e+04 1.890803739262620365e+04 5.907522474254693407e+03 1.723585556121493482e+03 1.344151715105437859e+02
1.053600294484196231e+06 9.138180847041374072e+05 4.839909307945517357e+05 3.413350300588738755e+05 2.178401147667260957e+05 1.292055757752296486e+05 7.207211614539136644e+04 3.415397900590333302e+04 1.352992465562079087e+04 4.517676816495439198e+03 1.181697435288819634e+03 1.609170308018294975e+02
6.992777612217662390e+05 4.839909307945517357e+05 4.348317778807278955e+05 2.297242810191313038e+05 1.449669271793453954e+05 8.465369933479125029e+04 4.530414022617635055e+04 2.120784034987513951e+04 9.418003147965635435e+03 2.432712252174234436e+03 8.023655546662048437e+02 8.585065161361730190e+01
4.774039599419150036e+05 3.413350300588738755e+05 2.297242810191313038e+05 2.145237882514114899e+05 9.861873016723486944e+04 6.022938110684404091e+04 3.257056938354083832e+04 1.508315988373140499e+04 6.101090360407471962e+03 1.779706909823378965e+03 5.834232558851859949e+02 9.331140735520813223e+01
3.067792643563552992e+05 2.178401147667260957e+05 1.449669271793453954e+05 9.861873016723486944e+04 9.892768192523210018e+04 3.707935995955960243e+04 2.046439613818775251e+04 1.094692082214710172e+04 4.113772480956980871e+03 1.083466438930585127e+03 3.336555849586877684e+02 6.179388099769660414e+01
1.831483182126285392e+05 1.292055757752296486e+05 8.465369933479125029e+04 6.022938110684404091e+04 3.707935995955960243e+04 4.025345368622647948e+04 1.194422876750642354e+04 5.669378288226687800e+03 2.580131295453145412e+03 8.161458940491638714e+02 2.582695991513666058e+02 3.439202515306867269e+00
9.980005701570768724e+04 7.207211614539136644e+04 4.530414022617635055e+04 3.257056938354083832e+04 2.046439613818775251e+04 1.194422876750642354e+04 1.473436710184104595e+04 3.543958976872636867e+03 1.549107792938862985e+03 4.278807143048558714e+02 1.113211423056724954e+02 8.039184898954041536e-01
4.637894395318377065e+04 3.415397900590333302e+04 2.120784034987513951e+04 1.508315988373140499e+04 1.094692082214710172e+04 5.669378288226687800e+03 3.543958976872636867e+03 4.995147536965446307e+03 7.258011419992901665e+02 1.422622002826267362e+02 7.400167738328146072e+01 7.974479264402163814e+00
1.890803739262620365e+04 1.352992465562079087e+04 9.418003147965635435e+03 6.101090360407471962e+03 4.113772480956980871e+03 2.580131295453145412e+03 1.549107792938862985e+03 7.258011419992901665e+02 1.292544069607573647e+03 7.058796496643408602e+01 4.106650939602710793e+01 1.599993872572563092e+00
5.907522474254693407e+03 4.517676816495439198e+03 2.432712252174234436e+03 1.779706909823378965e+03 1.083466438930585127e+03 8.161458940491638714e+02 4.278807143048558714e+02 1.422622002826267362e+02 7.058796496643408602e+01 3.397555615978822061e+02 9.658786539573693375e+00 -1.188230743601613959e+00
1.723585556121493482e+03 1.181697435288819634e+03 8.023655546662048437e+02 5.834232558851859949e+02 3.336555849586877684e+02 2.582695991513666058e+02 1.113211423056724954e+02 7.400167738328146072e+01 4.106650939602710793e+01 9.658786539573693375e+00 5.158999850643954233e+01 -4.215670129939761424e-01
1.344151715105437859e+02 1.609170308018294975e+02 8.585065161361730190e+01 9.331140735520813223e+01 6.179388099769660414e+01 3.439202515306867269e+00 8.039184898954041536e-01 7.974479264402163814e+00 1.599993872572563092e+00 -1.188230743601613959e+00 -4.215670129939761424e-01 4.970569199719670372e+00
