1.691216224224756239e+06 9.792041696247211657e+05 6.375084214826740790e+05 4.143372470010566176e+05 2.416038276762528403e+05 1.475396577265848755e+05 7.771079790356023295e+04 3.382323806373896514e+04 9.163703987730714289e+03 3.759904070775103264e+03 3.812060007278014950e+02 -1.812227312698831838e+01
9.792041696247211657e+05 8.387985466080904007e+05 4.461719955713910167e+05 2.924781389095649356e+05 1.691405567067768716e+05 1.049466579963552213e+05 5.338448660193846445e+04 2.409356433271272908e+04 6.673931893874247180e+03 2.772170571634022053e+03 4.513132213728277975e+02 2.216521094723237795e+01
6.375084214826740790e+05 4.461719955713910167e+05 3.911336308040831937e+05 1.891001979412772635e+05 1.177787131115186930e+05 6.377301859909993073e+04 3.523187452830286202e+04 1.507281435498272549e+04 4.520475238167413409e+03 1.830684032542190607e+03 2.579991636212794788e+02 -2.136623656875222110e+01
4.143372470010566176e+05 2.924781389095649356e+05 1.891001979412772635e+05 1.837213161190232495e+05 7.484275771091994829e+04 4.405602409806881042e+04 2.282500847558092937e+04 9.630947948530931171e+03 2.846938195300626830e+03 1.184773193388784875e+03 1.763803822178803955e+02 5.863004443510315689e+00
2.416038276762528403e+05 1.691405567067768716e+05 1.177787131115186930e+05 7.484275771091994829e+04 7.097499018922766845e+04 2.595947569350164122e+04 1.332659508542488038e+04 6.161078056433363599e+03 1.919884417043620715e+03 6.774034464438851728e+02 1.005684650253299424e+02 -3.390308584855199481e-01
1.475396577265848755e+05 1.049466579963552213e+05 6.377301859909993073e+04 4.405602409806881042e+04 2.595947569350164122e+04 2.852222753434456172e+04 8.160710586098952263e+03 3.793061468479381801e+03 1.185807032442897025e+03 4.875237134648932056e+02 5.961252007637587980e+01 6.910201739236097929e+00
7.771079790356023295e+04 5.338448660193846445e+04 3.523187452830286202e+04 2.282500847558092937e+04 1.332659508542488038e+04 8.160710586098952263e+03 9.791295543127025667e+03 2.072394975377093488e+03 6.736154147767103950e+02 2.362175983591867521e+02 3.474178803321449038e+01 1.665306125199601084e+00
3.382323806373896514e+04 2.409356433271272908e+04 1.507281435498272549e+04 9.630947948530931171e+03 6.161078056433363599e+03 3.793061468479381801e+03 2.072394975377093488e+03 3.330185973781330631e+03 2.137452864906319974e+02 1.049811992970311110e+02 2.033472839211993133e+01 -3.465786842516863864e+00
9.163703987730714289e+03 6.673931893874247180e+03 4.520475238167413409e+03 2.846938195300626830e+03 1.919884417043620715e+03 1.185807032442897025e+03 6.736154147767103950e+02 2.137452864906319974e+02 6.629992749957862088e+02 3.879937648148621321e+01 8.646034240248685165e+00 -1.268588420191652855e+00
3.759904070775103264e+03 2.772170571634022053e+03 1.830684032542190607e+03 1.184773193388784875e+03 6.774034464438851728e+02 4.875237134648932056e+02 2.362175983591867521e+02 1.049811992970311110e+02 3.879937648148621321e+01 1.498800903823857595e+02 3.710926440945556681e-01 -2.807229318209376046e-01
3.812060007278014950e+02 4.513132213728277975e+02 2.579991636212794788e+02 1.763803822178803955e+02 1.005684650253299424e+02 5.961252007637587980e+01 3.474178803321449038e+01 2.033472839211993133e+01 8.646034240248685165e+00 3.710926440945556681e-01 1.273425979965169930e+01 -2.551493534828925755e-02
-1.812227312698831838e+01 2.216521094723237795e+01 -2.136623656875222110e+01 5.863004443510315689e+00 -3.390308584855199481e-01 6.910201739236097929e+00 1.665306125199601084e+00 -3.465786842516863864e+00 -1.268588420191652855e+00 -2.807229318209376046e-01 -2.551493534828925755e-02 1.002751526901519918e+00
