2.050653274610663764e+06 1.203192705792757683e+06 8.216635266107643256e+05 6.050907427284171572e+05 3.888145713228273671e+05 2.665766531483857543e+05 1.386334180441012722e+05 7.937254954587706015e+04 4.193773402633312799e+04 1.723858805471564483e+04 5.227775194128646945e+03 1.449959119148599939e+03 1.922143955286780397e+02
1.203192705792757683e+06 1.043853990721911076e+06 5.705381812447846169e+05 4.079026740454214741e+05 2.623265410043707234e+05 1.836656290029668016e+05 9.927770609877858078e+04 5.534359812492091442e+04 2.736387958363371945e+04 1.244296370952738107e+04 3.247414643999987220e+03 1.299610646842321103e+03 2.891703919834566250e+01
8.216635266107643256e+05 5.705381812447846169e+05 5.269014586961535970e+05 2.859479664380796603e+05 1.980967208329486020e+05 1.303359536294581631e+05 7.040960456415248336e+04 3.808114465244396706e+04 2.032656789920940355e+04 8.276108098290278576e+03 2.429493217260144320e+03 6.461507522463623445e+02 7.436345193073631776e+01
6.050907427284171572e+05 4.079026740454214741e+05 2.859479664380796603e+05 2.791810461629123311e+05 1.370455673411710886e+05 9.299312341279818793e+04 5.288552035806218191e+04 2.640314426386048217e+04 1.446860736148410615e+04 5.562200288546672709e+03 1.938952920562144527e+03 4.413528006516854134e+02 7.166455784760590575e+01
3.888145713228273671e+05 2.623265410043707234e+05 1.980967208329486020e+05 1.370455673411710886e+05 1.377063981223224255e+05 6.242081296347861644e+04 3.487254449785552424e+04 1.858447659683279926e+04 9.505577735868024320e+03 4.139002897206343732e+03 1.114937195379138529e+03 2.859758630374491304e+02 8.627416622251554656e+01
2.665766531483857543e+05 1.836656290029668016e+05 1.303359536294581631e+05 9.299312341279818793e+04 6.242081296347861644e+04 6.681009645642759278e+04 2.208632218320753236e+04 1.232803132424382966e+04 6.335075539300408309e+03 2.816018559970569186e+03 8.257797487880962990e+02 2.999599595598243695e+02 4.813380967814208589e+01
1.386334180441012722e+05 9.927770609877858078e+04 7.040960456415248336e+04 5.288552035806218191e+04 3.487254449785552424e+04 2.208632218320753236e+04 2.446223110443487894e+04 7.120100432116258162e+03 3.626640864005334151e+03 1.702326991088205432e+03 4.068014353222201294e+02 1.514520617332065058e+02 4.537127593665212899e+00
7.937254954587706015e+04 5.534359812492091442e+04 3.808114465244396706e+04 2.640314426386048217e+04 1.858447659683279926e+04 1.232803132424382966e+04 7.120100432116258162e+03 9.651626842958514317e+03 1.910153840335313362e+03 8.535985631809659253e+02 2.474877743342956364e+02 1.006445493225668315e+02 -6.765521664858979101e+00
4.193773402633312799e+04 2.736387958363371945e+04 2.032656789920940355e+04 1.446860736148410615e+04 9.505577735868024320e+03 6.335075539300408309e+03 3.626640864005334151e+03 1.910153840335313362e+03 3.756391423941659923e+03 3.600880092373757293e+02 1.400377379822189710e+02 5.292963622722233197e+01 4.476693303977638649e+00
1.723858805471564483e+04 1.244296370952738107e+04 8.276108098290278576e+03 5.562200288546672709e+03 4.139002897206343732e+03 2.816018559970569186e+03 1.702326991088205432e+03 8.535985631809659253e+02 3.600880092373757293e+02 9.713397462679607770e+02 7.170529376080837380e+01 5.037158646142358975e+00 -8.322266976271958105e-01
5.227775194128646945e+03 3.247414643999987220e+03 2.429493217260144320e+03 1.938952920562144527e+03 1.114937195379138529e+03 8.257797487880962990e+02 4.068014353222201294e+02 2.474877743342956364e+02 1.400377379822189710e+02 7.170529376080837380e+01 2.450911405068387126e+02 6.172296885497398300e+00 2.268458306864400864e+00
1.449959119148599939e+03 1.299610646842321103e+03 6.461507522463623445e+02 4.413528006516854134e+02 2.859758630374491304e+02 2.999599595598243695e+02 1.514520617332065058e+02 1.006445493225668315e+02 5.292963622722233197e+01 5.037158646142358975e+00 6.172296885497398300e+00 4.191209629696236050e+01 -3.217726487433181792e-01
1.922143955286780397e+02 2.891703919834566250e+01 7.436345193073631776e+01 7.166455784760590575e+01 8.627416622251554656e+01 4.813380967814208589e+01 4.537127593665212899e+00 -6.765521664858979101e+00 4.476693303977638649e+00 -8.322266976271958105e-01 2.268458306864400864e+00 -3.217726487433181792e-01 3.986353341949383733e+00
