1.906030571409299970e+06 1.102828255013963673e+06 7.283163496938603930e+05 4.954001333122632350e+05 3.174706801059209392e+05 1.891445839805988071e+05 1.029122086474136595e+05 4.777041046838332841e+04 1.945913613704537420e+04 6.075933555828915814e+03 1.771900130713905810e+03 1.381275429791102454e+02
1.102828255013963673e+06 9.500780236350243213e+05 5.006971151116268011e+05 3.518183484986418043e+05 2.239149034823816619e+05 1.325377988241949643e+05 7.381946716334219673e+04 3.494193466849014658e+04 1.383056763681269877e+04 4.615197764184242260e+03 1.206646923528271373e+03 1.642485443748230125e+02
7.283163496938603930e+05 5.006971151116268011e+05 4.476076310901253019e+05 2.356041127594888094e+05 1.482697032502978400e+05 8.640577715522382641e+04 4.617212541538615187e+04 2.158939275722696402e+04 9.579477009946336693e+03 2.472886821573235920e+03 8.152382250319276409e+02 8.719296702968216550e+01
4.954001333122632350e+05 3.518183484986418043e+05 2.356041127594888094e+05 2.192053671143985121e+05 1.004945825858379976e+05 6.124984576196973649e+04 3.307250448810736998e+04 1.529804999517582655e+04 6.182870992424715041e+03 1.802443847679366854e+03 5.906031440370351220e+02 9.442181831740474252e+01
3.174706801059209392e+05 2.239149034823816619e+05 1.482697032502978400e+05 1.004945825858379976e+05 1.005329892049152404e+05 3.760419936230870371e+04 2.072278808955166096e+04 1.107243747973761128e+04 4.157483315048028999e+03 1.094299596613352605e+03 3.368355610066070085e+02 6.235777500214999947e+01
1.891445839805988071e+05 1.325377988241949643e+05 8.640577715522382641e+04 6.124984576196973649e+04 3.760419936230870371e+04 4.073996203496579983e+04 1.207037378333552442e+04 5.722687756281030488e+03 2.602228369442916573e+03 8.226250501235775801e+02 2.601993333073772874e+02 3.463508378841551938e+00
1.029122086474136595e+05 7.381946716334219673e+04 4.617212541538615187e+04 3.307250448810736998e+04 2.072278808955166096e+04 1.207037378333552442e+04 1.486754380238576414e+04 3.571892951383423224e+03 1.560020745950649825e+03 4.306277144151168272e+02 1.119839235168875859e+02 8.083801574355581332e-01
4.777041046838332841e+04 3.494193466849014658e+04 2.158939275722696402e+04 1.529804999517582655e+04 1.107243747973761128e+04 5.722687756281030488e+03 3.571892951383423224e+03 5.028750360382467079e+03 7.300765350908004621e+02 1.430114447191629665e+02 7.435695511264356128e+01 8.009547261982795874e+00
1.945913613704537420e+04 1.383056763681269877e+04 9.579477009946336693e+03 6.182870992424715041e+03 4.157483315048028999e+03 2.602228369442916573e+03 1.560020745950649825e+03 7.300765350908004621e+02 1.299077584098025909e+03 7.090076490510742246e+01 4.122938054619388026e+01 1.605694579227322283e+00
6.075933555828915814e+03 4.615197764184242260e+03 2.472886821573235920e+03 1.802443847679366854e+03 1.094299596613352605e+03 8.226250501235775801e+02 4.306277144151168272e+02 1.430114447191629665e+02 7.090076490510742246e+01 3.410494575978491980e+02 9.691078635590885781e+00 -1.191724687300972141e+00
1.771900130713905810e+03 1.206646923528271373e+03 8.152382250319276409e+02 5.906031440370351220e+02 3.368355610066070085e+02 2.601993333073772874e+02 1.119839235168875859e+02 7.435695511264356128e+01 4.122938054619388026e+01 9.691078635590885781e+00 5.173849903440409292e+01 -4.226107427794120186e-01
1.381275429791102454e+02 1.642485443748230125e+02 8.719296702968216550e+01 9.442181831740474252e+01 6.235777500214999947e+01 3.463508378841551938e+00 8.083801574355581332e-01 8.009547261982795874e+00 1.605694579227322283e+00 -1.191724687300972141e+00 -4.226107427794120186e-01 4.980874948091179810e+00
