2.254484657441268675e+06 1.362472334960380802e+06 9.302043885912160622e+05 6.800483752070092596e+05 4.613270235951169161e+05 2.948733993781315512e+05 1.906340871958997159e+05 1.119958437941934390e+05 6.383525711759187107e+04 3.142918646688402441e+04 1.262384628824316678e+04 2.735711848417009605e+03 6.727806887173327368e+02 4.314294116190922068e+01
1.362472334960380802e+06 1.172050476108018309e+06 6.505739902357269311e+05 4.835232641020446317e+05 3.243515909866227303e+05 2.088060961673982965e+05 1.330984577702547540e+05 7.997026855529870954e+04 4.346811278087078972e+04 2.310489410971817779e+04 8.563661370039406393e+03 1.860636239842806617e+03 5.847276884691397072e+02 2.437022292972955384e+01
9.302043885912160622e+05 6.505739902357269311e+05 5.779506824067366542e+05 3.107913322101919330e+05 2.116795134866727749e+05 1.375739853686872520e+05 9.117193855672469363e+04 5.245958181633823551e+04 2.891897812636409071e+04 1.463618968002023576e+04 5.548972075922580188e+03 1.518393517573173312e+03 1.724872129056945766e+02 3.086369949267142232e+01
6.800483752070092596e+05 4.835232641020446317e+05 3.107913322101919330e+05 3.163362793840082013e+05 1.618744605583847151e+05 1.067603239251121558e+05 6.818065477007046866e+04 4.123820376534757816e+04 2.427015389202668666e+04 1.101325201648899019e+04 4.595456934895683844e+03 9.396348054860156935e+02 3.028825649364601418e+02 1.961088864616253957e+01
4.613270235951169161e+05 3.243515909866227303e+05 2.116795134866727749e+05 1.618744605583847151e+05 1.601352133148408611e+05 6.985388638681540033e+04 4.634471610149451590e+04 2.794294699162352481e+04 1.440254782367484040e+04 7.830998876691967780e+03 3.322936501607151058e+03 6.879817369660784152e+02 1.825517856404973429e+02 7.922455943703570647e+00
2.948733993781315512e+05 2.088060961673982965e+05 1.375739853686872520e+05 1.067603239251121558e+05 6.985388638681540033e+04 7.271963923210516805e+04 3.054721094369883940e+04 1.741973849005200464e+04 1.017401116057695617e+04 4.880016905443221731e+03 1.844717257141656091e+03 4.261742469595903344e+02 1.835822465560833052e+02 1.994722925644707345e+01
1.906340871958997159e+05 1.330984577702547540e+05 9.117193855672469363e+04 6.818065477007046866e+04 4.634471610149451590e+04 3.054721094369883940e+04 3.549489483443804784e+04 1.095337694818035925e+04 7.032441146589458185e+03 3.032777223413262618e+03 1.215168672704355231e+03 2.621471150496277005e+02 8.157438413055115234e+01 -1.395434557521221530e-01
1.119958437941934390e+05 7.997026855529870954e+04 5.245958181633823551e+04 4.123820376534757816e+04 2.794294699162352481e+04 1.741973849005200464e+04 1.095337694818035925e+04 1.341909846179676970e+04 4.353800544504711070e+03 1.946747364137594786e+03 7.860845910609685916e+02 1.659930535357187296e+02 4.796180840907643272e+01 2.779126068729823373e+00
6.383525711759187107e+04 4.346811278087078972e+04 2.891897812636409071e+04 2.427015389202668666e+04 1.440254782367484040e+04 1.017401116057695617e+04 7.032441146589458185e+03 4.353800544504711070e+03 5.530613141035812077e+03 1.128589013415658656e+03 4.544709229432951929e+02 8.665256361415089259e+01 2.709705449461227289e+01 -4.338490821598184888e-01
3.142918646688402441e+04 2.310489410971817779e+04 1.463618968002023576e+04 1.101325201648899019e+04 7.830998876691967780e+03 4.880016905443221731e+03 3.032777223413262618e+03 1.946747364137594786e+03 1.128589013415658656e+03 1.750816040534931972e+03 2.398169311693663701e+02 8.253380933266316788e+01 2.543570641955180989e+01 -1.412985308293931430e+00
1.262384628824316678e+04 8.563661370039406393e+03 5.548972075922580188e+03 4.595456934895683844e+03 3.322936501607151058e+03 1.844717257141656091e+03 1.215168672704355231e+03 7.860845910609685916e+02 4.544709229432951929e+02 2.398169311693663701e+02 4.555963287908696202e+02 8.140086775299538502e+00 1.265616875109685147e+01 1.190961112247774123e+00
2.735711848417009605e+03 1.860636239842806617e+03 1.518393517573173312e+03 9.396348054860156935e+02 6.879817369660784152e+02 4.261742469595903344e+02 2.621471150496277005e+02 1.659930535357187296e+02 8.665256361415089259e+01 8.253380933266316788e+01 8.140086775299538502e+00 9.113664460120014610e+01 -7.847625382492455504e-02 -1.490933289661284800e-01
6.727806887173327368e+02 5.847276884691397072e+02 1.724872129056945766e+02 3.028825649364601418e+02 1.825517856404973429e+02 1.835822465560833052e+02 8.157438413055115234e+01 4.796180840907643272e+01 2.709705449461227289e+01 2.543570641955180989e+01 1.265616875109685147e+01 -7.847625382492455504e-02 1.367690737270450363e+01 -2.746154141735885831e-02
4.314294116190922068e+01 2.437022292972955384e+01 3.086369949267142232e+01 1.961088864616253957e+01 7.922455943703570647e+00 1.994722925644707345e+01 -1.395434557521221530e-01 2.779126068729823373e+00 -4.338490821598184888e-01 -1.412985308293931430e+00 1.190961112247774123e+00 -1.490933289661284800e-01 -2.746154141735885831e-02 1.002268595542379570e+00
