1.947882315657548374e+06 1.084593840517411474e+06 7.259574890640923986e+05 4.649432105575877940e+05 2.834570628186814138e+05 1.556858098040414916e+05 8.205385024006754975e+04 4.198193300036320579e+04 1.686018972731286340e+04 2.312464906688721840e+03 6.284068261934163502e+02 2.590434789614119282e+01
1.084593840517411474e+06 8.735810513994616922e+05 4.700902284389868728e+05 2.933121178334451979e+05 1.905239919892354810e+05 1.039768397791356547e+05 5.506753054934225656e+04 2.851035520116854968e+04 1.018076202487531191e+04 1.919944206826725576e+03 3.632321420499941382e+02 7.892879590339167351e+01
7.259574890640923986e+05 4.700902284389868728e+05 4.064802960389521322e+05 1.982500944927266100e+05 1.300425070376129443e+05 7.243838454406040546e+04 3.725962921441220533e+04 1.955537862067449169e+04 7.270958240395062603e+03 1.228822839886560132e+03 2.217111724066668614e+02 2.928651116112198949e+01
4.649432105575877940e+05 2.933121178334451979e+05 1.982500944927266100e+05 1.829536015716372349e+05 7.986110097788379062e+04 4.510582995176222175e+04 2.469531668873699164e+04 1.222481401430465849e+04 4.281992123911507406e+03 6.735834626094599571e+02 1.390329357750377994e+02 3.228719311408701031e+01
2.834570628186814138e+05 1.905239919892354810e+05 1.300425070376129443e+05 7.986110097788379062e+04 7.729120181826915359e+04 3.073484670921409634e+04 1.544231548815626229e+04 7.939398685578631557e+03 2.828662124561951714e+03 4.668647309740233027e+02 1.364098893656744735e+02 3.049528381265384880e+01
1.556858098040414916e+05 1.039768397791356547e+05 7.243838454406040546e+04 4.510582995176222175e+04 3.073484670921409634e+04 2.914444748409446402e+04 8.540728241079141299e+03 4.091899681356565452e+03 1.609040249345026041e+03 2.756038961132168765e+02 5.865834012265113984e+01 -2.188236491159232688e+00
8.205385024006754975e+04 5.506753054934225656e+04 3.725962921441220533e+04 2.469531668873699164e+04 1.544231548815626229e+04 8.540728241079141299e+03 1.002731878014002359e+04 2.319314719121379767e+03 9.126551803619771590e+02 1.612897703313909403e+02 4.687322076810940530e+01 4.906788966131014007e+00
4.198193300036320579e+04 2.851035520116854968e+04 1.955537862067449169e+04 1.222481401430465849e+04 7.939398685578631557e+03 4.091899681356565452e+03 2.319314719121379767e+03 3.170573100900317968e+03 4.778034270152174940e+02 5.795413435768244881e+01 9.285679162547635812e+00 4.188335000714233480e+00
1.686018972731286340e+04 1.018076202487531191e+04 7.270958240395062603e+03 4.281992123911507406e+03 2.828662124561951714e+03 1.609040249345026041e+03 9.126551803619771590e+02 4.778034270152174940e+02 7.572857270503460541e+02 3.169953228217771368e+01 9.296975847248480918e+00 6.361986064048470446e-01
2.312464906688721840e+03 1.919944206826725576e+03 1.228822839886560132e+03 6.735834626094599571e+02 4.668647309740233027e+02 2.756038961132168765e+02 1.612897703313909403e+02 5.795413435768244881e+01 3.169953228217771368e+01 1.148790590590999017e+02 -4.299492081351688477e-01 5.456976564027118393e-01
6.284068261934163502e+02 3.632321420499941382e+02 2.217111724066668614e+02 1.390329357750377994e+02 1.364098893656744735e+02 5.865834012265113984e+01 4.687322076810940530e+01 9.285679162547635812e+00 9.296975847248480918e+00 -4.299492081351688477e-01 1.664286075897868855e+01 -5.887607546668837538e-02
2.590434789614119282e+01 7.892879590339167351e+01 2.928651116112198949e+01 3.228719311408701031e+01 3.049528381265384880e+01 -2.188236491159232688e+00 4.906788966131014007e+00 4.188335000714233480e+00 6.361986064048470446e-01 5.456976564027118393e-01 -5.887607546668837538e-02 2.001483547447131972e+00
