2.125541395199940074e+06 1.302789965663391165e+06 8.735002096958649345e+05 6.164250196958391462e+05 4.148654406194653711e+05 2.498912724139623460e+05 1.649695662623952958e+05 9.360285133711961680e+04 4.947663012932791753e+04 2.051273712952969800e+04 7.416185324045096422e+03 1.072990008463476215e+03 2.793636360154824274e+02 4.323708931875182770e+01
1.302789965663391165e+06 1.111260557978824712e+06 6.183217438045646995e+05 4.378334212874273071e+05 2.960758171115942532e+05 1.772728603214758332e+05 1.143814070565033035e+05 6.852389640051810420e+04 3.315840242646170373e+04 1.484035100968483493e+04 4.606823533916981432e+03 8.426771649924398844e+02 2.418108386533373846e+02 2.079795956662972145e+01
8.735002096958649345e+05 6.183217438045646995e+05 5.368249225760931149e+05 2.834843496463164338e+05 1.919704079564537387e+05 1.211570242454737891e+05 7.610184777172526810e+04 4.499011593858719425e+04 2.285273993282793526e+04 9.854017164456032333e+03 3.528706094109526930e+03 4.664001746316708363e+02 1.184701345353270199e+02 4.768805266523812492e+01
6.164250196958391462e+05 4.378334212874273071e+05 2.834843496463164338e+05 2.846563216286540264e+05 1.390122754738145741e+05 8.699769820122343663e+04 5.698222099333439837e+04 3.388160357841700898e+04 1.737168249202469087e+04 7.050263195989389715e+03 2.360532136442424871e+03 4.267826792942614134e+02 1.191838572922097939e+02 4.949000654868675575e+00
4.148654406194653711e+05 2.960758171115942532e+05 1.919704079564537387e+05 1.390122754738145741e+05 1.377420117110380088e+05 5.765660076363526605e+04 3.646696426561001135e+04 2.198641579957149224e+04 1.119250223459617337e+04 4.724750533277538125e+03 1.789426480443881246e+03 2.680558361832178207e+02 6.322328728826686017e+01 2.032345157991831286e+01
2.498912724139623460e+05 1.772728603214758332e+05 1.211570242454737891e+05 8.699769820122343663e+04 5.765660076363526605e+04 6.048999383428838337e+04 2.306898420272974181e+04 1.431236675717555045e+04 7.038463241180317709e+03 2.789448140900472026e+03 9.729511758917341240e+02 1.371465335993797794e+02 7.040757350041104701e+01 7.311736704441710977e+00
1.649695662623952958e+05 1.143814070565033035e+05 7.610184777172526810e+04 5.698222099333439837e+04 3.646696426561001135e+04 2.306898420272974181e+04 2.733939137794702765e+04 9.072002512245977414e+03 4.975961335932801376e+03 1.867098732005579450e+03 6.410544077267293233e+02 9.740550932327073497e+01 2.061952887741595219e+01 4.652923357371845370e+00
9.360285133711961680e+04 6.852389640051810420e+04 4.499011593858719425e+04 3.388160357841700898e+04 2.198641579957149224e+04 1.431236675717555045e+04 9.072002512245977414e+03 1.064952588263706639e+04 2.917537846439102395e+03 1.069235120882678984e+03 4.196199616269896069e+02 7.344481677076906578e+01 1.688620984141459758e+01 -3.056851038407255583e+00
4.947663012932791753e+04 3.315840242646170373e+04 2.285273993282793526e+04 1.737168249202469087e+04 1.119250223459617337e+04 7.038463241180317709e+03 4.975961335932801376e+03 2.917537846439102395e+03 3.772965942992134842e+03 5.472606492775489642e+02 2.263167803432127130e+02 2.519598193940726816e+01 1.883914353881960935e+01 -5.607821661222999188e-01
2.051273712952969800e+04 1.484035100968483493e+04 9.854017164456032333e+03 7.050263195989389715e+03 4.724750533277538125e+03 2.789448140900472026e+03 1.867098732005579450e+03 1.069235120882678984e+03 5.472606492775489642e+02 1.036043091133999951e+03 8.489379253296360162e+01 2.403128051746136151e+01 6.776444636777633868e+00 4.392140042355466290e-01
7.416185324045096422e+03 4.606823533916981432e+03 3.528706094109526930e+03 2.360532136442424871e+03 1.789426480443881246e+03 9.729511758917341240e+02 6.410544077267293233e+02 4.196199616269896069e+02 2.263167803432127130e+02 8.489379253296360162e+01 2.307736260201209291e+02 3.154889878638639011e+00 3.270575710111403467e+00 5.666644965360886355e-01
1.072990008463476215e+03 8.426771649924398844e+02 4.664001746316708363e+02 4.267826792942614134e+02 2.680558361832178207e+02 1.371465335993797794e+02 9.740550932327073497e+01 7.344481677076906578e+01 2.519598193940726816e+01 2.403128051746136151e+01 3.154889878638639011e+00 3.987239632201161754e+01 -3.215673959581955565e-01 -8.039184898954897240e-02
2.793636360154824274e+02 2.418108386533373846e+02 1.184701345353270199e+02 1.191838572922097939e+02 6.322328728826686017e+01 7.040757350041104701e+01 2.061952887741595219e+01 1.688620984141459758e+01 1.883914353881960935e+01 6.776444636777633868e+00 3.270575710111403467e+00 -3.215673959581955565e-01 3.984298466994228072e+00 -7.843107218492573196e-03
4.323708931875182770e+01 2.079795956662972145e+01 4.768805266523812492e+01 4.949000654868675575e+00 2.032345157991831286e+01 7.311736704441710977e+00 4.652923357371845370e+00 -3.056851038407255583e+00 -5.607821661222999188e-01 4.392140042355466290e-01 5.666644965360886355e-01 -8.039184898954897240e-02 -7.843107218492573196e-03 1.001956947162427447e+00
