4.894531251217587123e+04 1.287075084573053755e+04 3.663020362762064451e+03 8.604962852528653912e+02 2.961916033258056657e+01 2.703635441273977591e+01
1.287075084573053755e+04 1.171198500301328204e+04 1.659120428621465862e+03 4.228508762103233494e+02 5.022401653790260667e+01 -4.423180987216317028e+00
3.663020362762064451e+03 1.659120428621465862e+03 2.042081929298132764e+03 2.226745408767792185e+02 1.672095354638672404e+01 -1.886072631307445624e+00
8.604962852528653912e+02 4.228508762103233494e+02 2.226745408767792185e+02 3.618562692373774325e+02 6.394624349586176815e-02 -1.268604800020961099e+00
2.961916033258056657e+01 5.022401653790260667e+01 1.672095354638672404e+01 6.394624349586176815e-02 4.170808505706865787e+01 -3.978567177774588459e-01
2.703635441273977591e+01 -4.423180987216317028e+00 -1.886072631307445624e+00 -1.268604800020961099e+00 -3.978567177774588459e-01 5.033601604879797797e+00
