1.666756234542523045e+06 9.471529609644158045e+05 6.322595963097239146e+05 3.561633497420555213e+05 2.379665808265082887e+05 1.185407362257340574e+05 5.588835459422874555e+04 2.657271000034513054e+04 9.562632005851372014e+03 6.769974073325042241e+01 3.001047330547538650e+02 -4.384885168179326342e+01
9.471529609644158045e+05 7.819783386245777365e+05 4.205237777734997217e+05 2.357349089808811550e+05 1.661393088414933591e+05 8.035107267511961982e+04 3.914361479926815082e+04 1.765848923679043946e+04 6.548735704902845100e+03 4.535904197670898839e+02 1.690503329874167662e+02 8.933299121870648563e+00
6.322595963097239146e+05 4.205237777734997217e+05 3.526159652881030925e+05 1.561295589400993485e+05 1.121220157091896108e+05 5.563680065563456446e+04 2.567718401813604578e+04 1.134295656036847140e+04 4.329950084443406013e+03 1.106289880936392649e+02 1.597052707365505455e+02 5.156842996158723658e-01
3.561633497420555213e+05 2.357349089808811550e+05 1.561295589400993485e+05 1.312935834651293699e+05 6.261587784973117959e+04 3.223197852336632423e+04 1.549997201297413994e+04 6.677511682323493005e+03 2.352171384147472054e+03 8.935652054028338398e+01 5.698801704956542835e+01 4.980373083742642315e+00
2.379665808265082887e+05 1.661393088414933591e+05 1.121220157091896108e+05 6.261587784973117959e+04 6.722537196165771456e+04 2.178839695007352566e+04 1.018434923273103777e+04 4.790260086320260598e+03 1.769771653754337422e+03 1.389269189379585328e+02 6.972914472600741931e+01 6.601935501166130926e+00
1.185407362257340574e+05 8.035107267511961982e+04 5.563680065563456446e+04 3.223197852336632423e+04 2.178839695007352566e+04 1.974349889897880712e+04 5.300313034953142960e+03 2.173619126765078818e+03 9.933785486422113991e+02 2.936263264923368510e+01 1.963521892149466552e+01 4.276454210882798534e+00
5.588835459422874555e+04 3.914361479926815082e+04 2.567718401813604578e+04 1.549997201297413994e+04 1.018434923273103777e+04 5.300313034953142960e+03 6.189333159722711571e+03 1.204740484296564773e+03 4.921353701923470680e+02 3.140772285645394746e+01 1.048623435112437718e+01 5.764683805592047960e-01
2.657271000034513054e+04 1.765848923679043946e+04 1.134295656036847140e+04 6.677511682323493005e+03 4.790260086320260598e+03 2.173619126765078818e+03 1.204740484296564773e+03 1.852847806189542098e+03 1.570072418533933387e+02 1.114897691108770061e+01 4.854883368247303821e+00 -1.533327461215355125e+00
9.562632005851372014e+03 6.548735704902845100e+03 4.329950084443406013e+03 2.352171384147472054e+03 1.769771653754337422e+03 9.933785486422113991e+02 4.921353701923470680e+02 1.570072418533933387e+02 4.220670110791403431e+02 1.837247865931712631e+00 1.101956564198155686e+00 -6.529386759394918416e-01
6.769974073325042241e+01 4.535904197670898839e+02 1.106289880936392649e+02 8.935652054028338398e+01 1.389269189379585328e+02 2.936263264923368510e+01 3.140772285645394746e+01 1.114897691108770061e+01 1.837247865931712631e+00 4.609982345349473576e+01 4.039200217523674086e-01 -9.999961703578032213e-02
3.001047330547538650e+02 1.690503329874167662e+02 1.597052707365505455e+02 5.698801704956542835e+01 6.972914472600741931e+01 1.963521892149466552e+01 1.048623435112437718e+01 4.854883368247303821e+00 1.101956564198155686e+00 4.039200217523674086e-01 7.960753826769962238e+00 -1.176466082773886673e-02
-4.384885168179326342e+01 8.933299121870648563e+00 5.156842996158723658e-01 4.980373083742642315e+00 6.601935501166130926e+00 4.276454210882798534e+00 5.764683805592047960e-01 -1.533327461215355125e+00 -6.529386759394918416e-01 -9.999961703578032213e-02 -1.176466082773886673e-02 1.001956947162426559e+00
