2.088037209416303085e+06 1.222926822492320556e+06 8.632791037411496509e+05 5.488777803393593058e+05 3.776772634295818862e+05 2.422403703417126089e+05 1.356600059589175507e+05 7.392354630994584295e+04 3.652088758851228340e+04 1.257525576265364180e+04 3.234346437092063752e+03 5.864232443962939669e+02 7.082521895978314319e+01
1.222926822492320556e+06 1.008876042233422399e+06 5.826304667644683504e+05 3.688173169680083520e+05 2.546580208256036567e+05 1.617695922426814504e+05 8.871536221139084955e+04 4.843596352648991160e+04 2.489988895569618398e+04 8.225764576576286345e+03 2.232673802566607264e+03 5.300450289329643283e+02 1.544307811320723012e+01
8.632791037411496509e+05 5.826304667644683504e+05 5.178230345624914044e+05 2.600166591273629456e+05 1.790757887109705480e+05 1.193958133432329632e+05 6.573683844654020504e+04 3.546973671209697204e+04 1.775589278533646575e+04 6.194342944458433522e+03 1.836716495417780607e+03 2.239030640967150703e+02 2.386461448906760197e+01
5.488777803393593058e+05 3.688173169680083520e+05 2.600166591273629456e+05 2.307173281964935013e+05 1.139017598737685184e+05 7.662020853167283349e+04 4.099080772515190620e+04 2.393119462624470907e+04 1.124516477801439760e+04 3.954518188885442669e+03 9.981844125903032818e+02 1.955365060642328103e+02 2.245481596654360601e+01
3.776772634295818862e+05 2.546580208256036567e+05 1.790757887109705480e+05 1.139017598737685184e+05 1.219137527199964388e+05 5.105676917597306601e+04 2.652584351315905587e+04 1.672003400722175502e+04 7.335736612528024125e+03 2.508182551384115868e+03 7.247462440783951934e+02 1.170073950390781761e+02 1.857639944699913670e+01
2.422403703417126089e+05 1.617695922426814504e+05 1.193958133432329632e+05 7.662020853167283349e+04 5.105676917597306601e+04 5.319451785187458881e+04 1.872207732047492027e+04 1.143100328200276999e+04 4.981110335821165791e+03 1.811636199309819631e+03 5.034608170158503526e+02 1.285995075080096797e+02 2.392147701640026380e-01
1.356600059589175507e+05 8.871536221139084955e+04 6.573683844654020504e+04 4.099080772515190620e+04 2.652584351315905587e+04 1.872207732047492027e+04 2.007857408634197054e+04 5.681695888112850298e+03 2.819408810474756137e+03 9.807570283507975546e+02 2.750185546164343577e+02 3.851749955001595538e+01 4.352924506263255111e+00
7.392354630994584295e+04 4.843596352648991160e+04 3.546973671209697204e+04 2.393119462624470907e+04 1.672003400722175502e+04 1.143100328200276999e+04 5.681695888112850298e+03 7.612298298489539775e+03 1.506888346781706787e+03 5.851330532588087863e+02 1.673973981410869101e+02 3.929984949506055614e+01 8.607810172295357054e-01
3.652088758851228340e+04 2.489988895569618398e+04 1.775589278533646575e+04 1.124516477801439760e+04 7.335736612528024125e+03 4.981110335821165791e+03 2.819408810474756137e+03 1.506888346781706787e+03 2.349638060515979305e+03 2.886028163188656208e+02 6.941934199087802426e+01 2.839989123816164707e+01 9.490159734375868128e-01
1.257525576265364180e+04 8.225764576576286345e+03 6.194342944458433522e+03 3.954518188885442669e+03 2.508182551384115868e+03 1.811636199309819631e+03 9.807570283507975546e+02 5.851330532588087863e+02 2.886028163188656208e+02 5.657841077507976024e+02 1.369602598029241847e+01 7.715656726191943982e+00 5.294097372481727792e-02
3.234346437092063752e+03 2.232673802566607264e+03 1.836716495417780607e+03 9.981844125903032818e+02 7.247462440783951934e+02 5.034608170158503526e+02 2.750185546164343577e+02 1.673973981410869101e+02 6.941934199087802426e+01 1.369602598029241847e+01 1.010329464118167664e+02 2.292148084604455072e+00 -2.098031180946763885e-01
5.864232443962939669e+02 5.300450289329643283e+02 2.239030640967150703e+02 1.955365060642328103e+02 1.170073950390781761e+02 1.285995075080096797e+02 3.851749955001595538e+01 3.929984949506055614e+01 2.839989123816164707e+01 7.715656726191943982e+00 2.292148084604455072e+00 1.271955913159033358e+01 -2.549009846010087330e-02
7.082521895978314319e+01 1.544307811320723012e+01 2.386461448906760197e+01 2.245481596654360601e+01 1.857639944699913670e+01 2.392147701640026380e-01 4.352924506263255111e+00 8.607810172295357054e-01 9.490159734375868128e-01 5.294097372481727792e-02 -2.098031180946763885e-01 -2.549009846010087330e-02 1.001956947162427447e+00
