2.239344716730287764e+06 1.363200400904615643e+06 9.094450003410023637e+05 6.394226155224905815e+05 4.291679550034422427e+05 2.579847864882319118e+05 1.700587055240997870e+05 9.638353717765462352e+04 5.090515053988035652e+04 2.109196131594268809e+04 7.622308189250516079e+03 1.102419243671660752e+03 2.869614720729932742e+02 4.440487081574471517e+01
1.363200400904615643e+06 1.154875360179936979e+06 6.393841415714214090e+05 4.510768715026652790e+05 3.041983680905188667e+05 1.817687308861489873e+05 1.171074127382306760e+05 7.007929866945688264e+04 3.388356731452739041e+04 1.515554086235384057e+04 4.702636630241011517e+03 8.598966327976528419e+02 2.466967314173008674e+02 2.121430486322524445e+01
9.094450003410023637e+05 6.393841415714214090e+05 5.523420880356112029e+05 2.906021771891030367e+05 1.962530238854498020e+05 1.236100114846205979e+05 7.752687510462608770e+04 4.578180754350801726e+04 2.323603021170647844e+04 1.001310354099190772e+04 3.584127569296958882e+03 4.735565556672112280e+02 1.202609526190484672e+02 4.840004779083115238e+01
6.394226155224905815e+05 4.510768715026652790e+05 2.906021771891030367e+05 2.907266993388686096e+05 1.415890051681283803e+05 8.843152604329018504e+04 5.783500252127966087e+04 3.435058111979761452e+04 1.759785953546937890e+04 7.137646437454663101e+03 2.388758236876516548e+03 4.317320032281014051e+02 1.205389776468352210e+02 5.004353984052343662e+00
4.291679550034422427e+05 3.041983680905188667e+05 1.962530238854498020e+05 1.415890051681283803e+05 1.399120412886234990e+05 5.844679284794826526e+04 3.691163570385874482e+04 2.222986688131069241e+04 1.130726178314975732e+04 4.770247113131954393e+03 1.805878109051792308e+03 2.704238665414076763e+02 6.376750623351141911e+01 2.049463892118302155e+01
2.579847864882319118e+05 1.817687308861489873e+05 1.236100114846205979e+05 8.843152604329018504e+04 5.844679284794826526e+04 6.119531441643625294e+04 2.330317682251933365e+04 1.444165151806610083e+04 7.096285559228252168e+03 2.810627336145172194e+03 9.799154392794664545e+02 1.380789784981459718e+02 7.087037271408580352e+01 7.358449735169860340e+00
1.700587055240997870e+05 1.171074127382306760e+05 7.752687510462608770e+04 5.783500252127966087e+04 3.691163570385874482e+04 2.330317682251933365e+04 2.757576248784930794e+04 9.140303047090244945e+03 5.009360217933109197e+03 1.878470100419187474e+03 6.446804084109543282e+02 9.792155027550593616e+01 2.072412038283276914e+01 4.675668484683000337e+00
9.638353717765462352e+04 7.007929866945688264e+04 4.578180754350801726e+04 3.435058111979761452e+04 2.222986688131069241e+04 1.444165151806610083e+04 9.140303047090244945e+03 1.071781983151676832e+04 2.933867588663862534e+03 1.074555778262250897e+03 4.215260967675584993e+02 7.375214507379237716e+01 1.695306767484898103e+01 -3.068391943005203348e+00
5.090515053988035652e+04 3.388356731452739041e+04 2.323603021170647844e+04 1.759785953546937890e+04 1.130726178314975732e+04 7.096285559228252168e+03 5.009360217933109197e+03 2.933867588663862534e+03 3.791008237137004471e+03 5.495380924275561938e+02 2.271605520970700240e+02 2.528090548794564185e+01 1.889840278912802063e+01 -5.624430876994919171e-01
2.109196131594268809e+04 1.515554086235384057e+04 1.001310354099190772e+04 7.137646437454663101e+03 4.770247113131954393e+03 2.810627336145172194e+03 1.878470100419187474e+03 1.074555778262250897e+03 5.495380924275561938e+02 1.039712192623097962e+03 8.515768222544730293e+01 2.409738892634254270e+01 6.793562542199602206e+00 4.402428450581648001e-01
7.622308189250516079e+03 4.702636630241011517e+03 3.584127569296958882e+03 2.388758236876516548e+03 1.805878109051792308e+03 9.799154392794664545e+02 6.446804084109543282e+02 4.215260967675584993e+02 2.271605520970700240e+02 8.515768222544730293e+01 2.313910995482780777e+02 3.162203812119045221e+00 3.277422790377646500e+00 5.677468192494981025e-01
1.102419243671660752e+03 8.598966327976528419e+02 4.735565556672112280e+02 4.317320032281014051e+02 2.704238665414076763e+02 1.380789784981459718e+02 9.792155027550593616e+01 7.375214507379237716e+01 2.528090548794564185e+01 2.409738892634254270e+01 3.162203812119045221e+00 3.995058726607260269e+01 -3.221257541536252100e-01 -8.051668777913174868e-02
2.869614720729932742e+02 2.466967314173008674e+02 1.202609526190484672e+02 1.205389776468352210e+02 6.376750623351141911e+01 7.087037271408580352e+01 2.072412038283276914e+01 1.695306767484898103e+01 1.889840278912802063e+01 6.793562542199602206e+00 3.277422790377646500e+00 -3.221257541536252100e-01 3.990321729463709222e+00 -7.853525258593846078e-03
4.440487081574471517e+01 2.121430486322524445e+01 4.840004779083115238e+01 5.004353984052343662e+00 2.049463892118302155e+01 7.358449735169860340e+00 4.675668484683000337e+00 -3.068391943005203348e+00 -5.624430876994919171e-01 4.402428450581648001e-01 5.677468192494981025e-01 -8.051668777913174868e-02 -7.853525258593846078e-03 1.003104081845904938e+00
