2.171387854917957447e+06 1.369765158191148657e+06 8.974556806997484528e+05 6.759664446137853665e+05 4.657846848319364944e+05 3.114767228373055113e+05 2.030616850885393505e+05 1.261952363234070654e+05 6.919335658181770123e+04 3.955180343212660227e+04 1.450197191340474637e+04 5.524249432255736792e+03 5.281117030036751885e+02 4.282258110224877896e+02
1.369765158191148657e+06 1.216097044726527994e+06 6.456632920370365027e+05 4.891619109914659057e+05 3.365875149068899918e+05 2.288309158129828866e+05 1.487068187392214313e+05 9.313474528668232961e+04 4.828248568288476963e+04 2.885401891077499749e+04 1.080180177006180384e+04 3.781279636643635513e+03 5.503273042000498663e+02 3.268536502234852037e+02
8.974556806997484528e+05 6.456632920370365027e+05 5.656463278862733860e+05 3.137274691196623025e+05 2.138006204326608276e+05 1.434399408703163208e+05 9.258380229855387006e+04 5.678439822151840781e+04 3.106996336564227749e+04 1.763549716797938163e+04 6.219309515511882637e+03 2.644483990180721776e+03 2.105795857093011136e+02 1.114819260036503152e+02
6.759664446137853665e+05 4.891619109914659057e+05 3.137274691196623025e+05 3.218087420927279745e+05 1.669604174616270466e+05 1.104869984413293423e+05 7.444376196476157929e+04 4.489760256739519536e+04 2.444661029943930043e+04 1.457696574385036365e+04 5.354524592047287115e+03 1.936498466228244979e+03 2.131325171089204673e+02 1.657013262050879518e+02
4.657846848319364944e+05 3.365875149068899918e+05 2.138006204326608276e+05 1.669604174616270466e+05 1.658326962902161758e+05 7.890548017202304618e+04 5.189576988446090400e+04 3.277125685027459986e+04 1.638068824797676825e+04 1.017250418005431675e+04 4.240003370085063580e+03 1.349285028779722779e+03 1.662150497278991566e+02 1.010427502958369672e+02
3.114767228373055113e+05 2.288309158129828866e+05 1.434399408703163208e+05 1.104869984413293423e+05 7.890548017202304618e+04 7.983686876198701793e+04 3.472927876348603604e+04 2.133249673523152160e+04 1.131511941207316340e+04 6.769477996790683392e+03 2.305399014250059281e+03 8.970906820975461642e+02 1.416582810267996138e+02 1.238661923016497184e+02
2.030616850885393505e+05 1.487068187392214313e+05 9.258380229855387006e+04 7.444376196476157929e+04 5.189576988446090400e+04 3.472927876348603604e+04 3.976116537544320454e+04 1.377550802884687619e+04 7.911122644291814140e+03 4.185082011787962983e+03 1.543523500599453428e+03 5.185235044290154747e+02 7.679970588348413685e+01 5.019588619835350585e+01
1.261952363234070654e+05 9.313474528668232961e+04 5.678439822151840781e+04 4.489760256739519536e+04 3.277125685027459986e+04 2.133249673523152160e+04 1.377550802884687619e+04 1.657787964966752406e+04 4.888853826387608933e+03 2.724630742070052293e+03 1.172854331899906356e+03 3.397908555803959985e+02 8.481143990717288261e+01 9.670551200402297098e+00
6.919335658181770123e+04 4.828248568288476963e+04 3.106996336564227749e+04 2.444661029943930043e+04 1.638068824797676825e+04 1.131511941207316340e+04 7.911122644291814140e+03 4.888853826387608933e+03 6.619313865985668599e+03 1.523156911929751459e+03 5.689899778263927601e+02 1.509209906518458979e+02 3.074890185009981280e+01 2.010188380099641492e+01
3.955180343212660227e+04 2.885401891077499749e+04 1.763549716797938163e+04 1.457696574385036365e+04 1.017250418005431675e+04 6.769477996790683392e+03 4.185082011787962983e+03 2.724630742070052293e+03 1.523156911929751459e+03 2.414231930790780098e+03 4.115082279862729138e+02 1.587091961198089223e+02 1.667052439290601029e+01 1.243132494131069699e+01
1.450197191340474637e+04 1.080180177006180384e+04 6.219309515511882637e+03 5.354524592047287115e+03 4.240003370085063580e+03 2.305399014250059281e+03 1.543523500599453428e+03 1.172854331899906356e+03 5.689899778263927601e+02 4.115082279862729138e+02 5.982016306616683323e+02 4.341159845435645082e+01 1.106662428529316244e+01 3.654887963817581742e+00
5.524249432255736792e+03 3.781279636643635513e+03 2.644483990180721776e+03 1.936498466228244979e+03 1.349285028779722779e+03 8.970906820975461642e+02 5.185235044290154747e+02 3.397908555803959985e+02 1.509209906518458979e+02 1.587091961198089223e+02 4.341159845435645082e+01 1.512072640653183839e+02 1.905875054093694398e+00 1.898031946875202491e+00
5.281117030036751885e+02 5.503273042000498663e+02 2.105795857093011136e+02 2.131325171089204673e+02 1.662150497278991566e+02 1.416582810267996138e+02 7.679970588348413685e+01 8.481143990717288261e+01 3.074890185009981280e+01 1.667052439290601029e+01 1.106662428529316244e+01 1.905875054093694398e+00 2.113717395383750031e+01 -1.725483588068367768e-01
4.282258110224877896e+02 3.268536502234852037e+02 1.114819260036503152e+02 1.657013262050879518e+02 1.010427502958369672e+02 1.238661923016497184e+02 5.019588619835350585e+01 9.670551200402297098e+00 2.010188380099641492e+01 1.243132494131069699e+01 3.654887963817581742e+00 1.898031946875202491e+00 -1.725483588068367768e-01 3.984298466994228072e+00
