1.966226074270130834e+06 1.094785765786618693e+06 7.324895762667631498e+05 4.688697681701621623e+05 2.856852092310506850e+05 1.568234745922975708e+05 8.261330602678665309e+04 4.225066866514026333e+04 1.696221814665211787e+04 2.325804842866614763e+03 6.318999618127726308e+02 2.604378136255471077e+01
1.094785765786618693e+06 8.817723693191733910e+05 4.743105175196796772e+05 2.957832651662861463e+05 1.920177685170834593e+05 1.047345395223914675e+05 5.544187525088218536e+04 2.869227968671626877e+04 1.024216445681181722e+04 1.930980999017747081e+03 3.652439064644747759e+02 7.935204552581201654e+01
7.324895762667631498e+05 4.743105175196796772e+05 4.099673587114462862e+05 1.998413002162156918e+05 1.310102664208266651e+05 7.293740724678298284e+04 3.749808500081910461e+04 1.967238009909604443e+04 7.311918801043620988e+03 1.235398066755170930e+03 2.228509738869572345e+02 2.943191615895658586e+01
4.688697681701621623e+05 2.957832651662861463e+05 1.998413002162156918e+05 1.843210216521538096e+05 8.041134963763425185e+04 4.539168502433997492e+04 2.483975009849281923e+04 1.229122023962374624e+04 4.303755945431019427e+03 6.768167848772473008e+02 1.396711513232602613e+02 3.242972401489124223e+01
2.856852092310506850e+05 1.920177685170834593e+05 1.310102664208266651e+05 8.041134963763425185e+04 7.777862678722197597e+04 3.091169578132494280e+04 1.552362689119330207e+04 7.977898447129051419e+03 2.841390993512708519e+03 4.688338104429929558e+02 1.369566199339257082e+02 3.061214724935855713e+01
1.568234745922975708e+05 1.047345395223914675e+05 7.293740724678298284e+04 4.539168502433997492e+04 3.091169578132494280e+04 2.929605713501519131e+04 8.580987049888755791e+03 4.109485371231837235e+03 1.615393757814733817e+03 2.766143956973049853e+02 5.886111845910667739e+01 -2.195416573611578492e+00
8.261330602678665309e+04 5.544187525088218536e+04 3.749808500081910461e+04 2.483975009849281923e+04 1.552362689119330207e+04 8.580987049888755791e+03 1.006969139800273479e+04 2.328150981175730976e+03 9.158138593327453236e+02 1.618025063881673589e+02 4.701241189433467582e+01 4.920497984364126332e+00
4.225066866514026333e+04 2.869227968671626877e+04 1.967238009909604443e+04 1.229122023962374624e+04 7.977898447129051419e+03 4.109485371231837235e+03 2.328150981175730976e+03 3.181334573143311445e+03 4.792585465160765921e+02 5.811429346280538510e+01 9.309396504661705762e+00 4.198297467216418610e+00
1.696221814665211787e+04 1.024216445681181722e+04 7.311918801043620988e+03 4.303755945431019427e+03 2.841390993512708519e+03 1.615393757814733817e+03 9.158138593327453236e+02 4.792585465160765921e+02 7.593279900145771535e+02 3.177608764587903423e+01 9.317482556938722738e+00 6.374902410105238726e-01
2.325804842866614763e+03 1.930980999017747081e+03 1.235398066755170930e+03 6.768167848772473008e+02 4.688338104429929558e+02 2.766143956973049853e+02 1.618025063881673589e+02 5.811429346280538510e+01 3.177608764587903423e+01 1.151241331167855009e+02 -4.307764689273533842e-01 5.466518835859672798e-01
6.318999618127726308e+02 3.652439064644747759e+02 2.228509738869572345e+02 1.396711513232602613e+02 1.369566199339257082e+02 5.886111845910667739e+01 4.701241189433467582e+01 9.309396504661705762e+00 9.317482556938722738e+00 -4.307764689273533842e-01 1.667140161015223399e+01 -5.896671428616003657e-02
2.604378136255471077e+01 7.935204552581201654e+01 2.943191615895658586e+01 3.242972401489124223e+01 3.061214724935855713e+01 -2.195416573611578492e+00 4.920497984364126332e+00 4.198297467216418610e+00 6.374902410105238726e-01 5.466518835859672798e-01 -5.896671428616003657e-02 2.004213770419486451e+00
