4.642115555624590343e+04 1.229033724595289095e+04 3.515594379617482900e+03 8.289850605658461973e+02 2.861165513306109887e+01 2.616460568089607719e+01
1.229033724595289095e+04 1.126018432833922998e+04 1.603217389639333760e+03 4.101474488838695152e+02 4.884687175677242976e+01 -4.309787416561292162e+00
3.515594379617482900e+03 1.603217389639333760e+03 1.983294365447444989e+03 2.170815215934373157e+02 1.634503544333833247e+01 -1.847051749954714772e+00
8.289850605658461973e+02 4.101474488838695152e+02 2.170815215934373157e+02 3.541006047005014921e+02 6.274485774799609672e-02 -1.247054047740334459e+00
2.861165513306109887e+01 4.884687175677242976e+01 1.634503544333833247e+01 6.274485774799609672e-02 4.103513696715315007e+01 -3.921553609246288818e-01
2.616460568089607719e+01 -4.309787416561292162e+00 -1.847051749954714772e+00 -1.247054047740334459e+00 -3.921553609246288818e-01 4.970569199719669484e+00
