1.739839152484431164e+06 9.819674576779201161e+05 6.524744516464658082e+05 3.663953068827302195e+05 2.442745520336092159e+05 1.215032560566355678e+05 5.722765285298547678e+04 2.719094299189606681e+04 9.780479720126593747e+03 6.921950957017372730e+01 3.067687043472603250e+02 -4.481625381006620756e+01
9.819674576779201161e+05 8.052146355176155921e+05 4.310211699326070375e+05 2.408599200443158916e+05 1.693848707765006402e+05 8.179974274491654069e+04 3.980938808612614957e+04 1.794658950322042438e+04 6.652427340537659802e+03 4.606227125674068361e+02 1.716303944186442436e+02 9.068368619923592888e+00
6.524744516464658082e+05 4.310211699326070375e+05 3.597502654664473375e+05 1.587877071590889245e+05 1.137847924462299707e+05 5.637849967126231786e+04 2.599339902327166783e+04 1.147481679017419447e+04 4.378210853895272521e+03 1.118256734505293792e+02 1.613944240663656160e+02 5.210654836330786965e-01
3.663953068827302195e+05 2.408599200443158916e+05 1.587877071590889245e+05 1.331091286060729472e+05 6.334471580310003628e+04 3.255899002223198477e+04 1.564152840691411257e+04 6.733901220007826851e+03 2.370911478190094840e+03 9.003915805961777608e+01 5.740971834848680544e+01 5.016523688307565010e+00
2.442745520336092159e+05 1.693848707765006402e+05 1.137847924462299707e+05 6.334471580310003628e+04 6.786107143409636046e+04 2.196194595368647788e+04 1.025517644659990401e+04 4.820285468139546538e+03 1.780021269734213547e+03 1.396860897074618038e+02 7.009350689137453116e+01 6.635502957889518605e+00
1.215032560566355678e+05 8.179974274491654069e+04 5.637849967126231786e+04 3.255899002223198477e+04 2.196194595368647788e+04 1.987136500386867556e+04 5.329290749073958978e+03 2.184012668118285092e+03 9.976559009894434666e+02 2.947947798564518607e+01 1.970866645389589422e+01 4.291849036730144284e+00
5.722765285298547678e+04 3.980938808612614957e+04 2.599339902327166783e+04 1.564152840691411257e+04 1.025517644659990401e+04 5.329290749073958978e+03 6.216931319422348679e+03 1.209287391881465510e+03 4.937588485546663151e+02 3.150108853221837535e+01 1.051490529032024668e+01 5.779635054094375279e-01
2.719094299189606681e+04 1.794658950322042438e+04 1.147481679017419447e+04 6.733901220007826851e+03 4.820285468139546538e+03 2.184012668118285092e+03 1.209287391881465510e+03 1.858572808595990182e+03 1.574177888799222558e+02 1.117449584746655589e+01 4.864838397005713411e+00 -1.536256205842555955e+00
9.780479720126593747e+03 6.652427340537659802e+03 4.378210853895272521e+03 2.370911478190094840e+03 1.780021269734213547e+03 9.976559009894434666e+02 4.937588485546663151e+02 1.574177888799222558e+02 4.229702524652506668e+02 1.840581133685009751e+00 1.103693247583937387e+00 -6.538760385588576751e-01
6.921950957017372730e+01 4.606227125674068361e+02 1.118256734505293792e+02 9.003915805961777608e+01 1.396860897074618038e+02 2.947947798564518607e+01 3.150108853221837535e+01 1.117449584746655589e+01 1.840581133685009751e+00 4.616844800667308135e+01 4.044250885257327788e-01 -1.001106230615499415e-01
3.067687043472603250e+02 1.716303944186442436e+02 1.613944240663656160e+02 5.740971834848680544e+01 7.009350689137453116e+01 1.970866645389589422e+01 1.051490529032024668e+01 4.864838397005713411e+00 1.103693247583937387e+00 4.044250885257327788e-01 7.968812295426696224e+00 -1.177491913715435212e-02
-4.481625381006620756e+01 9.068368619923592888e+00 5.210654836330786965e-01 5.016523688307565010e+00 6.635502957889518605e+00 4.291849036730144284e+00 5.779635054094375279e-01 -1.536256205842555955e+00 -6.538760385588576751e-01 -1.001106230615499415e-01 -1.177491913715435212e-02 1.002690043368560380e+00
