3.279348920993116917e+05 1.827669551432430744e+05 1.174213906854923407e+05 7.262173935544917185e+04 4.069624867347968393e+04 2.165400869712924396e+04 1.077060088729635572e+04 4.120970805728533378e+03 1.384222142165504465e+03 2.740110721679413928e+02 6.456101724837499489e+01 5.798906506549663220e+00 1.356450551917383507e+00
1.827669551432430744e+05 1.462249712881542800e+05 7.765960438964026980e+04 4.798763043327113701e+04 2.720963516259815515e+04 1.451876975539259183e+04 7.017899087862028864e+03 2.700820077248737562e+03 8.896422685992771449e+02 1.851676167866977778e+02 4.522139420504332463e+01 3.439749716763540910e+00 1.429554650474810895e+00
1.174213906854923407e+05 7.765960438964026980e+04 6.506639565906535427e+04 3.101604060600997036e+04 1.786960109405242838e+04 9.362979789750132113e+03 4.531992965233905124e+03 1.837419695291843482e+03 6.105837387234978451e+02 1.132115648511363872e+02 3.062553669597802042e+01 1.792208878946017325e+00 9.187121036410121899e-01
7.262173935544917185e+04 4.798763043327113701e+04 3.101604060600997036e+04 2.765658833000672894e+04 1.105659261534325742e+04 5.880353324611760399e+03 2.816375814458447167e+03 1.106697602974365509e+03 3.761615397696668310e+02 7.048279265683342487e+01 1.438137376909948806e+01 1.604352188125930168e+00 1.327154569420860297e-01
4.069624867347968393e+04 2.720963516259815515e+04 1.786960109405242838e+04 1.105659261534325742e+04 1.051493142977402567e+04 3.385567362803965807e+03 1.724382705644738962e+03 6.800324629062725990e+02 2.271260072630426237e+02 4.183272573927624904e+01 1.375928577210124004e+01 5.228388519139238744e-01 1.114611702466719728e-01
2.165400869712924396e+04 1.451876975539259183e+04 9.362979789750132113e+03 5.880353324611760399e+03 3.385567362803965807e+03 3.798876112817968533e+03 9.035508404654943888e+02 3.515737169576618726e+02 1.166002035553418210e+02 2.363420345319036642e+01 5.850535262423901983e+00 2.622152195501342153e-01 3.592342180417186226e-01
1.077060088729635572e+04 7.017899087862028864e+03 4.531992965233905124e+03 2.816375814458447167e+03 1.724382705644738962e+03 9.035508404654943888e+02 1.245686620352359796e+03 2.066922018952051587e+02 6.450255769892004309e+01 1.054502224084184903e+01 3.622662305763107327e+00 7.278715202887998670e-01 -1.478239205638476848e-02
4.120970805728533378e+03 2.700820077248737562e+03 1.837419695291843482e+03 1.106697602974365509e+03 6.800324629062725990e+02 3.515737169576618726e+02 2.066922018952051587e+02 3.279207538471724774e+02 2.350705409751344632e+01 5.039942596076071979e+00 1.302948818568769429e+00 -1.783827442514414677e-02 6.341029072747168815e-02
1.384222142165504465e+03 8.896422685992771449e+02 6.105837387234978451e+02 3.761615397696668310e+02 2.271260072630426237e+02 1.166002035553418210e+02 6.450255769892004309e+01 2.350705409751344632e+01 7.693224740957472818e+01 3.002978165462908411e+00 1.370821185638956274e-01 -1.154547548770768622e-02 -2.678132164984916089e-02
2.740110721679413928e+02 1.851676167866977778e+02 1.132115648511363872e+02 7.048279265683342487e+01 4.183272573927624904e+01 2.363420345319036642e+01 1.054502224084184903e+01 5.039942596076071979e+00 3.002978165462908411e+00 1.351524326283044708e+01 1.106516981507805059e-01 1.641027796287795534e-02 7.497995976731383627e-02
6.456101724837499489e+01 4.522139420504332463e+01 3.062553669597802042e+01 1.438137376909948806e+01 1.375928577210124004e+01 5.850535262423901983e+00 3.622662305763107327e+00 1.302948818568769429e+00 1.370821185638956274e-01 1.106516981507805059e-01 1.778555280952786699e+00 -3.689580241203269193e-03 -3.924550849575202355e-04
5.798906506549663220e+00 3.439749716763540910e+00 1.792208878946017325e+00 1.604352188125930168e+00 5.228388519139238744e-01 2.622152195501342153e-01 7.278715202887998670e-01 -1.783827442514414677e-02 -1.154547548770768622e-02 1.641027796287795534e-02 -3.689580241203269193e-03 2.003838371767944493e-01 0.000000000000000000e+00
1.356450551917383507e+00 1.429554650474810895e+00 9.187121036410121899e-01 1.327154569420860297e-01 1.114611702466719728e-01 3.592342180417186226e-01 -1.478239205638476848e-02 6.341029072747168815e-02 -2.678132164984916089e-02 7.497995976731383627e-02 -3.924550849575202355e-04 0.000000000000000000e+00 4.010042365877780624e-02
