3.692522399999999907e+05 1.644115840000000026e+05 7.226803599999999278e+04 2.625939600000000064e+04 7.494697600000000421e+03 1.113655840000000126e+03 1.263372959999999949e+02 5.909918719999999404e+00
1.644115840000000026e+05 1.013611520000000019e+05 3.723681199999999808e+04 1.356446719999999914e+04 3.809626799999999548e+03 5.954058800000000247e+02 6.448833199999999977e+01 4.963720000000001464e-01
7.226803599999999278e+04 3.723681199999999808e+04 2.346061599999999817e+04 6.359552400000000489e+03 1.770192439999999806e+03 2.827332800000000361e+02 2.978242159999999927e+01 1.091535759999999966e+00
2.625939600000000064e+04 1.356446719999999914e+04 6.359552400000000489e+03 4.346570400000000518e+03 6.933749599999999873e+02 1.124438600000000008e+02 1.277390799999999871e+01 3.446379600000000765e-01
7.494697600000000421e+03 3.809626799999999548e+03 1.770192439999999806e+03 6.933749599999999873e+02 6.422280399999999645e+02 3.035583079999999967e+01 3.762558999999999987e+00 4.865481200000000561e-02
1.113655840000000126e+03 5.954058800000000247e+02 2.827332800000000361e+02 1.124438600000000008e+02 3.035583079999999967e+01 6.239555199999999502e+01 5.664695799999999171e-01 7.500944400000000845e-02
1.263372959999999949e+02 6.448833199999999977e+01 2.978242159999999927e+01 1.277390799999999871e+01 3.762558999999999987e+00 5.664695799999999171e-01 3.435854799999999987e+00 7.493148680000000228e-02
5.909918719999999404e+00 4.963720000000001464e-01 1.091535759999999966e+00 3.446379600000000765e-01 4.865481200000000561e-02 7.500944400000000845e-02 7.493148680000000228e-02 1.593756159999999977e-01
