4.197896574431586778e+05 2.538373770909917075e+05 1.799584480843766942e+05 1.238997942235850787e+05 8.813503053383187216e+04 5.873245969433432765e+04 3.823128881103797903e+04 2.429096329750743826e+04 1.352758532967625433e+04 7.235799143583836667e+03 3.287752614601663026e+03 8.137582877761914233e+02 2.146599462652440309e+02 4.295877325168731886e+01 3.390394358173064226e+00
2.538373770909917075e+05 2.210000461587758327e+05 1.281723840696719999e+05 8.863902389998119907e+04 6.240941657653138827e+04 4.256069365071201173e+04 2.724757885534985689e+04 1.742719533318926551e+04 9.669274424162274954e+03 5.154525345955654302e+03 2.267928066782755650e+03 5.811974631420473543e+02 1.490255196612355917e+02 3.200470810143783496e+01 4.063497230552628459e+00
1.799584480843766942e+05 1.281723840696719999e+05 1.166094032432124659e+05 6.281571184752543923e+04 4.407161206252996635e+04 2.969551010704393411e+04 1.917775296623623217e+04 1.211524220758009506e+04 6.648761908635072359e+03 3.651356193359270492e+03 1.673535212784851637e+03 4.126269167796339161e+02 1.213373436531874887e+02 2.263562657426976443e+01 2.233109056808355142e+00
1.238997942235850787e+05 8.863902389998119907e+04 6.281571184752543923e+04 5.938139547686203150e+04 3.073400595580721347e+04 2.052079052153145312e+04 1.355556300290858235e+04 8.332112032799690496e+03 4.751071420510668759e+03 2.472760421813221001e+03 1.109734529061214289e+03 2.748539436208338316e+02 6.983203150540091997e+01 1.064416478878742289e+01 4.329047207730981062e-01
8.813503053383187216e+04 6.240941657653138827e+04 4.407161206252996635e+04 3.073400595580721347e+04 3.169045627465875441e+04 1.457925261032624985e+04 9.554226843327100141e+03 6.038590363183844602e+03 3.434537705641554112e+03 1.814414046088748364e+03 7.821960270908862185e+02 1.960302178972756053e+02 4.774503475432923949e+01 1.194988302130645685e+01 5.345015735578607652e-01
5.873245969433432765e+04 4.256069365071201173e+04 2.969551010704393411e+04 2.052079052153145312e+04 1.457925261032624985e+04 1.608971063464292456e+04 6.502903300723466600e+03 4.106130465850614200e+03 2.244429378172601901e+03 1.190732393878629409e+03 5.272739676754470111e+02 1.195535043296235642e+02 3.172445637403602703e+01 4.383387101047407697e+00 6.121691540970257694e-01
3.823128881103797903e+04 2.724757885534985689e+04 1.917775296623623217e+04 1.355556300290858235e+04 9.554226843327100141e+03 6.502903300723466600e+03 7.523420117586591914e+03 2.667925522590085166e+03 1.483929786762980484e+03 8.364372959067052307e+02 3.487960030461525776e+02 8.610938488885128095e+01 2.245312386399526261e+01 3.784837567336568842e+00 9.105226701239711451e-01
2.429096329750743826e+04 1.742719533318926551e+04 1.211524220758009506e+04 8.332112032799690496e+03 6.038590363183844602e+03 4.106130465850614200e+03 2.667925522590085166e+03 3.493800247359954483e+03 9.684505958967376955e+02 5.230917956174689607e+02 2.078767087698620344e+02 4.726742365212970753e+01 1.650210305268731403e+01 2.519496783550439378e+00 8.402066258536537990e-01
1.352758532967625433e+04 9.669274424162274954e+03 6.648761908635072359e+03 4.751071420510668759e+03 3.434537705641554112e+03 2.244429378172601901e+03 1.483929786762980484e+03 9.684505958967376955e+02 1.407033305249482055e+03 3.034615639918790180e+02 1.404929682144510821e+02 3.049250643474124445e+01 9.044885251778225665e+00 2.397500552920205641e-01 7.459577327485675084e-03
7.235799143583836667e+03 5.154525345955654302e+03 3.651356193359270492e+03 2.472760421813221001e+03 1.814414046088748364e+03 1.190732393878629409e+03 8.364372959067052307e+02 5.230917956174689607e+02 3.034615639918790180e+02 5.232140124793215818e+02 7.431287067236183930e+01 1.798112499218986216e+01 5.381752705480719712e+00 1.116920164635933688e+00 1.568372224007726357e-01
3.287752614601663026e+03 2.267928066782755650e+03 1.673535212784851637e+03 1.109734529061214289e+03 7.821960270908862185e+02 5.272739676754470111e+02 3.487960030461525776e+02 2.078767087698620344e+02 1.404929682144510821e+02 7.431287067236183930e+01 1.599999030097934849e+02 7.282902507993215480e+00 2.573830921626961477e+00 5.781146694944092612e-01 -6.215543603487385521e-02
8.137582877761914233e+02 5.811974631420473543e+02 4.126269167796339161e+02 2.748539436208338316e+02 1.960302178972756053e+02 1.195535043296235642e+02 8.610938488885128095e+01 4.726742365212970753e+01 3.049250643474124445e+01 1.798112499218986216e+01 7.282902507993215480e+00 3.606808902137779427e+01 7.574698520796255830e-01 4.737333568532511308e-01 -2.589420029745709284e-02
2.146599462652440309e+02 1.490255196612355917e+02 1.213373436531874887e+02 6.983203150540091997e+01 4.774503475432923949e+01 3.172445637403602703e+01 2.245312386399526261e+01 1.650210305268731403e+01 9.044885251778225665e+00 5.381752705480719712e+00 2.573830921626961477e+00 7.574698520796255830e-01 6.377573689114460542e+00 -6.551661400961153459e-02 -4.393699352670697375e-03
4.295877325168731886e+01 3.200470810143783496e+01 2.263562657426976443e+01 1.064416478878742289e+01 1.194988302130645685e+01 4.383387101047407697e+00 3.784837567336568842e+00 2.519496783550439378e+00 2.397500552920205641e-01 1.116920164635933688e+00 5.781146694944092612e-01 4.737333568532511308e-01 -6.551661400961153459e-02 9.931871079928653590e-01 -5.491653535267609302e-04
3.390394358173064226e+00 4.063497230552628459e+00 2.233109056808355142e+00 4.329047207730981062e-01 5.345015735578607652e-01 6.121691540970257694e-01 9.105226701239711451e-01 8.402066258536537990e-01 7.459577327485675084e-03 1.568372224007726357e-01 -6.215543603487385521e-02 -2.589420029745709284e-02 -4.393699352670697375e-03 -5.491653535267609302e-04 8.017447453661877277e-02
