4.118696763066290296e+05 2.500191275618255604e+05 1.743455526900211698e+05 1.207607253303967009e+05 8.371431242172690690e+04 5.477008660903187410e+04 3.537655919534892746e+04 2.170731937070624554e+04 1.156273447061030674e+04 6.005660919595310588e+03 2.256686651177135445e+03 5.969506274049279000e+02 1.228446583979596198e+02 2.143527224094408012e+01 -1.000902374883063661e-01
2.500191275618255604e+05 2.192042922005334403e+05 1.252784611304832360e+05 8.673327905603407999e+04 5.942395605380937923e+04 3.959707959300452785e+04 2.537574910391870799e+04 1.556317236334515292e+04 8.190208433462653375e+03 4.174825521356391619e+03 1.713169767752182906e+03 3.970932938670479757e+02 8.832658320300427590e+01 2.069770367848025927e+01 6.858900368929058411e-01
1.743455526900211698e+05 1.252784611304832360e+05 1.111468692627015989e+05 5.963263768405492738e+04 4.110895611955911590e+04 2.733750585100191529e+04 1.762399794874064173e+04 1.072110520557368000e+04 5.687856067347944190e+03 3.000289061477198175e+03 1.124755596860373316e+03 2.702424805129869583e+02 6.347458779459227429e+01 1.416105849975707898e+01 -1.567998448867725381e-01
1.207607253303967009e+05 8.673327905603407999e+04 5.963263768405492738e+04 5.777769342085295648e+04 2.892947548077961619e+04 1.911765819593976630e+04 1.232863627792930129e+04 7.436358552340968345e+03 4.019126046228196174e+03 2.050363163220254592e+03 7.578754430877704635e+02 1.799938118821538637e+02 4.003219926943886975e+01 7.973708985463868082e+00 -4.347986241757539894e-01
8.371431242172690690e+04 5.942395605380937923e+04 4.110895611955911590e+04 2.892947548077961619e+04 2.940128682543295508e+04 1.323551874280240372e+04 8.649899150120470949e+03 5.159350997996706610e+03 2.867825277865288172e+03 1.435467590255208734e+03 5.501121470534287710e+02 1.356034853999583163e+02 2.572911480015161345e+01 4.114059151579875007e+00 5.025038269681737502e-01
5.477008660903187410e+04 3.959707959300452785e+04 2.733750585100191529e+04 1.911765819593976630e+04 1.323551874280240372e+04 1.441313043455314255e+04 5.730196471600616860e+03 3.470222561456800122e+03 1.799366709262033055e+03 9.711699908439234150e+02 3.258456567872439109e+02 7.739949073780940125e+01 1.786348367086356248e+01 2.328032593336142320e+00 -2.134224110484473635e-01
3.537655919534892746e+04 2.537574910391870799e+04 1.762399794874064173e+04 1.232863627792930129e+04 8.649899150120470949e+03 5.730196471600616860e+03 6.627999711637530709e+03 2.298670424583309796e+03 1.244978372058991681e+03 6.200989649748476040e+02 2.389414786920511347e+02 5.561007944897365718e+01 1.190333444091126225e+01 2.181396003351513180e+00 2.007847720054226903e-01
2.170731937070624554e+04 1.556317236334515292e+04 1.072110520557368000e+04 7.436358552340968345e+03 5.159350997996706610e+03 3.470222561456800122e+03 2.298670424583309796e+03 2.913669354723122069e+03 7.783051767665817806e+02 3.887975608560285536e+02 1.300165083329478080e+02 3.612186671128169024e+01 8.460533054530969821e+00 1.645782427010529236e+00 -1.564940449691351043e-01
1.156273447061030674e+04 8.190208433462653375e+03 5.687856067347944190e+03 4.019126046228196174e+03 2.867825277865288172e+03 1.799366709262033055e+03 1.244978372058991681e+03 7.783051767665817806e+02 1.129131533687784895e+03 2.299170999785447691e+02 8.621121364045941959e+01 2.146235087253451113e+01 4.263419999739531008e+00 -5.190114939517507381e-02 1.633291158776975505e-01
6.005660919595310588e+03 4.174825521356391619e+03 3.000289061477198175e+03 2.050363163220254592e+03 1.435467590255208734e+03 9.711699908439234150e+02 6.200989649748476040e+02 3.887975608560285536e+02 2.299170999785447691e+02 3.980686128852256047e+02 4.582673591042778583e+01 1.078132240723974711e+01 2.031470949413127780e+00 9.920263976851417809e-01 -3.234116486800845541e-02
2.256686651177135445e+03 1.713169767752182906e+03 1.124755596860373316e+03 7.578754430877704635e+02 5.501121470534287710e+02 3.258456567872439109e+02 2.389414786920511347e+02 1.300165083329478080e+02 8.621121364045941959e+01 4.582673591042778583e+01 1.092289871895912654e+02 3.964704396554334487e+00 1.018487171999143071e+00 2.581346969037204286e-01 -3.460980488721826509e-02
5.969506274049279000e+02 3.970932938670479757e+02 2.702424805129869583e+02 1.799938118821538637e+02 1.356034853999583163e+02 7.739949073780940125e+01 5.561007944897365718e+01 3.612186671128169024e+01 2.146235087253451113e+01 1.078132240723974711e+01 3.964704396554334487e+00 2.347196068957935111e+01 5.788537017510497762e-01 1.665958866190994925e-01 -7.611381870663161756e-03
1.228446583979596198e+02 8.832658320300427590e+01 6.347458779459227429e+01 4.003219926943886975e+01 2.572911480015161345e+01 1.786348367086356248e+01 1.190333444091126225e+01 8.460533054530969821e+00 4.263419999739531008e+00 2.031470949413127780e+00 1.018487171999143071e+00 5.788537017510497762e-01 3.637858026462781336e+00 -2.024360356024347551e-02 -1.255350327431469437e-03
2.143527224094408012e+01 2.069770367848025927e+01 1.416105849975707898e+01 7.973708985463868082e+00 4.114059151579875007e+00 2.328032593336142320e+00 2.181396003351513180e+00 1.645782427010529236e+00 -5.190114939517507381e-02 9.920263976851417809e-01 2.581346969037204286e-01 1.665958866190994925e-01 -2.024360356024347551e-02 5.590867885071665322e-01 -1.569044418699097761e-04
-1.000902374883063661e-01 6.858900368929058411e-01 -1.567998448867725381e-01 -4.347986241757539894e-01 5.025038269681737502e-01 -2.134224110484473635e-01 2.007847720054226903e-01 -1.564940449691351043e-01 1.633291158776975505e-01 -3.234116486800845541e-02 -3.460980488721826509e-02 -7.611381870663161756e-03 -1.255350327431469437e-03 -1.569044418699097761e-04 4.008783609125009945e-02
