5.073390799999999581e+05 2.494324799999999814e+05 1.326375320000000065e+05 6.188705199999999604e+04 2.434783200000000215e+04 7.276877599999999802e+03 1.131228920000000016e+03 1.047696719999999999e+02 6.284888399999999820e+00
2.494324799999999814e+05 1.654452239999999874e+05 7.461693200000000070e+04 3.494166399999999703e+04 1.353169879999999830e+04 4.081085600000000341e+03 5.941957439999999906e+02 5.780453559999999413e+01 4.035306000000000282e+00
1.326375320000000065e+05 7.461693200000000070e+04 5.220560400000000664e+04 1.884167840000000069e+04 7.158947999999999411e+03 2.227693199999999706e+03 3.504962840000000028e+02 3.055614040000000386e+01 1.761396959999999901e+00
6.188705199999999604e+04 3.494166399999999703e+04 1.884167840000000069e+04 1.350411199999999917e+04 3.639814800000000105e+03 1.079209080000000085e+03 1.597558520000000044e+02 1.729217759999999871e+01 1.820499919999999827e+00
2.434783200000000215e+04 1.353169879999999830e+04 7.158947999999999411e+03 3.639814800000000105e+03 2.886193600000000060e+03 4.414281599999999912e+02 6.920020399999999938e+01 7.932755760000000045e+00 4.775028800000000184e-01
7.276877599999999802e+03 4.081085600000000341e+03 2.227693199999999706e+03 1.079209080000000085e+03 4.414281599999999912e+02 4.612714799999999400e+02 2.625027159999999782e+01 1.330989079999999936e+00 -5.076003999999999933e-02
1.131228920000000016e+03 5.941957439999999906e+02 3.504962840000000028e+02 1.597558520000000044e+02 6.920020399999999938e+01 2.625027159999999782e+01 4.637494799999999628e+01 4.661189599999999156e-01 7.992172399999999954e-02
1.047696719999999999e+02 5.780453559999999413e+01 3.055614040000000386e+01 1.729217759999999871e+01 7.932755760000000045e+00 1.330989079999999936e+00 4.661189599999999156e-01 2.679521960000000202e+00 -4.132537599999999700e-03
6.284888399999999820e+00 4.035306000000000282e+00 1.761396959999999901e+00 1.820499919999999827e+00 4.775028800000000184e-01 -5.076003999999999933e-02 7.992172399999999954e-02 -4.132537599999999700e-03 1.989076639999999840e-01
