7.891223200000000361e+04 2.068014800000000105e+04 5.541361200000000281e+03 8.857844800000000305e+02 8.099852400000000330e+01 3.326771200000000039e+00
2.068014800000000105e+04 1.110278800000000047e+04 1.935353240000000142e+03 3.060385999999999740e+02 2.564325279999999907e+01 1.677654479999999948e+00
5.541361200000000281e+03 1.935353240000000142e+03 1.385550280000000157e+03 9.220276400000000194e+01 8.239501119999999901e+00 3.910316240000000221e-01
8.857844800000000305e+02 3.060385999999999740e+02 9.220276400000000194e+01 1.202204399999999964e+02 1.235004956000000043e+00 2.836636240000000031e-01
8.099852400000000330e+01 2.564325279999999907e+01 8.239501119999999901e+00 1.235004956000000043e+00 7.449250799999999728e+00 1.582839799999999700e-02
3.326771200000000039e+00 1.677654479999999948e+00 3.910316240000000221e-01 2.836636240000000031e-01 1.582839799999999700e-02 3.179715439999999949e-01
