5.800930400000000373e+05 3.038215199999999604e+05 1.760610080000000016e+05 9.761027199999999721e+04 4.925669999999999709e+04 2.076973479999999836e+04 7.235342000000000553e+03 1.150307520000000068e+03 9.163348799999999983e+01 5.838107200000000496e+00
3.038215199999999604e+05 2.158174799999999814e+05 1.041891800000000076e+05 5.769483600000000297e+04 2.877222399999999834e+04 1.222124680000000080e+04 4.278244800000000396e+03 6.461510399999999663e+02 5.970831200000000649e+01 2.458469999999999711e+00
1.760610080000000016e+05 1.041891800000000076e+05 7.876897199999999430e+04 3.407231999999999971e+04 1.714181840000000011e+04 7.244769199999999728e+03 2.457255999999999858e+03 3.557669999999999391e+02 3.472095840000000067e+01 1.806308799999999826e+00
9.761027199999999721e+04 5.769483600000000297e+04 3.407231999999999971e+04 2.729136799999999857e+04 9.604392400000000634e+03 4.014361999999999625e+03 1.336858760000000075e+03 1.921891239999999925e+02 1.527884799999999998e+01 1.020347000000000115e+00
4.925669999999999709e+04 2.877222399999999834e+04 1.714181840000000011e+04 9.604392400000000634e+03 8.117053199999999379e+03 2.152785640000000058e+03 6.941445599999999558e+02 1.032624560000000002e+02 9.096181520000000020e+00 1.285687079999999982e+00
2.076973479999999836e+04 1.222124680000000080e+04 7.244769199999999728e+03 4.014361999999999625e+03 2.152785640000000058e+03 1.976093239999999923e+03 3.428644400000000019e+02 4.522493600000000669e+01 1.888647600000000093e+00 1.279527119999999962e-01
7.235342000000000553e+03 4.278244800000000396e+03 2.457255999999999858e+03 1.336858760000000075e+03 6.941445599999999558e+02 3.428644400000000019e+02 3.643689600000000155e+02 1.845575879999999813e+01 1.922409839999999814e+00 -1.559600000000035958e-04
1.150307520000000068e+03 6.461510399999999663e+02 3.557669999999999391e+02 1.921891239999999925e+02 1.032624560000000002e+02 4.522493600000000669e+01 1.845575879999999813e+01 3.924920799999999588e+01 5.130584679999999898e-01 -2.658859200000000117e-02
9.163348799999999983e+01 5.970831200000000649e+01 3.472095840000000067e+01 1.527884799999999998e+01 9.096181520000000020e+00 1.888647600000000093e+00 1.922409839999999814e+00 5.130584679999999898e-01 2.411842959999999980e+00 -1.559448000000000171e-03
5.838107200000000496e+00 2.458469999999999711e+00 1.806308799999999826e+00 1.020347000000000115e+00 1.285687079999999982e+00 1.279527119999999962e-01 -1.559600000000035958e-04 -2.658859200000000117e-02 -1.559448000000000171e-03 7.968780799999999886e-02
