7.116670055392225549e+03 1.429809860448336622e+03 4.662949400217249831e+02 1.091222136992234084e+02 1.149921413265194126e+01 1.523150204693522358e+00 9.354903510605375172e-02
1.429809860448336622e+03 1.633421803670731151e+03 1.735653521138906683e+02 4.526248872330248929e+01 1.023402369125500044e+01 5.173600897821877265e-01 7.039518294106617002e-01
4.662949400217249831e+02 1.735653521138906683e+02 3.155088200736028057e+02 1.683288575519098629e+01 2.968349157643392022e+00 1.154828476659190140e-01 3.854256713122551636e-02
1.091222136992234084e+02 4.526248872330248929e+01 1.683288575519098629e+01 5.460794450298249103e+01 8.625806322611229149e-01 1.165468899395941949e-01 1.219408662990513620e-01
1.149921413265194126e+01 1.023402369125500044e+01 2.968349157643392022e+00 8.625806322611229149e-01 8.423222968500544638e+00 3.361513474008896718e-02 -6.556088103180907241e-03
1.523150204693522358e+00 5.173600897821877265e-01 1.154828476659190140e-01 1.165468899395941949e-01 3.361513474008896718e-02 6.018351730850335368e-01 -2.366794343846750687e-04
9.354903510605375172e-02 7.039518294106617002e-01 3.854256713122551636e-02 1.219408662990513620e-01 -6.556088103180907241e-03 -2.366794343846750687e-04 8.050166096815410122e-02
