6.630417227125048521e+04 4.070675119105149861e+03 1.537836019454315419e+03 3.194342674600995338e+02 2.464222952311841709e+03 -7.706508325782801876e+02 5.380377420384955940e+02 1.421574443975748352e+02 -2.148172207377595839e+02 8.066060802128158684e+02 2.132595718463655032e+02 -9.410424899106796204e+01 3.297343471327476294e+01 -9.981543430386185634e+00 -2.259928002975680528e+01
4.070675119105149861e+03 4.702529853277473012e+04 2.196565278289775051e+03 1.450152288697462382e+03 5.902126501311855691e+02 2.187651411345894758e+03 3.893680643082793154e+02 1.261893428158181933e+02 3.004433997483043299e+02 -8.493220148337778141e+01 -1.608616422660165881e+02 5.300408779986472751e+01 -2.445977679717247355e+01 -2.807147513726742005e+01 -6.286043400587478125e+00
1.537836019454315419e+03 2.196565278289775051e+03 3.232730878679322268e+04 -9.774806579582549375e+02 7.318725157787449689e+02 -2.720525122449782174e+01 1.324274475789633698e+03 4.333769968414834466e+02 1.245770870600903066e+02 7.167500283536519134e+01 -6.115090484533553195e+01 5.349797382360074494e+01 -2.846099704453361579e+00 -8.999885943216710871e+01 -9.362200671675562802e+00
3.194342674600995338e+02 1.450152288697462382e+03 -9.774806579582549375e+02 1.831190877415945579e+04 -5.685305100224005770e+01 1.328272137215848488e+03 2.574837311505213506e+02 3.853401318573251899e+01 3.398677917447233199e+02 1.777302311072992680e+01 5.648984779446817583e+01 -4.239494893488907934e+01 -4.996260310720431619e+01 -1.225685769520252855e+01 -3.172664773625557100e+00
2.464222952311841709e+03 5.902126501311855691e+02 7.318725157787449689e+02 -5.685305100224005770e+01 1.183593627805560754e+04 -7.066409137602816770e+01 5.097222554990316894e+02 5.593600242892648566e+01 1.512710931544039568e+02 8.082783961121499772e+00 7.291201236696942090e+01 -1.884106295072518122e+01 -3.348443310109301052e+01 3.044309396017244485e+00 2.095042128804721848e+00
-7.706508325782801876e+02 2.187651411345894758e+03 -2.720525122449782174e+01 1.328272137215848488e+03 -7.066409137602816770e+01 6.674801520209310183e+03 2.061812599646486035e+02 -1.807504004016455923e+01 2.041754098749188131e+02 -8.477361166460383401e+01 5.786060098718802891e+01 5.712538022112375558e+01 5.355472179278328859e-01 1.303322194743919304e+01 -7.368128866814483757e+00
5.380377420384955940e+02 3.893680643082793154e+02 1.324274475789633698e+03 2.574837311505213506e+02 5.097222554990316894e+02 2.061812599646486035e+02 3.965071517037940794e+03 1.538933691994658943e+02 8.496108307717940988e+01 5.363857263705835976e+01 -1.214985428671344847e+00 -7.028372908169001620e-01 1.251459175555022085e+01 -2.264978966767747082e+01 -5.356393182618098159e+00
1.421574443975748352e+02 1.261893428158181933e+02 4.333769968414834466e+02 3.853401318573251899e+01 5.593600242892648566e+01 -1.807504004016455923e+01 1.538933691994658943e+02 2.262015279485885912e+03 6.625539484126865375e+01 1.500182148640227098e+01 1.132940821205479409e+01 -1.881372873414983360e+01 -8.855345866257113840e+00 2.988734763173253928e+00 3.685572912693810821e+00
-2.148172207377595839e+02 3.004433997483043299e+02 1.245770870600903066e+02 3.398677917447233199e+02 1.512710931544039568e+02 2.041754098749188131e+02 8.496108307717940988e+01 6.625539484126865375e+01 1.044190606665845962e+03 -3.547502164746512676e+01 1.424420446731075707e+01 8.847048004798963916e+00 4.346813110114876366e+00 4.220257191546162190e+00 6.201624621862266151e-01
8.066060802128158684e+02 -8.493220148337778141e+01 7.167500283536519134e+01 1.777302311072992680e+01 8.082783961121499772e+00 -8.477361166460383401e+01 5.363857263705835976e+01 1.500182148640227098e+01 -3.547502164746512676e+01 4.289254195927220508e+02 -7.578803533359585565e+00 -1.537202956723970182e+01 -6.155678990749242629e+00 -5.082188357155589920e+00 -1.604423150204570270e+00
2.132595718463655032e+02 -1.608616422660165881e+02 -6.115090484533553195e+01 5.648984779446817583e+01 7.291201236696942090e+01 5.786060098718802891e+01 -1.214985428671344847e+00 1.132940821205479409e+01 1.424420446731075707e+01 -7.578803533359585565e+00 2.105691253055393304e+02 -5.744584535985759466e-01 -5.760461582170835371e+00 -2.401706103867665143e-01 -5.316509910193487620e-01
-9.410424899106796204e+01 5.300408779986472751e+01 5.349797382360074494e+01 -4.239494893488907934e+01 -1.884106295072518122e+01 5.712538022112375558e+01 -7.028372908169001620e-01 -1.881372873414983360e+01 8.847048004798963916e+00 -1.537202956723970182e+01 -5.744584535985759466e-01 7.526400694531942293e+01 -2.135581747489377680e+00 2.250997410447972857e+00 -5.946449442467048874e-01
3.297343471327476294e+01 -2.445977679717247355e+01 -2.846099704453361579e+00 -4.996260310720431619e+01 -3.348443310109301052e+01 5.355472179278328859e-01 1.251459175555022085e+01 -8.855345866257113840e+00 4.346813110114876366e+00 -6.155678990749242629e+00 -5.760461582170835371e+00 -2.135581747489377680e+00 3.094047893720258813e+01 -3.963762586956544320e-02 -2.218467155613177977e-01
-9.981543430386185634e+00 -2.807147513726742005e+01 -8.999885943216710871e+01 -1.225685769520252855e+01 3.044309396017244485e+00 1.303322194743919304e+01 -2.264978966767747082e+01 2.988734763173253928e+00 4.220257191546162190e+00 -5.082188357155589920e+00 -2.401706103867665143e-01 2.250997410447972857e+00 -3.963762586956544320e-02 1.855040362459751790e+01 -1.504263015329046493e-01
-2.259928002975680528e+01 -6.286043400587478125e+00 -9.362200671675562802e+00 -3.172664773625557100e+00 2.095042128804721848e+00 -7.368128866814483757e+00 -5.356393182618098159e+00 3.685572912693810821e+00 6.201624621862266151e-01 -1.604423150204570270e+00 -5.316509910193487620e-01 -5.946449442467048874e-01 -2.218467155613177977e-01 -1.504263015329046493e-01 4.019677689580586133e+00
