4.655899080307078111e+04 1.990653380755992202e+03 1.157025697788683601e+03 7.545621218121520997e+02 9.926249611376371149e+02 -2.679289881022203303e+02 -9.941013429968799642e+01 1.467225411086790814e+02 6.291263006377718057e+02 -3.967224275245178546e+02 6.282114386918031101e+01 -1.254049485671819184e+02 -2.497331949521607086e+01 4.139246957508003755e-01 -4.369127582221967288e+00
1.990653380755992202e+03 3.063993727339387988e+04 -6.211513345311265084e+02 7.945949512765516829e+02 -1.517597381512391941e+01 4.684250892462781621e+02 4.104370448226760573e+02 8.720555688981065146e+01 3.662105409908763249e+02 -1.946472355994726655e+01 -1.401692382611558685e+02 -2.404984617651301804e+01 -2.956586202885014458e+01 -1.044013241518910640e+01 -7.546713497050455688e-01
1.157025697788683601e+03 -6.211513345311265084e+02 1.983295155537815663e+04 2.576339641922958776e+02 7.244654027602986162e+02 8.051063764286802780e+02 6.670096460211954081e+01 1.991286133529257256e+02 2.867862947858968070e+01 1.080404152710974408e+01 4.807345223120056232e+01 -1.239020347753902307e+01 -5.792412290986177048e+00 -1.522577844068407238e+00 1.104186259515926860e+00
7.545621218121520997e+02 7.945949512765516829e+02 2.576339641922958776e+02 1.206809830081459404e+04 -1.832273631208383335e+01 -2.663231837116735505e+02 2.761395425175472269e+02 3.028598222153196389e+02 -7.896855922758938107e+01 5.750095712295675732e+00 1.423784637052396462e+01 -5.362703498773375799e+01 -2.518061902862060109e+01 -6.293461122516372797e+00 2.764447463243639103e+00
9.926249611376371149e+02 -1.517597381512391941e+01 7.244654027602986162e+02 -1.832273631208383335e+01 8.085626646900153901e+03 6.520138886351458041e+02 -2.741072896892267750e+02 -6.308603741962040345e+01 2.444554223991975661e+01 -1.023421442689601557e-01 -4.416425988040202100e+01 4.791635817070965864e+00 1.495240295952085852e+00 8.852144121110944397e+00 -2.977139929502997440e+00
-2.679289881022203303e+02 4.684250892462781621e+02 8.051063764286802780e+02 -2.663231837116735505e+02 6.520138886351458041e+02 3.745983864592993541e+03 8.402579848532566587e+01 3.798643261001394222e+01 4.949982745246111193e+01 -2.130105470660512879e+01 2.055146126775588300e+01 1.819005603208924171e+01 2.655683587516177724e+00 -5.282285071684890809e+00 -1.922170000247662269e+00
-9.941013429968799642e+01 4.104370448226760573e+02 6.670096460211954081e+01 2.761395425175472269e+02 -2.741072896892267750e+02 8.402579848532566587e+01 2.058143737433735623e+03 7.699710418786722244e+01 4.371441718637026241e+01 2.881002105665449164e+01 -2.235911582649594465e+01 2.257153294338208127e+01 -1.097186333611375098e+01 -2.412830701839612513e-01 -2.804173793486669286e+00
1.467225411086790814e+02 8.720555688981065146e+01 1.991286133529257256e+02 3.028598222153196389e+02 -6.308603741962040345e+01 3.798643261001394222e+01 7.699710418786722244e+01 1.059765440894359472e+03 -3.183561072038077366e+00 -4.139038111245646689e+00 -1.041019368949763724e+01 -1.659095142546024082e+00 -7.970319304529410731e-02 2.947285820221990704e+00 2.022197625061328718e+00
6.291263006377718057e+02 3.662105409908763249e+02 2.867862947858968070e+01 -7.896855922758938107e+01 2.444554223991975661e+01 4.949982745246111193e+01 4.371441718637026241e+01 -3.183561072038077366e+00 4.608737402087434702e+02 -2.277235028322831667e+01 6.594548886722736647e+00 2.501704264775222342e+00 -2.489839787635454993e+00 -3.280043164173179981e+00 1.133190976795000054e-01
-3.967224275245178546e+02 -1.946472355994726655e+01 1.080404152710974408e+01 5.750095712295675732e+00 -1.023421442689601557e-01 -2.130105470660512879e+01 2.881002105665449164e+01 -4.139038111245646689e+00 -2.277235028322831667e+01 1.946444722500766034e+02 -4.022633932368344212e+00 1.798681683047883340e+00 1.115363700502603139e+00 -1.694913295486651705e+00 -3.872597987660722496e-01
6.282114386918031101e+01 -1.401692382611558685e+02 4.807345223120056232e+01 1.423784637052396462e+01 -4.416425988040202100e+01 2.055146126775588300e+01 -2.235911582649594465e+01 -1.041019368949763724e+01 6.594548886722736647e+00 -4.022633932368344212e+00 8.018974758427596328e+01 6.361322490026465049e-02 -7.548293781153047055e-01 -3.970452492771009423e-02 -1.507970860219562947e-01
-1.254049485671819184e+02 -2.404984617651301804e+01 -1.239020347753902307e+01 -5.362703498773375799e+01 4.791635817070965864e+00 1.819005603208924171e+01 2.257153294338208127e+01 -1.659095142546024082e+00 2.501704264775222342e+00 1.798681683047883340e+00 6.361322490026465049e-02 4.156730800375204637e+01 -3.969373189382946476e-01 -5.553858081001943336e-01 -7.929870347483904125e-02
-2.497331949521607086e+01 -2.956586202885014458e+01 -5.792412290986177048e+00 -2.518061902862060109e+01 1.495240295952085852e+00 2.655683587516177724e+00 -1.097186333611375098e+01 -7.970319304529410731e-02 -2.489839787635454993e+00 1.115363700502603139e+00 -7.548293781153047055e-01 -3.969373189382946476e-01 5.027333121801407678e+00 -6.937013735406954984e-02 -9.904757867087624068e-03
4.139246957508003755e-01 -1.044013241518910640e+01 -1.522577844068407238e+00 -6.293461122516372797e+00 8.852144121110944397e+00 -5.282285071684890809e+00 -2.412830701839612513e-01 2.947285820221990704e+00 -3.280043164173179981e+00 -1.694913295486651705e+00 -3.970452492771009423e-02 -5.553858081001943336e-01 -6.937013735406954984e-02 7.002268158469019177e+00 -1.385851541186119106e-02
-4.369127582221967288e+00 -7.546713497050455688e-01 1.104186259515926860e+00 2.764447463243639103e+00 -2.977139929502997440e+00 -1.922170000247662269e+00 -2.804173793486669286e+00 2.022197625061328718e+00 1.133190976795000054e-01 -3.872597987660722496e-01 -1.507970860219562947e-01 -7.929870347483904125e-02 -9.904757867087624068e-03 -1.385851541186119106e-02 1.011134474953556239e+00
