5.524889622609370235e+03 8.704221337145382620e+01 -1.780795975569672862e+02 1.268555654389151499e+02 4.529331015255436199e+01 4.790735875849920689e+01 -1.264477722698511997e+00 -3.539998325685507652e+00 1.761931224366008353e+00 1.140878636019044601e+00
8.704221337145382620e+01 2.769605101983650457e+03 4.558301691024325208e+01 -2.077187843426726133e+01 -2.619803230872151190e+01 -1.330140749194737637e+01 -1.954241146575745880e+00 6.541965501703977282e+00 -2.511140965204224251e+00 -1.984370956658606300e+00
-1.780795975569672862e+02 4.558301691024325208e+01 1.530361895381689465e+03 -1.728420378175668048e+01 -1.400455481951540548e+01 -2.887947481134773398e+01 2.398456599252296595e+00 -1.721988096960190973e+01 -5.266261552557201853e+00 2.344429324365477019e+00
1.268555654389151499e+02 -2.077187843426726133e+01 -1.728420378175668048e+01 7.180750847875711997e+02 -1.935512292848154203e+01 -1.058917763705568005e+00 -4.265926214159126317e+00 -1.902024597173096687e+00 2.388952161945466557e+00 -2.474136879334890016e-01
4.529331015255436199e+01 -2.619803230872151190e+01 -1.400455481951540548e+01 -1.935512292848154203e+01 3.777887096765156230e+02 -5.703803922426387452e+00 5.796333718006646762e+00 1.190474444453739622e+00 -1.343807583482677925e+00 -6.323876804122320339e-01
4.790735875849920689e+01 -1.330140749194737637e+01 -2.887947481134773398e+01 -1.058917763705568005e+00 -5.703803922426387452e+00 1.200612578016473009e+02 -4.342648457991444277e-01 3.982707107659354762e+00 3.729599904962800139e+00 -2.004062114635394853e-01
-1.264477722698511997e+00 -1.954241146575745880e+00 2.398456599252296595e+00 -4.265926214159126317e+00 5.796333718006646762e+00 -4.342648457991444277e-01 3.616098658776120089e+01 -1.924355670520960238e-01 -5.326088114553312325e-01 -7.604526616308644738e-02
-3.539998325685507652e+00 6.541965501703977282e+00 -1.721988096960190973e+01 -1.902024597173096687e+00 1.190474444453739622e+00 3.982707107659354762e+00 -1.924355670520960238e-01 1.588369533640279130e+01 1.823296620824524039e+00 -3.197012605107526356e-02
1.761931224366008353e+00 -2.511140965204224251e+00 -5.266261552557201853e+00 2.388952161945466557e+00 -1.343807583482677925e+00 3.729599904962800139e+00 -5.326088114553312325e-01 1.823296620824524039e+00 7.059346617027731696e+00 -1.397124168746116321e-02
1.140878636019044601e+00 -1.984370956658606300e+00 2.344429324365477019e+00 -2.474136879334890016e-01 -6.323876804122320339e-01 -2.004062114635394853e-01 -7.604526616308644738e-02 -3.197012605107526356e-02 -1.397124168746116321e-02 1.019341586957013934e+00
