4.489816460440058290e+04 2.813303196596441921e+03 1.149843557702137105e+03 -2.232457065831591763e+02 -1.528820637261051445e+02 2.109128595414126721e+02 -7.378251922574300181e+01 3.355787332042517335e+01 -6.446021039957018139e+00 -8.034273390566542616e+01 -2.791849571500170768e+00 1.297764275734330219e+01 -1.119094550552904366e+01 2.930919160582464045e+00
2.813303196596441921e+03 2.760859282082341088e+04 2.254984415959237936e+02 1.883424549726709074e+03 7.033883976326296761e+02 -4.574208919625222052e+02 -6.917713319343582157e+01 2.912769220529649417e+01 -5.877258691757455011e+01 -1.102018779950300029e+02 1.305464520174107577e+02 -2.706855499670017906e+01 -1.142292368180964424e+01 -3.725668879694561397e+00
1.149843557702137105e+03 2.254984415959237936e+02 1.882270780891930553e+04 7.913765873928696237e+02 -4.643672785685415647e+02 1.865641440609289532e+02 4.990796753663656204e+02 9.559874568513625093e+01 -4.671213065649744323e+01 -4.975795656232677544e+01 1.674221010810864740e+01 3.989137337570824116e+01 1.285918735521284884e+00 -6.938849871841873629e+00
-2.232457065831591763e+02 1.883424549726709074e+03 7.913765873928696237e+02 1.092234474115631201e+04 4.090087325281731978e+02 2.603985639747655867e+01 3.974544726827123782e+02 8.807497972856396018e+01 -7.982819598911817138e+01 5.568835097908557685e+00 1.870674090765814057e+01 1.624002703362621602e+01 -4.069697805896506648e-01 -3.363543337734410610e+00
-1.528820637261051445e+02 7.033883976326296761e+02 -4.643672785685415647e+02 4.090087325281731978e+02 5.534462475871939205e+03 4.161567247162957415e+02 -4.209253548817753909e+01 2.357985393680054287e+01 -1.105353151611471318e+01 2.686832383058673912e+01 -2.006178265293648977e+01 5.746743528007985935e-01 5.996845927307208335e+00 -2.999215104316720754e-02
2.109128595414126721e+02 -4.574208919625222052e+02 1.865641440609289532e+02 2.603985639747655867e+01 4.161567247162957415e+02 3.085478129813120177e+03 -7.130291246916434034e+01 -6.805200360435701157e+01 -4.830645719801344029e+01 2.033597327969559387e+01 8.298034223770700990e+00 1.207316876873431255e+00 -6.415878027173564035e+00 9.660645180254321396e-01
-7.378251922574300181e+01 -6.917713319343582157e+01 4.990796753663656204e+02 3.974544726827123782e+02 -4.209253548817753909e+01 -7.130291246916434034e+01 1.695643453080574318e+03 6.376126972837327145e+01 -2.616007183777113099e+01 -1.823987753025975067e+01 -6.178148838022992528e+00 4.249149067537514313e+00 5.385007335578376186e-02 8.270863230983752645e-01
3.355787332042517335e+01 2.912769220529649417e+01 9.559874568513625093e+01 8.807497972856396018e+01 2.357985393680054287e+01 -6.805200360435701157e+01 6.376126972837327145e+01 7.577383276856090788e+02 1.896745855563232297e+01 -1.627251444039709583e+01 1.990773274010544158e+00 3.990278357210431892e+00 4.728420194210475991e+00 1.556403896462002612e+00
-6.446021039957018139e+00 -5.877258691757455011e+01 -4.671213065649744323e+01 -7.982819598911817138e+01 -1.105353151611471318e+01 -4.830645719801344029e+01 -2.616007183777113099e+01 1.896745855563232297e+01 3.474642323298935480e+02 -5.003781651690360377e+00 -2.030327404322727514e+00 -7.664793892109995621e-01 1.442361054844096602e+00 1.306115423648814167e+00
-8.034273390566542616e+01 -1.102018779950300029e+02 -4.975795656232677544e+01 5.568835097908557685e+00 2.686832383058673912e+01 2.033597327969559387e+01 -1.823987753025975067e+01 -1.627251444039709583e+01 -5.003781651690360377e+00 1.381989447529312827e+02 4.478458314521092665e-01 1.183343536029921150e+00 2.768478931730011361e+00 7.566504411220911219e-01
-2.791849571500170768e+00 1.305464520174107577e+02 1.674221010810864740e+01 1.870674090765814057e+01 -2.006178265293648977e+01 8.298034223770700990e+00 -6.178148838022992528e+00 1.990773274010544158e+00 -2.030327404322727514e+00 4.478458314521092665e-01 5.448474642321799166e+01 -5.623083287214184489e-01 4.904347822048797378e-01 -1.051575325444068926e-01
1.297764275734330219e+01 -2.706855499670017906e+01 3.989137337570824116e+01 1.624002703362621602e+01 5.746743528007985935e-01 1.207316876873431255e+00 4.249149067537514313e+00 3.990278357210431892e+00 -7.664793892109995621e-01 1.183343536029921150e+00 -5.623083287214184489e-01 1.480074538121257888e+01 -1.487967455209675272e-01 -2.973744388948874537e-02
-1.119094550552904366e+01 -1.142292368180964424e+01 1.285918735521284884e+00 -4.069697805896506648e-01 5.996845927307208335e+00 -6.415878027173564035e+00 5.385007335578376186e-02 4.728420194210475991e+00 1.442361054844096602e+00 2.768478931730011361e+00 4.904347822048797378e-01 -1.487967455209675272e-01 5.025813424724565159e+00 -9.905550358803987335e-03
2.930919160582464045e+00 -3.725668879694561397e+00 -6.938849871841873629e+00 -3.363543337734410610e+00 -2.999215104316720754e-02 9.660645180254321396e-01 8.270863230983752645e-01 1.556403896462002612e+00 1.306115423648814167e+00 7.566504411220911219e-01 -1.051575325444068926e-01 -2.973744388948874537e-02 -9.905550358803987335e-03 1.011602079706725776e+00
