3.157335862575305509e+05 5.394585196965004434e+04 4.254773361959782778e+04 2.985930552114259990e+04 2.223002956035720126e+04 1.503136198959376452e+04 1.453460033141685471e+03 8.851107436464748389e+03 5.479061534549074167e+03 5.528302672773493214e+03 2.446768738732359907e+03 4.041214534551820634e+02 2.142699266857889143e+03 2.554444863821341016e+02 4.438809015935057118e+02 1.725151616267460213e+02 -1.865357067330444636e+02 1.648954910170319366e+01 5.582518565242244080e+01 -1.641462597920015298e+01
5.394585196965004434e+04 1.964156485590693192e+05 2.061511441430640480e+04 1.905348611976149550e+04 1.281039661487613557e+04 9.479876968219135961e+03 3.121356055225462569e+03 5.824712053440142881e+03 1.035430408461955267e+03 2.568267802500486710e+02 2.153965059841912989e+03 1.505732572773723632e+03 3.994435666213274772e+02 4.794729219653154360e+02 1.161906523686984229e+02 1.172046490677530386e+02 -1.391784637129133841e+02 1.055462731589638281e+02 -4.390207393217289678e+01 2.892649472737548777e+01
4.254773361959782778e+04 2.061511441430640480e+04 1.500784598382348777e+05 1.367856831568215603e+04 1.830987983062804415e+04 7.245016009377139198e+03 5.549921442717127320e+03 3.754732310254592903e+03 2.833264627375372129e+03 1.361054028321218539e+03 9.404996785891007960e+00 8.570267979867594477e+02 -1.009051933006783628e+02 -3.235538187350520616e+02 -1.184067321944134221e+02 2.249715529878451150e+02 -1.646331188902579186e+02 5.571828735337851413e+01 -9.165680591741691785e+01 4.131562259600588760e+01
2.985930552114259990e+04 1.905348611976149550e+04 1.367856831568215603e+04 9.343471407027848181e+04 5.833855842762685825e+03 1.020395888543140609e+04 2.835440616614621945e+02 3.733732576587559834e+03 2.025427186455902756e+03 2.394553895467613529e+03 1.515718476163650621e+03 7.593583047776323838e+02 4.964521322697565893e+02 6.188886903349860091e+01 -4.095075071036337278e+01 2.354205423029668225e+02 -4.280091613112243465e+01 3.984321068511800235e+01 3.978831787567478528e+01 4.648210088049174971e+01
2.223002956035720126e+04 1.281039661487613557e+04 1.830987983062804415e+04 5.833855842762685825e+03 7.401107711118836596e+04 6.287934968149311317e+03 4.417339122856827998e+03 5.604347629238184709e+03 6.554550072865937409e+02 2.278598596340191307e+03 2.592676162659446163e+03 1.876153616114894191e+02 1.592541149331676991e+02 -1.799394428809058013e+02 -4.612341352565732855e+00 7.491902097073671030e+01 -8.383815961751186308e+01 1.294760424406554700e+00 -2.626441550776931422e+01 1.749504601178702856e+01
1.503136198959376452e+04 9.479876968219135961e+03 7.245016009377139198e+03 1.020395888543140609e+04 6.287934968149311317e+03 5.410796025937102968e+04 3.892340583161767427e+03 2.514477621868427377e+03 1.004436975563216151e+03 7.577771808700792917e+02 -3.298632239577132736e+02 5.459610688105312875e+02 -1.260103612807313169e+02 -2.486242707222759805e+02 -5.469754703979015176e+01 1.038799920349798924e+02 -1.516899470316912790e+01 -3.779546529568298041e+01 3.007692799069351608e+01 1.605353635915939847e+01
1.453460033141685471e+03 3.121356055225462569e+03 5.549921442717127320e+03 2.835440616614621945e+02 4.417339122856827998e+03 3.892340583161767427e+03 3.126238445946577849e+04 1.048265557569352495e+03 1.492002594723060611e+03 1.757535275627904525e+02 7.519080105755762133e+02 -3.639916602823963103e+02 2.841190964068944140e+02 -2.117878113002259397e+02 -1.584777527434098090e+02 -2.257505080848317647e+01 6.894575052251386182e+01 2.792640890223543337e+01 -1.537722535105060651e+01 -1.023024547005526230e+01
8.851107436464748389e+03 5.824712053440142881e+03 3.754732310254592903e+03 3.733732576587559834e+03 5.604347629238184709e+03 2.514477621868427377e+03 1.048265557569352495e+03 2.211354140456660753e+04 8.265222879880968776e+02 2.452196187578125546e+02 7.822001742168415603e+02 2.992808601186976034e+02 6.597233308917573424e+01 8.268286295733979330e+01 -4.707677300975375800e+01 4.372265164748724686e+01 -3.265893750484046176e+00 -1.541810830176453173e+01 1.024312594879169858e+01 -3.008624660452321020e+00
5.479061534549074167e+03 1.035430408461955267e+03 2.833264627375372129e+03 2.025427186455902756e+03 6.554550072865937409e+02 1.004436975563216151e+03 1.492002594723060611e+03 8.265222879880968776e+02 1.443042511874596130e+04 6.165773062520764825e+02 3.659055486887357915e+02 -1.821228839046548273e+02 -2.307187592383251626e+02 1.164095803301519680e+02 1.716117109600164525e+01 -6.175049796350189979e+01 -4.180703192462610573e+00 6.368988031637500491e+00 -1.025873467154661434e+01 -1.375467265231214142e+01
5.528302672773493214e+03 2.568267802500486710e+02 1.361054028321218539e+03 2.394553895467613529e+03 2.278598596340191307e+03 7.577771808700792917e+02 1.757535275627904525e+02 2.452196187578125546e+02 6.165773062520764825e+02 8.050845687451444974e+03 4.710900010387012458e+02 1.415440607165774054e+02 1.426059707833524612e+02 -1.881322928390130755e+02 4.732732362342022725e+01 -4.783737080582790924e+01 -4.114328787684101485e+01 2.926578860180091279e+00 1.297353362567224622e+01 9.088990841047986935e-01
2.446768738732359907e+03 2.153965059841912989e+03 9.404996785891007960e+00 1.515718476163650621e+03 2.592676162659446163e+03 -3.298632239577132736e+02 7.519080105755762133e+02 7.822001742168415603e+02 3.659055486887357915e+02 4.710900010387012458e+02 4.979715256083403801e+03 -1.589108369426554823e+01 -3.087660153921433093e+01 1.300618277960365354e+01 -2.896121438055557817e+01 -5.487847754145843027e+01 -1.202063480270018747e+00 5.287591877961133058e+00 4.310018756417610675e+00 -2.910180697927897242e+00
4.041214534551820634e+02 1.505732572773723632e+03 8.570267979867594477e+02 7.593583047776323838e+02 1.876153616114894191e+02 5.459610688105312875e+02 -3.639916602823963103e+02 2.992808601186976034e+02 -1.821228839046548273e+02 1.415440607165774054e+02 -1.589108369426554823e+01 2.489542201114828003e+03 -1.509777688921878891e+01 -2.404158856102006325e+01 -2.742290588585749589e+01 2.703324072930278632e+01 2.821698165330871699e+00 -2.251016192575296060e+00 -2.206672066978212055e+00 1.427239310437326214e+00
2.142699266857889143e+03 3.994435666213274772e+02 -1.009051933006783628e+02 4.964521322697565893e+02 1.592541149331676991e+02 -1.260103612807313169e+02 2.841190964068944140e+02 6.597233308917573424e+01 -2.307187592383251626e+02 1.426059707833524612e+02 -3.087660153921433093e+01 -1.509777688921878891e+01 1.224672876635896500e+03 -5.100770014024960375e+01 -4.775725015968570908e+00 8.205521654898712214e+00 -9.176888251055258294e+00 1.045646465068906128e+00 2.489642520200953946e-01 2.652946296182125074e+00
2.554444863821341016e+02 4.794729219653154360e+02 -3.235538187350520616e+02 6.188886903349860091e+01 -1.799394428809058013e+02 -2.486242707222759805e+02 -2.117878113002259397e+02 8.268286295733979330e+01 1.164095803301519680e+02 -1.881322928390130755e+02 1.300618277960365354e+01 -2.404158856102006325e+01 -5.100770014024960375e+01 6.142222888736351933e+02 3.817419851661100871e+00 -1.597384393957286930e+00 -3.189466414769262403e+00 1.734420290767231920e+00 -2.077365025085000649e+00 -2.554567310552529946e+00
4.438809015935057118e+02 1.161906523686984229e+02 -1.184067321944134221e+02 -4.095075071036337278e+01 -4.612341352565732855e+00 -5.469754703979015176e+01 -1.584777527434098090e+02 -4.707677300975375800e+01 1.716117109600164525e+01 4.732732362342022725e+01 -2.896121438055557817e+01 -2.742290588585749589e+01 -4.775725015968570908e+00 3.817419851661100871e+00 3.075939627691803366e+02 3.675102088845741299e+00 -9.079196043734695465e+00 -1.695943503375401784e+00 1.938058805470530110e+00 -5.465390910666718671e-01
1.725151616267460213e+02 1.172046490677530386e+02 2.249715529878451150e+02 2.354205423029668225e+02 7.491902097073671030e+01 1.038799920349798924e+02 -2.257505080848317647e+01 4.372265164748724686e+01 -6.175049796350189979e+01 -4.783737080582790924e+01 -5.487847754145843027e+01 2.703324072930278632e+01 8.205521654898712214e+00 -1.597384393957286930e+00 3.675102088845741299e+00 1.036103928836025432e+02 -1.855607851219761351e+00 4.657101222999192602e-01 -1.183565155299762361e+00 -5.916272561230090377e-01
-1.865357067330444636e+02 -1.391784637129133841e+02 -1.646331188902579186e+02 -4.280091613112243465e+01 -8.383815961751186308e+01 -1.516899470316912790e+01 6.894575052251386182e+01 -3.265893750484046176e+00 -4.180703192462610573e+00 -4.114328787684101485e+01 -1.202063480270018747e+00 2.821698165330871699e+00 -9.176888251055258294e+00 -3.189466414769262403e+00 -9.079196043734695465e+00 -1.855607851219761351e+00 3.294285219859892067e+01 1.124332997637493003e-01 -4.140727415430245362e-01 -2.069820312109359184e-01
1.648954910170319366e+01 1.055462731589638281e+02 5.571828735337851413e+01 3.984321068511800235e+01 1.294760424406554700e+00 -3.779546529568298041e+01 2.792640890223543337e+01 -1.541810830176453173e+01 6.368988031637500491e+00 2.926578860180091279e+00 5.287591877961133058e+00 -2.251016192575296060e+00 1.045646465068906128e+00 1.734420290767231920e+00 -1.695943503375401784e+00 4.657101222999192602e-01 1.124332997637493003e-01 1.279114216378692070e+01 -1.537436815553175073e-01 -7.685166469925761024e-02
5.582518565242244080e+01 -4.390207393217289678e+01 -9.165680591741691785e+01 3.978831787567478528e+01 -2.626441550776931422e+01 3.007692799069351608e+01 -1.537722535105060651e+01 1.024312594879169858e+01 -1.025873467154661434e+01 1.297353362567224622e+01 4.310018756417610675e+00 -2.206672066978212055e+00 2.489642520200953946e-01 -2.077365025085000649e+00 1.938058805470530110e+00 -1.183565155299762361e+00 -4.140727415430245362e-01 -1.537436815553175073e-01 5.981934962824754010e+00 -3.545670901904885569e-02
-1.641462597920015298e+01 2.892649472737548777e+01 4.131562259600588760e+01 4.648210088049174971e+01 1.749504601178702856e+01 1.605353635915939847e+01 -1.023024547005526230e+01 -3.008624660452321020e+00 -1.375467265231214142e+01 9.088990841047986935e-01 -2.910180697927897242e+00 1.427239310437326214e+00 2.652946296182125074e+00 -2.554567310552529946e+00 -5.465390910666718671e-01 -5.916272561230090377e-01 -2.069820312109359184e-01 -7.685166469925761024e-02 -3.545670901904885569e-02 3.007121347297651681e+00
