9.860143207728597918e+04 1.226930836309237384e+04 6.017181979272347235e+03 3.294840072921960200e+03 -1.266624427288585593e+03 1.290823030385161474e+03 7.311808521792478359e+02 8.683003088030577601e+02 5.009564497442669406e+00 -6.039056540680591070e+02 2.843613173143510835e+02 1.011282379001877700e+02 -4.782705696398966921e+01 -1.869316058133229319e+01 3.007177482997850149e+01 1.525622068046033064e+01
1.226930836309237384e+04 5.496777633950009476e+04 2.722054981450702144e+03 1.997589666141201405e+03 2.334816358784657950e+03 2.060817537709785938e+03 1.852341763457133993e+03 6.482221693347080418e+02 -1.001672856420564415e+02 2.236220468803113022e+02 -3.042777484934211785e+01 1.706180982487426263e+02 -1.093965292992632214e+02 2.095552036039723376e+01 2.819620156360113228e+01 9.849682338598449161e-02
6.017181979272347235e+03 2.722054981450702144e+03 4.366821474081580527e+04 2.223947034851631997e+03 1.480405736355751287e+03 1.049999781434501301e+03 7.685180498442616681e+02 -8.960119168885358931e+01 3.481173699740149345e+02 -3.078525759454860236e+02 -1.192512903225684369e+02 -9.363566348230122571e+01 6.551975757622345498e+01 1.934533814711988953e+01 2.122446675334099453e+01 1.428629258136073510e+01
3.294840072921960200e+03 1.997589666141201405e+03 2.223947034851631997e+03 2.569898881006146621e+04 2.555356098022885362e+03 -8.788705433350564533e+00 3.306127183829696836e+00 3.105534102085383665e+02 -1.585031488033471874e+02 1.228263173230545249e+02 1.449633996039317196e+02 1.214696559413543895e+02 -9.952914588997531098e+01 -5.451223637518848975e+00 2.249748165922131893e+00 2.610728188162738661e+00
-1.266624427288585593e+03 2.334816358784657950e+03 1.480405736355751287e+03 2.555356098022885362e+03 1.527480429024874866e+04 -6.824226281926634385e+01 4.862612858135868237e+02 2.479459617769363788e+01 3.817024462880121973e+02 2.509801377689622086e+02 -1.062809081957790802e+01 2.252343179917828664e+01 7.605792269606125444e+01 -1.782088270749812864e+01 9.668658704862343356e+00 8.805276732354462510e+00
1.290823030385161474e+03 2.060817537709785938e+03 1.049999781434501301e+03 -8.788705433350564533e+00 -6.824226281926634385e+01 1.092915597921146036e+04 2.153908669638062463e+02 -6.947622049097537911e+01 -2.494671164255180429e+02 -1.461369294351480974e+01 -4.960652069118735596e+01 -2.503142409829927573e+01 1.337425530292136955e+01 -1.826465853072220824e+01 -6.820064340956140114e+00 4.163747233866336828e+00
7.311808521792478359e+02 1.852341763457133993e+03 7.685180498442616681e+02 3.306127183829696836e+00 4.862612858135868237e+02 2.153908669638062463e+02 5.303220955697435784e+03 3.136118141895983058e+02 -7.463837761283022587e+01 -5.093231010689585503e+01 -3.237521871260040740e+01 -7.197391802875907629e+00 -2.524468757136083852e+01 -1.692601103892422287e+01 5.798200156809976136e+00 -4.410168065718802488e+00
8.683003088030577601e+02 6.482221693347080418e+02 -8.960119168885358931e+01 3.105534102085383665e+02 2.479459617769363788e+01 -6.947622049097537911e+01 3.136118141895983058e+02 3.063072526410132923e+03 -1.364816981703805787e+01 2.371554760576679044e+01 2.290877685056887003e+01 -3.342823683484085429e+00 1.502203595486518495e+01 -8.841522657309392130e+00 -3.833732090356486211e+00 1.331597848239831405e+00
5.009564497442669406e+00 -1.001672856420564415e+02 3.481173699740149345e+02 -1.585031488033471874e+02 3.817024462880121973e+02 -2.494671164255180429e+02 -7.463837761283022587e+01 -1.364816981703805787e+01 1.465890086878695911e+03 4.110874630364654081e+01 -4.800227382851326041e+01 2.577206202369971777e+01 -1.590716556912313839e-02 5.182644493268568908e+00 -2.732901522955951901e+00 3.128565942916996523e+00
-6.039056540680591070e+02 2.236220468803113022e+02 -3.078525759454860236e+02 1.228263173230545249e+02 2.509801377689622086e+02 -1.461369294351480974e+01 -5.093231010689585503e+01 2.371554760576679044e+01 4.110874630364654081e+01 7.799517338754860702e+02 -1.201184596278811156e+01 -1.973015773050370214e+01 -2.347817012243554213e+00 -2.437733093341286850e+00 -1.857057503058072045e+00 -4.640330480985821460e-01
2.843613173143510835e+02 -3.042777484934211785e+01 -1.192512903225684369e+02 1.449633996039317196e+02 -1.062809081957790802e+01 -4.960652069118735596e+01 -3.237521871260040740e+01 2.290877685056887003e+01 -4.800227382851326041e+01 -1.201184596278811156e+01 3.279353690471523919e+02 -5.228998346977557610e+00 -2.820020112118285294e+00 -3.780263227609026444e+00 -4.995298013905682954e-01 -6.320262213384246763e-01
1.011282379001877700e+02 1.706180982487426263e+02 -9.363566348230122571e+01 1.214696559413543895e+02 2.252343179917828664e+01 -2.503142409829927573e+01 -7.197391802875907629e+00 -3.342823683484085429e+00 2.577206202369971777e+01 -1.973015773050370214e+01 -5.228998346977557610e+00 1.192147470156496922e+02 2.179191824439207892e+00 5.830173170300744445e+00 1.085378117149707444e+00 7.779946394396057840e-01
-4.782705696398966921e+01 -1.093965292992632214e+02 6.551975757622345498e+01 -9.952914588997531098e+01 7.605792269606125444e+01 1.337425530292136955e+01 -2.524468757136083852e+01 1.502203595486518495e+01 -1.590716556912313839e-02 -2.347817012243554213e+00 -2.820020112118285294e+00 2.179191824439207892e+00 5.267350790453118492e+01 -4.000190166706177330e-01 -4.037580112438131641e-01 9.119593113235262560e-01
-1.869316058133229319e+01 2.095552036039723376e+01 1.934533814711988953e+01 -5.451223637518848975e+00 -1.782088270749812864e+01 -1.826465853072220824e+01 -1.692601103892422287e+01 -8.841522657309392130e+00 5.182644493268568908e+00 -2.437733093341286850e+00 -3.780263227609026444e+00 5.830173170300744445e+00 -4.000190166706177330e-01 1.379836613381042909e+01 -1.107694577748787879e-01 -2.767856624948942038e-02
3.007177482997850149e+01 2.819620156360113228e+01 2.122446675334099453e+01 2.249748165922131893e+00 9.668658704862343356e+00 -6.820064340956140114e+00 5.798200156809976136e+00 -3.833732090356486211e+00 -2.732901522955951901e+00 -1.857057503058072045e+00 -4.995298013905682954e-01 1.085378117149707444e+00 -4.037580112438131641e-01 -1.107694577748787879e-01 4.017144214492980758e+00 -7.903824022991048567e-03
1.525622068046033064e+01 9.849682338598449161e-02 1.428629258136073510e+01 2.610728188162738661e+00 8.805276732354462510e+00 4.163747233866336828e+00 -4.410168065718802488e+00 1.331597848239831405e+00 3.128565942916996523e+00 -4.640330480985821460e-01 -6.320262213384246763e-01 7.779946394396057840e-01 9.119593113235262560e-01 -2.767856624948942038e-02 -7.903824022991048567e-03 1.009210411906302340e+00
