1.334358339817950618e+05 9.235068746711414860e+03 1.256057465685599163e+04 1.349558820743705473e+04 1.293389108630467263e+03 2.627083855829150707e+03 4.786584426566915681e+03 1.743073381508903140e+03 1.607197145281377516e+03 -2.563026532405569924e+02 8.358017688816877353e+02 -4.830764504051176118e+02 -1.538040609282694504e+02 -4.512322785989979224e+01 -1.763343910449552521e+00 5.940864039909344640e+00 1.586634143213054493e+01
9.235068746711414860e+03 8.510318396463172394e+04 9.030665089153566441e+03 4.330685120938994260e+03 3.981569134412964559e+03 4.300042579525254041e+03 1.565793410705060523e+03 6.899786508593844019e+02 -2.264875171800487976e+02 -4.044203518547169196e+00 2.098376925377923214e+02 -4.642204705632836408e+02 5.288363393948021240e+01 -1.729819838513594377e+01 2.231898102642748682e+01 7.082177940523361137e+00 -1.446669514079257013e+01
1.256057465685599163e+04 9.030665089153566441e+03 5.470958510004860727e+04 4.183712096535168712e+03 3.273619355372753944e+03 3.077371712796362431e+02 6.435443658636427244e+02 -7.445277144424494509e+02 5.822187315535994685e+02 -2.931051767963260772e+02 5.290615477484276852e+01 -1.009493039554109259e+02 -1.882155628351261782e+02 6.141874289755144645e+01 9.837289002132816762e+00 4.721716015206085970e+00 -3.798588878211641262e+00
1.349558820743705473e+04 4.330685120938994260e+03 4.183712096535168712e+03 4.502138513081590645e+04 8.626564927353884968e+02 4.548878433633132090e+02 1.877125175900170007e+03 -2.445153176072862209e+02 4.368068945352687251e+02 -1.965870228237174615e+02 9.931260692971646620e+01 -3.238139327127469187e+02 -2.444084275081339186e+01 6.639058943213468922e+01 3.556931177159947310e+01 -1.502623728798434932e+01 2.732098491813892860e+00
1.293389108630467263e+03 3.981569134412964559e+03 3.273619355372753944e+03 8.626564927353884968e+02 2.560485937091252345e+04 2.255779393728483626e+02 1.204194540609902333e+03 1.372071016614397422e+03 8.590711027999875569e+02 3.847585256391825510e+02 1.964448300164599175e+02 1.198529245461810575e+02 -7.811035719913237862e+00 8.018613926941682735e+01 8.969023003312109665e+00 -2.253163308856295899e+00 -6.148284574670035418e-01
2.627083855829150707e+03 4.300042579525254041e+03 3.077371712796362431e+02 4.548878433633132090e+02 2.255779393728483626e+02 1.548701644672832845e+04 1.493330105751785823e+03 1.242937732539447815e+01 -6.973841941529749420e+02 -1.971938536402235798e+02 -8.399345267758883438e+01 -2.084101190011045546e+01 -1.597851102298538106e-01 -7.062224111496441026e+01 2.885946362570025059e+01 -6.751776059587593082e+00 7.074228800688725505e-01
4.786584426566915681e+03 1.565793410705060523e+03 6.435443658636427244e+02 1.877125175900170007e+03 1.204194540609902333e+03 1.493330105751785823e+03 1.033608228370909819e+04 1.410628813784867077e+02 2.834081379319939060e+02 -1.273091404001677915e+02 -2.622141104121465105e+01 -5.742445899259167419e+01 1.040210294173680694e+01 -3.178356360364440292e+01 2.990305744538131805e+01 -5.901284057950093143e+00 2.144898546061299704e+00
1.743073381508903140e+03 6.899786508593844019e+02 -7.445277144424494509e+02 -2.445153176072862209e+02 1.372071016614397422e+03 1.242937732539447815e+01 1.410628813784867077e+02 5.634937950081894087e+03 -5.560917356504858589e+01 3.223552312671232301e+01 8.095416967455423674e+01 2.058048839167842203e+01 -4.352924450338086615e+01 9.258975845739104926e+00 -1.745028584624857970e+01 3.412027219042991444e+00 1.704912774276800658e+00
1.607197145281377516e+03 -2.264875171800487976e+02 5.822187315535994685e+02 4.368068945352687251e+02 8.590711027999875569e+02 -6.973841941529749420e+02 2.834081379319939060e+02 -5.560917356504858589e+01 3.231663334255425525e+03 8.134471655378361277e+01 9.372085962829382666e+00 1.403052843697641627e+01 1.196748390536959761e+01 1.071908477145793448e+01 1.007784661629703393e+01 1.747682158162903399e+00 -1.667165597575573699e+00
-2.563026532405569924e+02 -4.044203518547169196e+00 -2.931051767963260772e+02 -1.965870228237174615e+02 3.847585256391825510e+02 -1.971938536402235798e+02 -1.273091404001677915e+02 3.223552312671232301e+01 8.134471655378361277e+01 1.580798338613029500e+03 1.030959507785266815e+01 -1.631262086749381268e+01 1.357643611300713715e+01 9.742676089230531744e+00 4.259524445492670175e+00 -3.860695189766794932e+00 1.116222434081724169e+00
8.358017688816877353e+02 2.098376925377923214e+02 5.290615477484276852e+01 9.931260692971646620e+01 1.964448300164599175e+02 -8.399345267758883438e+01 -2.622141104121465105e+01 8.095416967455423674e+01 9.372085962829382666e+00 1.030959507785266815e+01 7.067938268870149159e+02 -2.723577425619131986e+01 -5.718011302223479753e+00 -4.761859320481551944e-02 -5.187806107682107815e+00 1.744295055829677976e-01 -1.434153104111256516e+00
-4.830764504051176118e+02 -4.642204705632836408e+02 -1.009493039554109259e+02 -3.238139327127469187e+02 1.198529245461810575e+02 -2.084101190011045546e+01 -5.742445899259167419e+01 2.058048839167842203e+01 1.403052843697641627e+01 -1.631262086749381268e+01 -2.723577425619131986e+01 3.090861027240399039e+02 -1.491796366027640097e+00 1.074493489384674039e+00 -2.397565879440671566e+00 -1.231875576710202536e+00 3.978251095805099835e-01
-1.538040609282694504e+02 5.288363393948021240e+01 -1.882155628351261782e+02 -2.444084275081339186e+01 -7.811035719913237862e+00 -1.597851102298538106e-01 1.040210294173680694e+01 -4.352924450338086615e+01 1.196748390536959761e+01 1.357643611300713715e+01 -5.718011302223479753e+00 -1.491796366027640097e+00 1.395568811011026753e+02 8.177698260854736390e+00 8.236930494089844679e-01 -5.699750424390769288e-01 -2.848036280161632128e-01
-4.512322785989979224e+01 -1.729819838513594377e+01 6.141874289755144645e+01 6.639058943213468922e+01 8.018613926941682735e+01 -7.062224111496441026e+01 -3.178356360364440292e+01 9.258975845739104926e+00 1.071908477145793448e+01 9.742676089230531744e+00 -4.761859320481551944e-02 1.074493489384674039e+00 8.177698260854736390e+00 4.649178947876421830e+01 2.374466868828709054e-02 8.306640969154004406e-01 -9.091879150146250921e-02
-1.763343910449552521e+00 2.231898102642748682e+01 9.837289002132816762e+00 3.556931177159947310e+01 8.969023003312109665e+00 2.885946362570025059e+01 2.990305744538131805e+01 -1.745028584624857970e+01 1.007784661629703393e+01 4.259524445492670175e+00 -5.187806107682107815e+00 -2.397565879440671566e+00 8.236930494089844679e-01 2.374466868828709054e-02 2.334504665803635959e+01 -8.697801721472168957e-02 -4.346094656074839940e-02
5.940864039909344640e+00 7.082177940523361137e+00 4.721716015206085970e+00 -1.502623728798434932e+01 -2.253163308856295899e+00 -6.751776059587593082e+00 -5.901284057950093143e+00 3.412027219042991444e+00 1.747682158162903399e+00 -3.860695189766794932e+00 1.744295055829677976e-01 -1.231875576710202536e+00 -5.699750424390769288e-01 8.306640969154004406e-01 -8.697801721472168957e-02 2.015339790203986237e+00 -3.949096778055745730e-03
1.586634143213054493e+01 -1.446669514079257013e+01 -3.798588878211641262e+00 2.732098491813892860e+00 -6.148284574670035418e-01 7.074228800688725505e-01 2.144898546061299704e+00 1.704912774276800658e+00 -1.667165597575573699e+00 1.116222434081724169e+00 -1.434153104111256516e+00 3.978251095805099835e-01 -2.848036280161632128e-01 -9.091879150146250921e-02 -4.346094656074839940e-02 -3.949096778055745730e-03 1.008343155547184899e+00
