1.743029005171148747e+05 1.989395657887448397e+04 1.251427268996000021e+04 1.628555208127873811e+04 3.936327795891193091e+03 3.174876713298221603e+03 3.641401185106973571e+03 -1.649736363674698225e+01 3.893915829042776409e+02 -1.499053801024149664e+02 -2.950780193150303035e+02 -8.884092716721508509e+01 4.099281822944142277e+02 -1.058039457840450979e+02 5.379650739251870561e+01 2.533722043072491914e+01 3.175238569100379138e+01
1.989395657887448397e+04 9.949730339372630988e+04 1.047291755814631324e+04 7.173630010579162445e+03 3.323035579796385719e+03 4.000274585582366399e+03 1.013684827316335259e+03 1.894174516493997373e+02 3.321610538338773040e+02 8.179681680136117166e+02 9.793596985757768607e+02 2.657595717003123923e+02 2.588996839643258454e+02 -9.666805475982420148e+01 -9.975199317687998501e+00 -4.306602265612590230e+01 1.962806317728084338e+01
1.251427268996000021e+04 1.047291755814631324e+04 6.921061726206533785e+04 7.287415917013746366e+03 6.488922124681747846e+03 3.088206366556580178e+03 1.976892998793782681e+03 5.038883885207799835e+02 -9.529328193153901339e+02 2.628554856803503981e+01 -4.400071379694557550e+02 -2.611210174911132640e+02 6.452630653241837422e+01 -3.029090735110538049e+02 7.703350477422061715e+01 -5.081803780397925152e+01 2.129454600609838621e+01
1.628555208127873811e+04 7.173630010579162445e+03 7.287415917013746366e+03 5.006699019055667304e+04 2.838348776366789480e+03 3.146681247949305543e+03 1.064983856511649037e+03 1.582087242717519530e+03 9.698115673217894255e+02 1.111583595367117368e+03 3.497993998712599932e+02 3.841719577000610570e+02 2.190290265342179907e+02 9.072203262132288160e+01 -1.592427549873126225e+01 3.659888730098225551e+01 2.597201464592958331e+01
3.936327795891193091e+03 3.323035579796385719e+03 6.488922124681747846e+03 2.838348776366789480e+03 3.024414504507716265e+04 2.546931926583447421e+03 2.095573475126484027e+03 4.672392661869492940e+02 2.678210844835122089e+02 2.658365690896474121e+02 -6.058758404937623254e+02 -1.783064878695092830e+02 1.336041133864847836e+02 -5.727656662226931417e+01 -2.658391687918151902e+01 2.658330841416508861e+01 -1.123889453920304149e+01
3.174876713298221603e+03 4.000274585582366399e+03 3.088206366556580178e+03 3.146681247949305543e+03 2.546931926583447421e+03 1.847618239616861320e+04 -3.958919514815572143e+02 8.686955614678906556e+01 4.707601494075361757e+02 3.985561307419734476e+02 2.094201142992290272e+02 8.794042027396731953e+01 3.417698811632845235e+01 -4.281542578879085426e+01 -4.081559396483020663e+01 5.001668513468417387e+01 2.040843844333983625e+01
3.641401185106973571e+03 1.013684827316335259e+03 1.976892998793782681e+03 1.064983856511649037e+03 2.095573475126484027e+03 -3.958919514815572143e+02 1.263469122431335200e+04 -1.468763975173110339e+02 2.170426918481490475e+02 1.405652464460655438e+02 -2.224729424045041526e+02 -8.988785138481364356e+01 4.121579050921108944e+01 4.286413244002859102e+01 2.386130697314487747e+01 2.058615500816868504e+01 -8.554463422242605475e+00
-1.649736363674698225e+01 1.894174516493997373e+02 5.038883885207799835e+02 1.582087242717519530e+03 4.672392661869492940e+02 8.686955614678906556e+01 -1.468763975173110339e+02 6.851418272777941638e+03 6.032708339173102559e+02 -7.398351143826057807e+01 -8.612314224150570396e+01 -7.378764697259434513e+01 -2.369960493442683003e+01 4.688290812760986626e+01 -2.008299118720482568e+01 1.391231374188046099e-01 -1.010252355403159363e+01
3.893915829042776409e+02 3.321610538338773040e+02 -9.529328193153901339e+02 9.698115673217894255e+02 2.678210844835122089e+02 4.707601494075361757e+02 2.170426918481490475e+02 6.032708339173102559e+02 3.750147536331115589e+03 1.519067825791808559e+02 -4.887249875886418948e+01 3.213551373378303566e+01 4.112373506556787817e+01 6.482154343594479506e+00 -1.447450430955270129e+01 -3.676466537187826678e+00 5.782515078224265359e+00
-1.499053801024149664e+02 8.179681680136117166e+02 2.628554856803503981e+01 1.111583595367117368e+03 2.658365690896474121e+02 3.985561307419734476e+02 1.405652464460655438e+02 -7.398351143826057807e+01 1.519067825791808559e+02 2.190072482792468691e+03 -1.075390130310219376e+02 5.633315126614188095e+00 1.604557731601200032e+01 7.515666498740097623e+00 1.745940695775533014e-01 -1.435752830554722248e+00 5.372148351981953951e+00
-2.950780193150303035e+02 9.793596985757768607e+02 -4.400071379694557550e+02 3.497993998712599932e+02 -6.058758404937623254e+02 2.094201142992290272e+02 -2.224729424045041526e+02 -8.612314224150570396e+01 -4.887249875886418948e+01 -1.075390130310219376e+02 9.601824955024910651e+02 3.221384840042050968e+01 -7.519290953460748383e+00 -7.153750989612442268e+00 -1.110825212297395304e+01 -5.551496007306242930e+00 2.673703599489103411e-01
-8.884092716721508509e+01 2.657595717003123923e+02 -2.611210174911132640e+02 3.841719577000610570e+02 -1.783064878695092830e+02 8.794042027396731953e+01 -8.988785138481364356e+01 -7.378764697259434513e+01 3.213551373378303566e+01 5.633315126614188095e+00 3.221384840042050968e+01 4.508791087325574267e+02 1.910169792623069185e+01 -2.372138024068245699e+00 -3.066032019828255795e+00 -1.532290078395596389e+00 -1.779087514962461647e+00
4.099281822944142277e+02 2.588996839643258454e+02 6.452630653241837422e+01 2.190290265342179907e+02 1.336041133864847836e+02 3.417698811632845235e+01 4.121579050921108944e+01 -2.369960493442683003e+01 4.112373506556787817e+01 1.604557731601200032e+01 -7.519290953460748383e+00 1.910169792623069185e+01 2.009713562496305883e+02 -2.477367367690418209e+00 1.504203588177766837e-01 3.113809613941560528e+00 2.062572518618719375e+00
-1.058039457840450979e+02 -9.666805475982420148e+01 -3.029090735110538049e+02 9.072203262132288160e+01 -5.727656662226931417e+01 -4.281542578879085426e+01 4.286413244002859102e+01 4.688290812760986626e+01 6.482154343594479506e+00 7.515666498740097623e+00 -7.153750989612442268e+00 -2.372138024068245699e+00 -2.477367367690418209e+00 8.107793089151655863e+01 7.120834971232878341e-02 1.553979428409021368e+00 -7.411251962895845091e-01
5.379650739251870561e+01 -9.975199317687998501e+00 7.703350477422061715e+01 -1.592427549873126225e+01 -2.658391687918151902e+01 -4.081559396483020663e+01 2.386130697314487747e+01 -2.008299118720482568e+01 -1.447450430955270129e+01 1.745940695775533014e-01 -1.110825212297395304e+01 -3.066032019828255795e+00 1.504203588177766837e-01 7.120834971232878341e-02 1.945285921050716027e+01 -3.951960907932935418e-01 -1.975241655120826278e-01
2.533722043072491914e+01 -4.306602265612590230e+01 -5.081803780397925152e+01 3.659888730098225551e+01 2.658330841416508861e+01 5.001668513468417387e+01 2.058615500816868504e+01 1.391231374188046099e-01 -3.676466537187826678e+00 -1.435752830554722248e+00 -5.551496007306242930e+00 -1.532290078395596389e+00 3.113809613941560528e+00 1.553979428409021368e+00 -3.951960907932935418e-01 9.914724719233674932e+00 -9.871531578932693507e-02
3.175238569100379138e+01 1.962806317728084338e+01 2.129454600609838621e+01 2.597201464592958331e+01 -1.123889453920304149e+01 2.040843844333983625e+01 -8.554463422242605475e+00 -1.010252355403159363e+01 5.782515078224265359e+00 5.372148351981953951e+00 2.673703599489103411e-01 -1.779087514962461647e+00 2.062572518618719375e+00 -7.411251962895845091e-01 -1.975241655120826278e-01 -9.871531578932693507e-02 5.002995242210957372e+00
