7.543013885374930396e+04 3.135036006932133205e+03 3.166188768052234991e+03 4.585344907646152024e+03 2.722269910711508345e+01 7.404096722856795623e+02 1.213616182943461126e+03 8.009770815699894797e+01 -8.848722319171436084e+02 1.840398227795140542e+02 -3.260624813659403003e+02 2.680588311153383074e+01 -5.847080700223899896e+01 -4.476936187829448954e+01 1.460375878812616790e+01
3.135036006932133205e+03 5.092526711281735334e+04 4.036247362870599773e+03 2.308990184973761188e+03 7.476445120489743204e+02 4.539936002683698462e+02 6.496332373477298461e+02 9.569804724753228697e+01 2.065846482834636504e+02 1.906024534688057201e+02 1.046331336103367349e+01 -1.475231813746873115e+02 3.529509703334129256e+01 1.781403935691509943e+01 9.741626380380051131e+00
3.166188768052234991e+03 4.036247362870599773e+03 3.773478412260123150e+04 1.607182993444380827e+03 1.725632140020870338e+03 9.019664120928921420e+02 2.285147598078602584e+02 -3.492180193943582367e+02 4.000099044391179746e+02 1.823388157060600747e+02 -1.591320045257336346e+02 -3.566843000304795908e+01 3.378467584856783645e+01 2.409441047980962480e-01 2.103216056638139708e+00
4.585344907646152024e+03 2.308990184973761188e+03 1.607182993444380827e+03 2.079889224588613797e+04 4.527064912834052279e+02 6.321174503323013028e+01 4.643054806787216648e+02 1.726172927650540601e+02 9.656125208823490880e+01 -1.184498342208539299e+02 7.055101030899917802e+00 -3.490296155116217136e+01 -2.047908346964865700e+01 1.864764563353534044e+01 -4.269159497565637729e+00
2.722269910711508345e+01 7.476445120489743204e+02 1.725632140020870338e+03 4.527064912834052279e+02 1.449173171296970759e+04 -5.741250860916654375e+00 3.875455476586884629e+02 -6.229285394840637480e+01 2.309124207760377772e+02 -1.183065431984754383e+02 1.106650602055063217e+02 -6.497334791691726785e+00 4.024656788056732637e+01 1.708787716380133759e+01 -7.430570475333366787e+00
7.404096722856795623e+02 4.539936002683698462e+02 9.019664120928921420e+02 6.321174503323013028e+01 -5.741250860916654375e+00 8.234542579197390296e+03 2.278777922224635404e+02 -1.066590674200304534e+02 6.875614385855458011e+01 -1.287836475938261316e+01 -9.761721180597329806e+01 -4.893047847136088535e+01 1.661720795762429859e+01 5.237651044364495689e+00 -3.447497937907450183e+00
1.213616182943461126e+03 6.496332373477298461e+02 2.285147598078602584e+02 4.643054806787216648e+02 3.875455476586884629e+02 2.278777922224635404e+02 4.338939536616067926e+03 -1.695410743798882152e+02 -3.791252426216967564e+01 -1.396729807016126017e+02 4.434083014644044596e+01 -2.019727737896380759e+01 7.721725264430884472e+00 -4.942750387600792550e+00 -7.107704942604366138e+00
8.009770815699894797e+01 9.569804724753228697e+01 -3.492180193943582367e+02 1.726172927650540601e+02 -6.229285394840637480e+01 -1.066590674200304534e+02 -1.695410743798882152e+02 2.338869070025873043e+03 8.813127878218428179e+01 8.309415099996869003e+01 3.460749653132383585e+00 -1.543666925723668548e+01 5.297616221363996125e+00 -1.190249593078567258e+00 3.632663565520847904e+00
-8.848722319171436084e+02 2.065846482834636504e+02 4.000099044391179746e+02 9.656125208823490880e+01 2.309124207760377772e+02 6.875614385855458011e+01 -3.791252426216967564e+01 8.813127878218428179e+01 1.130432253785833836e+03 -3.611884049842596056e+01 3.174962517957522223e+01 7.262323377496878507e+00 6.620194525898448035e+00 6.870671239028605548e+00 7.630345547948413909e-01
1.840398227795140542e+02 1.906024534688057201e+02 1.823388157060600747e+02 -1.184498342208539299e+02 -1.183065431984754383e+02 -1.287836475938261316e+01 -1.396729807016126017e+02 8.309415099996869003e+01 -3.611884049842596056e+01 4.766882349492673825e+02 -1.306597882184443016e+01 -1.275351600627790560e+01 -1.013457514671410742e+01 5.759322130366778536e-01 4.180413931018229334e+00
-3.260624813659403003e+02 1.046331336103367349e+01 -1.591320045257336346e+02 7.055101030899917802e+00 1.106650602055063217e+02 -9.761721180597329806e+01 4.434083014644044596e+01 3.460749653132383585e+00 3.174962517957522223e+01 -1.306597882184443016e+01 2.124841170915724433e+02 8.404288456400255125e-01 8.973579134543432367e-01 8.134841959210931117e-01 -8.527490929210415072e-01
2.680588311153383074e+01 -1.475231813746873115e+02 -3.566843000304795908e+01 -3.490296155116217136e+01 -6.497334791691726785e+00 -4.893047847136088535e+01 -2.019727737896380759e+01 -1.543666925723668548e+01 7.262323377496878507e+00 -1.275351600627790560e+01 8.404288456400255125e-01 8.417394242038845675e+01 1.467981066061140760e+00 -5.511521823416986043e-01 -3.130915665810002357e-01
-5.847080700223899896e+01 3.529509703334129256e+01 3.378467584856783645e+01 -2.047908346964865700e+01 4.024656788056732637e+01 1.661720795762429859e+01 7.721725264430884472e+00 5.297616221363996125e+00 6.620194525898448035e+00 -1.013457514671410742e+01 8.973579134543432367e-01 1.467981066061140760e+00 3.802722021197807578e+01 -7.131746797424246553e-01 -1.425651773414390866e-01
-4.476936187829448954e+01 1.781403935691509943e+01 2.409441047980962480e-01 1.864764563353534044e+01 1.708787716380133759e+01 5.237651044364495689e+00 -4.942750387600792550e+00 -1.190249593078567258e+00 6.870671239028605548e+00 5.759322130366778536e-01 8.134841959210931117e-01 -5.511521823416986043e-01 -7.131746797424246553e-01 9.938827048128851871e+00 -3.957755480599333547e-02
1.460375878812616790e+01 9.741626380380051131e+00 2.103216056638139708e+00 -4.269159497565637729e+00 -7.430570475333366787e+00 -3.447497937907450183e+00 -7.107704942604366138e+00 3.632663565520847904e+00 7.630345547948413909e-01 4.180413931018229334e+00 -8.527490929210415072e-01 -3.130915665810002357e-01 -1.425651773414390866e-01 -3.957755480599333547e-02 2.017468127208574380e+00
