2.745922709903618670e+04 1.145780501294749456e+03 6.760661833558475564e+02 9.141630888616488448e+01 2.221324112294916233e+02 -1.602436662970620205e+02 2.329187823815043501e+01 -9.659811548725838293e+01 2.242099919695301935e+01 4.348433852574195413e+01 8.262787204494921767e+00 -5.696258019547443929e+00
1.145780501294749456e+03 1.622692503315048452e+04 -7.590158654439736665e+02 5.184506334902264371e+02 1.470143654191280120e+02 -4.200157579807274999e+01 9.348558651987991652e+01 8.110885560969405716e+00 -1.253986819374607187e+01 3.262732289430227972e+00 5.971633664597742808e+00 1.011036428306584867e+01
6.760661833558475564e+02 -7.590158654439736665e+02 8.213423344757236919e+03 3.566271285189914124e+02 1.833645632280885707e+02 -1.259901992675742974e+02 -1.368792415633306803e+01 4.141419016882181126e+01 4.342929740979523778e+00 -8.362061385292271609e+00 2.055882325379461051e+01 -4.125746637763769264e+00
9.141630888616488448e+01 5.184506334902264371e+02 3.566271285189914124e+02 4.710027367122565920e+03 3.812808755550761362e+02 3.380615846713078554e+01 1.813535260457275911e+01 -3.847953874246214667e+01 -2.607300999254619889e+00 8.617074510081547345e+00 -8.353332416559521079e+00 -1.219769703707355379e+00
2.221324112294916233e+02 1.470143654191280120e+02 1.833645632280885707e+02 3.812808755550761362e+02 2.418050567922457503e+03 4.282457811935884706e+01 5.056014314988058800e+01 4.683979677239046957e+00 -1.289667110952401430e+01 -6.698924319130358462e+00 1.193643550425380973e+01 2.158472683871894393e+00
-1.602436662970620205e+02 -4.200157579807274999e+01 -1.259901992675742974e+02 3.380615846713078554e+01 4.282457811935884706e+01 1.189760260740031526e+03 -5.358799107438796483e+01 1.643201059161750166e+01 -2.032103297675556774e+01 8.441371192238721122e+00 3.761244858537272417e+00 2.502568167392662524e+00
2.329187823815043501e+01 9.348558651987991652e+01 -1.368792415633306803e+01 1.813535260457275911e+01 5.056014314988058800e+01 -5.358799107438796483e+01 5.726148879825437916e+02 -1.740036013655250358e+01 -1.485388282859286413e+01 3.918266914857328587e+00 6.551988878267807070e-01 -2.315075326671048039e-01
-9.659811548725838293e+01 8.110885560969405716e+00 4.141419016882181126e+01 -3.847953874246214667e+01 4.683979677239046957e+00 1.643201059161750166e+01 -1.740036013655250358e+01 2.616431197411785092e+02 -8.834401957450453979e-01 -4.104846282086397125e+00 1.452334083180810032e+00 3.133253411382760589e+00
2.242099919695301935e+01 -1.253986819374607187e+01 4.342929740979523778e+00 -2.607300999254619889e+00 -1.289667110952401430e+01 -2.032103297675556774e+01 -1.485388282859286413e+01 -8.834401957450453979e-01 7.565147830174940680e+01 1.938298566064845740e+00 -7.731210485009977207e-01 7.206629108813353835e-01
4.348433852574195413e+01 3.262732289430227972e+00 -8.362061385292271609e+00 8.617074510081547345e+00 -6.698924319130358462e+00 8.441371192238721122e+00 3.918266914857328587e+00 -4.104846282086397125e+00 1.938298566064845740e+00 2.699458806190105165e+01 -6.687656389415341796e-01 -1.113603353241632010e-01
8.262787204494921767e+00 5.971633664597742808e+00 2.055882325379461051e+01 -8.353332416559521079e+00 1.193643550425380973e+01 3.761244858537272417e+00 6.551988878267807070e-01 1.452334083180810032e+00 -7.731210485009977207e-01 -6.687656389415341796e-01 1.193293530663734714e+01 -4.768865861895224545e-02
-5.696258019547443929e+00 1.011036428306584867e+01 -4.125746637763769264e+00 -1.219769703707355379e+00 2.158472683871894393e+00 2.502568167392662524e+00 -2.315075326671048039e-01 3.133253411382760589e+00 7.206629108813353835e-01 -1.113603353241632010e-01 -4.768865861895224545e-02 2.024938633150583644e+00
