1.401668897415242645e+04 1.187205538142580735e+03 -8.235096176830930759e+00 -1.118308509646331572e+02 3.595324289520502816e+02 -7.030308881615010996e+00 5.482275512393064076e+01 -4.045815318730006993e+01 -1.767891162504690783e+01 6.368832417842961391e+00 -5.050669275061538066e+00 -8.021952163462199303e-01
1.187205538142580735e+03 9.365621586351273436e+03 -1.795681572419826466e+02 9.294029433386856454e+01 4.573402064350077580e+02 -6.743008379579782741e+01 -1.362439496076158889e+02 -8.653107918507508600e+01 -1.986437163563208541e+00 -1.653166767941174342e+01 -1.467622716386854975e+01 -5.820613529498524841e+00
-8.235096176830930759e+00 -1.795681572419826466e+02 5.185312920474521889e+03 1.066728471663382010e+02 2.205671268149136495e+02 -1.264790324082155450e+02 -3.313838857922899450e+00 8.467386599244179024e+00 2.216245644288641259e+01 -6.463074240597197928e+00 1.101003871338734541e+01 -4.797058217439190031e+00
-1.118308509646331572e+02 9.294029433386856454e+01 1.066728471663382010e+02 2.717818495465299293e+03 2.381972935013876835e+01 1.916252397220817016e+01 -7.054779410681682350e+01 -1.444852369375201917e+01 -5.836428969276825640e+00 9.875818991937975966e+00 7.414594828791451597e+00 -9.825299216236987876e-01
3.595324289520502816e+02 4.573402064350077580e+02 2.205671268149136495e+02 2.381972935013876835e+01 1.312640534068832039e+03 -1.908803803433161406e+01 4.223782965339754014e+01 9.259480436109036816e+00 8.735178551096163702e+00 3.079537993061216117e+00 5.128184028284574758e-01 5.122981339542582724e-01
-7.030308881615010996e+00 -6.743008379579782741e+01 -1.264790324082155450e+02 1.916252397220817016e+01 -1.908803803433161406e+01 5.543469667749136534e+02 4.338593896749174395e-01 6.812230003688655167e+00 1.464696858397646517e+00 3.962844345309428085e-01 -2.637642337469004339e+00 9.049581254837482103e-01
5.482275512393064076e+01 -1.362439496076158889e+02 -3.313838857922899450e+00 -7.054779410681682350e+01 4.223782965339754014e+01 4.338593896749174395e-01 2.504151889694262536e+02 1.858650666398769857e+00 -6.161823638196961106e+00 2.270117463657624235e+00 -2.475830844054392799e+00 -4.946638086309427251e-01
-4.045815318730006993e+01 -8.653107918507508600e+01 8.467386599244179024e+00 -1.444852369375201917e+01 9.259480436109036816e+00 6.812230003688655167e+00 1.858650666398769857e+00 1.144121628763548699e+02 -6.161682102671112382e+00 -1.197423066887180365e+00 -1.156521335056172717e+00 -2.310696022451123322e-01
-1.767891162504690783e+01 -1.986437163563208541e+00 2.216245644288641259e+01 -5.836428969276825640e+00 8.735178551096163702e+00 1.464696858397646517e+00 -6.161823638196961106e+00 -6.161682102671112382e+00 3.180136331723145204e+01 1.554890192468035559e-01 7.110540645861013198e-01 -6.168154924262945343e-02
6.368832417842961391e+00 -1.653166767941174342e+01 -6.463074240597197928e+00 9.875818991937975966e+00 3.079537993061216117e+00 3.962844345309428085e-01 2.270117463657624235e+00 -1.197423066887180365e+00 1.554890192468035559e-01 1.388270038471960355e+01 8.793628766666662377e-01 -2.782486500405602706e-02
-5.050669275061538066e+00 -1.467622716386854975e+01 1.101003871338734541e+01 7.414594828791451597e+00 5.128184028284574758e-01 -2.637642337469004339e+00 -2.475830844054392799e+00 -1.156521335056172717e+00 7.110540645861013198e-01 8.793628766666662377e-01 5.039101513754199679e+00 -9.928972784539556035e-03
-8.021952163462199303e-01 -5.820613529498524841e+00 -4.797058217439190031e+00 -9.825299216236987876e-01 5.122981339542582724e-01 9.049581254837482103e-01 -4.946638086309427251e-01 -2.310696022451123322e-01 -6.168154924262945343e-02 -2.782486500405602706e-02 -9.928972784539556035e-03 1.013711534918112056e+00
