5.407380914331716667e+03 1.131583104472944541e+02 2.783406254251377163e+02 -4.589376784681428489e+01 8.414930555290825964e+01 4.953736266686916423e+01 2.224490228871565378e+01 -1.596206967693018619e+01 -2.545562329912975930e+00 -8.952787141285405426e-01
1.131583104472944541e+02 2.639196335450926199e+03 1.625125728961382521e+00 -5.293264382222019293e+01 -1.249973715927401585e+01 1.212045011040648745e+01 -3.372552311142761550e+00 -2.428722510748417829e+00 -1.012067248695595900e+01 -1.236056624251944180e+00
2.783406254251377163e+02 1.625125728961382521e+00 1.426258933392655990e+03 1.437039007134711532e+01 3.567518852792969852e+01 1.234916264142756903e-01 9.704101631632262581e-01 -1.833121397224173332e+00 -1.298194139696287275e+00 4.575228666629978846e+00
-4.589376784681428489e+01 -5.293264382222019293e+01 1.437039007134711532e+01 6.311658972970922150e+02 -1.521728831633225987e+01 -2.650239916031918330e+00 -3.098482123585354575e+00 -1.289225932035991784e+00 -1.802210297693715546e+00 8.362433580349080131e-01
8.414930555290825964e+01 -1.249973715927401585e+01 3.567518852792969852e+01 -1.521728831633225987e+01 3.171585276279731147e+02 -4.570380091050703086e+00 -3.672248453337825680e+00 -3.047878870953300900e+00 -1.357042960688596311e+00 -5.958613873724993848e-01
4.953736266686916423e+01 1.212045011040648745e+01 1.234916264142756903e-01 -2.650239916031918330e+00 -4.570380091050703086e+00 1.152570481333527397e+02 8.360504411822797799e-01 -1.356679070092156270e+00 -7.935494842820169925e-01 -1.982695020691847554e-01
2.224490228871565378e+01 -3.372552311142761550e+00 9.704101631632262581e-01 -3.098482123585354575e+00 -3.672248453337825680e+00 8.360504411822797799e-01 3.288255177067786406e+01 -7.696053480190904184e-01 1.793053553680016510e+00 -6.399957988274368459e-02
-1.596206967693018619e+01 -2.428722510748417829e+00 -1.833121397224173332e+00 -1.289225932035991784e+00 -3.047878870953300900e+00 -1.356679070092156270e+00 -7.696053480190904184e-01 1.200824063838309641e+01 9.272450236029897708e-01 -2.396622709440980256e-02
-2.545562329912975930e+00 -1.012067248695595900e+01 -1.298194139696287275e+00 -1.802210297693715546e+00 -1.357042960688596311e+00 -7.935494842820169925e-01 1.793053553680016510e+00 9.272450236029897708e-01 4.054605759615941274e+00 -7.976765303066886068e-03
-8.952787141285405426e-01 -1.236056624251944180e+00 4.575228666629978846e+00 8.362433580349080131e-01 -5.958613873724993848e-01 -1.982695020691847554e-01 -6.399957988274368459e-02 -2.396622709440980256e-02 -7.976765303066886068e-03 1.018426324408118200e+00
