2.051822592077412875e+06 1.205138535553388065e+06 8.052891870193510549e+05 5.490418356303544715e+05 3.496681319819326745e+05 2.140238897969676473e+05 1.361546397575506126e+05 7.204241821884932870e+04 3.332214216958990437e+04 1.197592153194485400e+04 3.549838303871668359e+03 3.190068553901888890e+02 -9.101559849067685448e+00 0.000000000000000000e+00 0.000000000000000000e+00 0.000000000000000000e+00 0.000000000000000000e+00 0.000000000000000000e+00 0.000000000000000000e+00 0.000000000000000000e+00
1.205138535553388065e+06 9.882883742662887089e+05 5.610023904223317513e+05 3.723870526406209101e+05 2.453142618684984918e+05 1.457184617697529902e+05 8.970746325823357620e+04 4.734746061344561895e+04 2.106826717232411465e+04 8.299744862672683666e+03 2.354433520327668703e+03 1.576432098410892024e+02 -2.275850961464272970e+01 0.000000000000000000e+00 0.000000000000000000e+00 0.000000000000000000e+00 0.000000000000000000e+00 0.000000000000000000e+00 0.000000000000000000e+00 0.000000000000000000e+00
8.052891870193510549e+05 5.610023904223317513e+05 5.007905247555915266e+05 2.615133941624035069e+05 1.600391991134714626e+05 1.037714167305114242e+05 5.998153309451062523e+04 3.405807776220700180e+04 1.537248663400905025e+04 5.877400312159958958e+03 1.559317510319301164e+03 1.470001249149321154e+02 3.998230636838339791e+01 0.000000000000000000e+00 0.000000000000000000e+00 0.000000000000000000e+00 0.000000000000000000e+00 0.000000000000000000e+00 0.000000000000000000e+00 0.000000000000000000e+00
5.490418356303544715e+05 3.723870526406209101e+05 2.615133941624035069e+05 2.384384871171248378e+05 1.103885734263092745e+05 6.570858853572428052e+04 4.156184194688238495e+04 2.145928757441269772e+04 1.036470970209413099e+04 3.889840670160082936e+03 1.101192999625199718e+03 1.215026394638275491e+02 -2.988225121124693473e+01 0.000000000000000000e+00 0.000000000000000000e+00 0.000000000000000000e+00 0.000000000000000000e+00 0.000000000000000000e+00 0.000000000000000000e+00 0.000000000000000000e+00
3.496681319819326745e+05 2.453142618684984918e+05 1.600391991134714626e+05 1.103885734263092745e+05 1.060187452285503678e+05 4.238134217541285034e+04 2.742676377353698626e+04 1.463935721172770900e+04 6.473699019833248713e+03 2.488292513497957316e+03 8.800679673952721487e+02 6.878174914080888414e+01 -1.706684364679963206e+00 0.000000000000000000e+00 0.000000000000000000e+00 0.000000000000000000e+00 0.000000000000000000e+00 0.000000000000000000e+00 0.000000000000000000e+00 0.000000000000000000e+00
2.140238897969676473e+05 1.457184617697529902e+05 1.037714167305114242e+05 6.570858853572428052e+04 4.238134217541285034e+04 4.585129883264035016e+04 1.683322428130048866e+04 8.841362083735482884e+03 3.915866690173359530e+03 1.730512958567348278e+03 5.266840083021349983e+02 3.248779483504068111e+01 -6.729991566074431830e+00 0.000000000000000000e+00 0.000000000000000000e+00 0.000000000000000000e+00 0.000000000000000000e+00 0.000000000000000000e+00 0.000000000000000000e+00 0.000000000000000000e+00
1.361546397575506126e+05 8.970746325823357620e+04 5.998153309451062523e+04 4.156184194688238495e+04 2.742676377353698626e+04 1.683322428130048866e+04 2.039943494463723255e+04 5.607550315801892793e+03 2.895239190237692128e+03 9.131418437656956257e+02 2.555834627774759156e+02 2.937565492301990488e+01 -3.424440437203621013e+00 0.000000000000000000e+00 0.000000000000000000e+00 0.000000000000000000e+00 0.000000000000000000e+00 0.000000000000000000e+00 0.000000000000000000e+00 0.000000000000000000e+00
7.204241821884932870e+04 4.734746061344561895e+04 3.405807776220700180e+04 2.145928757441269772e+04 1.463935721172770900e+04 8.841362083735482884e+03 5.607550315801892793e+03 7.298780197793989828e+03 1.333066019303754956e+03 6.470565345475021104e+02 1.962803358976477739e+02 2.009398595455400383e+01 -3.308111221150934256e+00 0.000000000000000000e+00 0.000000000000000000e+00 0.000000000000000000e+00 0.000000000000000000e+00 0.000000000000000000e+00 0.000000000000000000e+00 0.000000000000000000e+00
3.332214216958990437e+04 2.106826717232411465e+04 1.537248663400905025e+04 1.036470970209413099e+04 6.473699019833248713e+03 3.915866690173359530e+03 2.895239190237692128e+03 1.333066019303754956e+03 2.359848007209083335e+03 2.741378128296872774e+02 1.030059781884782240e+02 1.149910018770386344e+01 7.099926484196557475e+00 0.000000000000000000e+00 0.000000000000000000e+00 0.000000000000000000e+00 0.000000000000000000e+00 0.000000000000000000e+00 0.000000000000000000e+00 0.000000000000000000e+00
1.197592153194485400e+04 8.299744862672683666e+03 5.877400312159958958e+03 3.889840670160082936e+03 2.488292513497957316e+03 1.730512958567348278e+03 9.131418437656956257e+02 6.470565345475021104e+02 2.741378128296872774e+02 6.451089594972390842e+02 2.614336763927662233e+01 6.415035773032800925e+00 1.059920848511901603e+00 0.000000000000000000e+00 0.000000000000000000e+00 0.000000000000000000e+00 0.000000000000000000e+00 0.000000000000000000e+00 0.000000000000000000e+00 0.000000000000000000e+00
3.549838303871668359e+03 2.354433520327668703e+03 1.559317510319301164e+03 1.101192999625199718e+03 8.800679673952721487e+02 5.266840083021349983e+02 2.555834627774759156e+02 1.962803358976477739e+02 1.030059781884782240e+02 2.614336763927662233e+01 1.189569042547904019e+02 -1.012668629570370626e+00 -4.317208029025381699e-01 0.000000000000000000e+00 0.000000000000000000e+00 0.000000000000000000e+00 0.000000000000000000e+00 0.000000000000000000e+00 0.000000000000000000e+00 0.000000000000000000e+00
3.190068553901888890e+02 1.576432098410892024e+02 1.470001249149321154e+02 1.215026394638275491e+02 6.878174914080888414e+01 3.248779483504068111e+01 2.937565492301990488e+01 2.009398595455400383e+01 1.149910018770386344e+01 6.415035773032800925e+00 -1.012668629570370626e+00 1.368057415168252611e+01 -5.493733873459407530e-02 0.000000000000000000e+00 0.000000000000000000e+00 0.000000000000000000e+00 0.000000000000000000e+00 0.000000000000000000e+00 0.000000000000000000e+00 0.000000000000000000e+00
-9.101559849067685448e+00 -2.275850961464272970e+01 3.998230636838339791e+01 -2.988225121124693473e+01 -1.706684364679963206e+00 -6.729991566074431830e+00 -3.424440437203621013e+00 -3.308111221150934256e+00 7.099926484196557475e+00 1.059920848511901603e+00 -4.317208029025381699e-01 -5.493733873459407530e-02 2.001116616775967749e+00 0.000000000000000000e+00 0.000000000000000000e+00 0.000000000000000000e+00 0.000000000000000000e+00 0.000000000000000000e+00 0.000000000000000000e+00 0.000000000000000000e+00
0.000000000000000000e+00 0.000000000000000000e+00 0.000000000000000000e+00 0.000000000000000000e+00 0.000000000000000000e+00 0.000000000000000000e+00 0.000000000000000000e+00 0.000000000000000000e+00 0.000000000000000000e+00 0.000000000000000000e+00 0.000000000000000000e+00 0.000000000000000000e+00 0.000000000000000000e+00 0.000000000000000000e+00 0.000000000000000000e+00 0.000000000000000000e+00 0.000000000000000000e+00 0.000000000000000000e+00 0.000000000000000000e+00 0.000000000000000000e+00
0.000000000000000000e+00 0.000000000000000000e+00 0.000000000000000000e+00 0.000000000000000000e+00 0.000000000000000000e+00 0.000000000000000000e+00 0.000000000000000000e+00 0.000000000000000000e+00 0.000000000000000000e+00 0.000000000000000000e+00 0.000000000000000000e+00 0.000000000000000000e+00 0.000000000000000000e+00 0.000000000000000000e+00 0.000000000000000000e+00 0.000000000000000000e+00 0.000000000000000000e+00 0.000000000000000000e+00 0.000000000000000000e+00 0.000000000000000000e+00
0.000000000000000000e+00 0.000000000000000000e+00 0.000000000000000000e+00 0.000000000000000000e+00 0.000000000000000000e+00 0.000000000000000000e+00 0.000000000000000000e+00 0.000000000000000000e+00 0.000000000000000000e+00 0.000000000000000000e+00 0.000000000000000000e+00 0.000000000000000000e+00 0.000000000000000000e+00 0.000000000000000000e+00 0.000000000000000000e+00 0.000000000000000000e+00 0.000000000000000000e+00 0.000000000000000000e+00 0.000000000000000000e+00 0.000000000000000000e+00
0.000000000000000000e+00 0.000000000000000000e+00 0.000000000000000000e+00 0.000000000000000000e+00 0.000000000000000000e+00 0.000000000000000000e+00 0.000000000000000000e+00 0.000000000000000000e+00 0.000000000000000000e+00 0.000000000000000000e+00 0.000000000000000000e+00 0.000000000000000000e+00 0.000000000000000000e+00 0.000000000000000000e+00 0.000000000000000000e+00 0.000000000000000000e+00 0.000000000000000000e+00 0.000000000000000000e+00 0.000000000000000000e+00 0.000000000000000000e+00
0.000000000000000000e+00 0.000000000000000000e+00 0.000000000000000000e+00 0.000000000000000000e+00 0.000000000000000000e+00 0.000000000000000000e+00 0.000000000000000000e+00 0.000000000000000000e+00 0.000000000000000000e+00 0.000000000000000000e+00 0.000000000000000000e+00 0.000000000000000000e+00 0.000000000000000000e+00 0.000000000000000000e+00 0.000000000000000000e+00 0.000000000000000000e+00 0.000000000000000000e+00 0.000000000000000000e+00 0.000000000000000000e+00 0.000000000000000000e+00
0.000000000000000000e+00 0.000000000000000000e+00 0.000000000000000000e+00 0.000000000000000000e+00 0.000000000000000000e+00 0.000000000000000000e+00 0.000000000000000000e+00 0.000000000000000000e+00 0.000000000000000000e+00 0.000000000000000000e+00 0.000000000000000000e+00 0.000000000000000000e+00 0.000000000000000000e+00 0.000000000000000000e+00 0.000000000000000000e+00 0.000000000000000000e+00 0.000000000000000000e+00 0.000000000000000000e+00 0.000000000000000000e+00 0.000000000000000000e+00
0.000000000000000000e+00 0.000000000000000000e+00 0.000000000000000000e+00 0.000000000000000000e+00 0.000000000000000000e+00 0.000000000000000000e+00 0.000000000000000000e+00 0.000000000000000000e+00 0.000000000000000000e+00 0.000000000000000000e+00 0.000000000000000000e+00 0.000000000000000000e+00 0.000000000000000000e+00 0.000000000000000000e+00 0.000000000000000000e+00 0.000000000000000000e+00 0.000000000000000000e+00 0.000000000000000000e+00 0.000000000000000000e+00 0.000000000000000000e+00
