1.688641261900063837e+06 1.001368712642896338e+06 6.403354123903851723e+05 4.159803091235791217e+05 2.439407492381932097e+05 1.369216292335306935e+05 7.133392976181303675e+04 3.714859134871916467e+04 1.089322290980787329e+04 3.556688140703482986e+03 3.318764480717907759e+02 9.815754493103966638e+00 0.000000000000000000e+00 0.000000000000000000e+00 0.000000000000000000e+00 0.000000000000000000e+00 0.000000000000000000e+00 0.000000000000000000e+00 0.000000000000000000e+00 0.000000000000000000e+00
1.001368712642896338e+06 8.363274235579060623e+05 4.475236201924085617e+05 2.943609307029856718e+05 1.683072689690953412e+05 9.561855105543116224e+04 4.952457038121500227e+04 2.459458419192084330e+04 7.809682451612492514e+03 2.756284050021825351e+03 2.149174223103742349e+02 8.400290177561128280e-01 0.000000000000000000e+00 0.000000000000000000e+00 0.000000000000000000e+00 0.000000000000000000e+00 0.000000000000000000e+00 0.000000000000000000e+00 0.000000000000000000e+00 0.000000000000000000e+00
6.403354123903851723e+05 4.475236201924085617e+05 3.793585690286592580e+05 1.873643503474469180e+05 1.065303085393979563e+05 6.179114938236456510e+04 3.116770205665024332e+04 1.790349481017817743e+04 4.437521785983314658e+03 1.721609437891203015e+03 2.235399617244545425e+02 1.615712843921673425e+01 0.000000000000000000e+00 0.000000000000000000e+00 0.000000000000000000e+00 0.000000000000000000e+00 0.000000000000000000e+00 0.000000000000000000e+00 0.000000000000000000e+00 0.000000000000000000e+00
4.159803091235791217e+05 2.943609307029856718e+05 1.873643503474469180e+05 1.753558830745134619e+05 7.353761452980939066e+04 4.032238608542802103e+04 2.110141714108613451e+04 1.172516186102607935e+04 2.921747999529380650e+03 1.245894778582817025e+03 1.416432018159856341e+02 -3.456667927380475458e+00 0.000000000000000000e+00 0.000000000000000000e+00 0.000000000000000000e+00 0.000000000000000000e+00 0.000000000000000000e+00 0.000000000000000000e+00 0.000000000000000000e+00 0.000000000000000000e+00
2.439407492381932097e+05 1.683072689690953412e+05 1.065303085393979563e+05 7.353761452980939066e+04 6.752029794352178578e+04 2.432511813987146525e+04 1.209819066794831087e+04 6.682052946363971387e+03 1.828828732128180263e+03 6.594787475556933032e+02 6.405534140192592929e+01 -2.022207168505219865e+00 0.000000000000000000e+00 0.000000000000000000e+00 0.000000000000000000e+00 0.000000000000000000e+00 0.000000000000000000e+00 0.000000000000000000e+00 0.000000000000000000e+00 0.000000000000000000e+00
1.369216292335306935e+05 9.561855105543116224e+04 6.179114938236456510e+04 4.032238608542802103e+04 2.432511813987146525e+04 2.534338231694583010e+04 7.157554647281049256e+03 3.495936377325857393e+03 1.103831815128264225e+03 3.633171214052565006e+02 7.758767255752199787e+01 -1.857825477955464599e+00 0.000000000000000000e+00 0.000000000000000000e+00 0.000000000000000000e+00 0.000000000000000000e+00 0.000000000000000000e+00 0.000000000000000000e+00 0.000000000000000000e+00 0.000000000000000000e+00
7.133392976181303675e+04 4.952457038121500227e+04 3.116770205665024332e+04 2.110141714108613451e+04 1.209819066794831087e+04 7.157554647281049256e+03 8.626125503377270434e+03 1.949603777103731090e+03 6.476559871862020827e+02 2.142404137852806514e+02 1.405783986475174530e+01 -1.010529878604644827e+00 0.000000000000000000e+00 0.000000000000000000e+00 0.000000000000000000e+00 0.000000000000000000e+00 0.000000000000000000e+00 0.000000000000000000e+00 0.000000000000000000e+00 0.000000000000000000e+00
3.714859134871916467e+04 2.459458419192084330e+04 1.790349481017817743e+04 1.172516186102607935e+04 6.682052946363971387e+03 3.495936377325857393e+03 1.949603777103731090e+03 2.786173589390016332e+03 3.675622675236444366e+02 1.082305055017748572e+02 8.512443534570687476e+00 2.907637468891131949e+00 0.000000000000000000e+00 0.000000000000000000e+00 0.000000000000000000e+00 0.000000000000000000e+00 0.000000000000000000e+00 0.000000000000000000e+00 0.000000000000000000e+00 0.000000000000000000e+00
1.089322290980787329e+04 7.809682451612492514e+03 4.437521785983314658e+03 2.921747999529380650e+03 1.828828732128180263e+03 1.103831815128264225e+03 6.476559871862020827e+02 3.675622675236444366e+02 6.919660676758397813e+02 4.180721011259978326e+01 1.984876341254329191e+01 3.888052286412408076e+00 0.000000000000000000e+00 0.000000000000000000e+00 0.000000000000000000e+00 0.000000000000000000e+00 0.000000000000000000e+00 0.000000000000000000e+00 0.000000000000000000e+00 0.000000000000000000e+00
3.556688140703482986e+03 2.756284050021825351e+03 1.721609437891203015e+03 1.245894778582817025e+03 6.594787475556933032e+02 3.633171214052565006e+02 2.142404137852806514e+02 1.082305055017748572e+02 4.180721011259978326e+01 1.241704843332439197e+02 1.293865558524629034e+00 -4.985976183316855881e-01 0.000000000000000000e+00 0.000000000000000000e+00 0.000000000000000000e+00 0.000000000000000000e+00 0.000000000000000000e+00 0.000000000000000000e+00 0.000000000000000000e+00 0.000000000000000000e+00
3.318764480717907759e+02 2.149174223103742349e+02 2.235399617244545425e+02 1.416432018159856341e+02 6.405534140192592929e+01 7.758767255752199787e+01 1.405783986475174530e+01 8.512443534570687476e+00 1.984876341254329191e+01 1.293865558524629034e+00 1.838737236871882885e+01 -7.457881744510762301e-02 0.000000000000000000e+00 0.000000000000000000e+00 0.000000000000000000e+00 0.000000000000000000e+00 0.000000000000000000e+00 0.000000000000000000e+00 0.000000000000000000e+00 0.000000000000000000e+00
9.815754493103966638e+00 8.400290177561128280e-01 1.615712843921673425e+01 -3.456667927380475458e+00 -2.022207168505219865e+00 -1.857825477955464599e+00 -1.010529878604644827e+00 2.907637468891131949e+00 3.888052286412408076e+00 -4.985976183316855881e-01 -7.457881744510762301e-02 2.001450312934995424e+00 0.000000000000000000e+00 0.000000000000000000e+00 0.000000000000000000e+00 0.000000000000000000e+00 0.000000000000000000e+00 0.000000000000000000e+00 0.000000000000000000e+00 0.000000000000000000e+00
0.000000000000000000e+00 0.000000000000000000e+00 0.000000000000000000e+00 0.000000000000000000e+00 0.000000000000000000e+00 0.000000000000000000e+00 0.000000000000000000e+00 0.000000000000000000e+00 0.000000000000000000e+00 0.000000000000000000e+00 0.000000000000000000e+00 0.000000000000000000e+00 0.000000000000000000e+00 0.000000000000000000e+00 0.000000000000000000e+00 0.000000000000000000e+00 0.000000000000000000e+00 0.000000000000000000e+00 0.000000000000000000e+00 0.000000000000000000e+00
0.000000000000000000e+00 0.000000000000000000e+00 0.000000000000000000e+00 0.000000000000000000e+00 0.000000000000000000e+00 0.000000000000000000e+00 0.000000000000000000e+00 0.000000000000000000e+00 0.000000000000000000e+00 0.000000000000000000e+00 0.000000000000000000e+00 0.000000000000000000e+00 0.000000000000000000e+00 0.000000000000000000e+00 0.000000000000000000e+00 0.000000000000000000e+00 0.000000000000000000e+00 0.000000000000000000e+00 0.000000000000000000e+00 0.000000000000000000e+00
0.000000000000000000e+00 0.000000000000000000e+00 0.000000000000000000e+00 0.000000000000000000e+00 0.000000000000000000e+00 0.000000000000000000e+00 0.000000000000000000e+00 0.000000000000000000e+00 0.000000000000000000e+00 0.000000000000000000e+00 0.000000000000000000e+00 0.000000000000000000e+00 0.000000000000000000e+00 0.000000000000000000e+00 0.000000000000000000e+00 0.000000000000000000e+00 0.000000000000000000e+00 0.000000000000000000e+00 0.000000000000000000e+00 0.000000000000000000e+00
0.000000000000000000e+00 0.000000000000000000e+00 0.000000000000000000e+00 0.000000000000000000e+00 0.000000000000000000e+00 0.000000000000000000e+00 0.000000000000000000e+00 0.000000000000000000e+00 0.000000000000000000e+00 0.000000000000000000e+00 0.000000000000000000e+00 0.000000000000000000e+00 0.000000000000000000e+00 0.000000000000000000e+00 0.000000000000000000e+00 0.000000000000000000e+00 0.000000000000000000e+00 0.000000000000000000e+00 0.000000000000000000e+00 0.000000000000000000e+00
0.000000000000000000e+00 0.000000000000000000e+00 0.000000000000000000e+00 0.000000000000000000e+00 0.000000000000000000e+00 0.000000000000000000e+00 0.000000000000000000e+00 0.000000000000000000e+00 0.000000000000000000e+00 0.000000000000000000e+00 0.000000000000000000e+00 0.000000000000000000e+00 0.000000000000000000e+00 0.000000000000000000e+00 0.000000000000000000e+00 0.000000000000000000e+00 0.000000000000000000e+00 0.000000000000000000e+00 0.000000000000000000e+00 0.000000000000000000e+00
0.000000000000000000e+00 0.000000000000000000e+00 0.000000000000000000e+00 0.000000000000000000e+00 0.000000000000000000e+00 0.000000000000000000e+00 0.000000000000000000e+00 0.000000000000000000e+00 0.000000000000000000e+00 0.000000000000000000e+00 0.000000000000000000e+00 0.000000000000000000e+00 0.000000000000000000e+00 0.000000000000000000e+00 0.000000000000000000e+00 0.000000000000000000e+00 0.000000000000000000e+00 0.000000000000000000e+00 0.000000000000000000e+00 0.000000000000000000e+00
0.000000000000000000e+00 0.000000000000000000e+00 0.000000000000000000e+00 0.000000000000000000e+00 0.000000000000000000e+00 0.000000000000000000e+00 0.000000000000000000e+00 0.000000000000000000e+00 0.000000000000000000e+00 0.000000000000000000e+00 0.000000000000000000e+00 0.000000000000000000e+00 0.000000000000000000e+00 0.000000000000000000e+00 0.000000000000000000e+00 0.000000000000000000e+00 0.000000000000000000e+00 0.000000000000000000e+00 0.000000000000000000e+00 0.000000000000000000e+00
0.000000000000000000e+00 0.000000000000000000e+00 0.000000000000000000e+00 0.000000000000000000e+00 0.000000000000000000e+00 0.000000000000000000e+00 0.000000000000000000e+00 0.000000000000000000e+00 0.000000000000000000e+00 0.000000000000000000e+00 0.000000000000000000e+00 0.000000000000000000e+00 0.000000000000000000e+00 0.000000000000000000e+00 0.000000000000000000e+00 0.000000000000000000e+00 0.000000000000000000e+00 0.000000000000000000e+00 0.000000000000000000e+00 0.000000000000000000e+00
