2.060056232022106880e+06 1.236927820552607300e+06 8.056910552439374151e+05 6.165613397976612905e+05 4.206116357124335482e+05 2.787489147076210356e+05 1.877492399209610012e+05 1.187723932441116340e+05 7.483613381687832589e+04 3.695260812518841703e+04 1.238552740039959463e+04 5.402786384634905517e+03 8.875782405802551693e+02 1.545962694103735373e+02
1.236927820552607300e+06 1.104244895722823450e+06 6.012401172575968085e+05 4.395467181277129566e+05 3.021221666269917041e+05 2.042469482523949409e+05 1.351585060434367042e+05 8.496925660642253933e+04 5.241471001159588195e+04 2.670017200393071471e+04 9.949535873692449968e+03 4.718842804226725093e+03 1.015424149251044355e+03 1.253153255385708320e+02
8.056910552439374151e+05 6.012401172575968085e+05 5.388083943703901023e+05 2.962417870004320866e+05 1.985541971897484618e+05 1.314115453412529023e+05 9.044847752330933872e+04 5.742763445715462876e+04 3.471853233167860890e+04 1.582477523824596938e+04 5.933006300879734226e+03 2.389557418439052071e+03 5.021038080688339278e+02 1.297228409330185457e+02
6.165613397976612905e+05 4.395467181277129566e+05 2.962417870004320866e+05 3.227817751513528638e+05 1.498963380859493918e+05 1.056413075306909741e+05 6.836945795630862995e+04 4.247715662721043918e+04 2.808426029042152368e+04 1.314329254829016099e+04 4.853321441196639171e+03 1.901219582288072615e+03 5.308871543656713357e+02 1.546447671270798594e+02
4.206116357124335482e+05 3.021221666269917041e+05 1.985541971897484618e+05 1.498963380859493918e+05 1.550635839974005066e+05 7.206209156137862010e+04 4.511419533361283538e+04 2.833130019591778910e+04 1.723086547039650759e+04 8.779296491304488882e+03 2.787260412910364266e+03 1.401388473377941864e+03 3.229216479882013573e+02 6.162826526300124641e+01
2.787489147076210356e+05 2.042469482523949409e+05 1.314115453412529023e+05 1.056413075306909741e+05 7.206209156137862010e+04 7.873616623902998981e+04 3.227312685743072507e+04 1.961970092880248922e+04 1.193257906258440016e+04 5.939360500185202909e+03 2.346914754507692123e+03 9.419121454118908332e+02 2.195949346926768726e+02 4.604247531208704203e+01
1.877492399209610012e+05 1.351585060434367042e+05 9.044847752330933872e+04 6.836945795630862995e+04 4.511419533361283538e+04 3.227312685743072507e+04 3.876783327255619952e+04 1.319117449760974159e+04 8.676514929277791452e+03 3.714255834308421072e+03 1.258787809685450156e+03 6.167056773706034392e+02 1.452945253014028708e+02 2.336716212532862968e+01
1.187723932441116340e+05 8.496925660642253933e+04 5.742763445715462876e+04 4.247715662721043918e+04 2.833130019591778910e+04 1.961970092880248922e+04 1.319117449760974159e+04 1.792790775314577695e+04 5.576103481318165905e+03 3.043082161046166220e+03 9.310533009474883102e+02 3.385516537108476314e+02 8.008368730186320761e+01 1.620050216214272609e+01
7.483613381687832589e+04 5.241471001159588195e+04 3.471853233167860890e+04 2.808426029042152368e+04 1.723086547039650759e+04 1.193257906258440016e+04 8.676514929277791452e+03 5.576103481318165905e+03 8.100178941296761877e+03 1.770271760787171843e+03 6.904687801298894101e+02 2.836626649548149430e+02 7.745861294348947013e+01 2.286769865897656118e+01
3.695260812518841703e+04 2.670017200393071471e+04 1.582477523824596938e+04 1.314329254829016099e+04 8.779296491304488882e+03 5.939360500185202909e+03 3.714255834308421072e+03 3.043082161046166220e+03 1.770271760787171843e+03 3.031699727973762947e+03 3.495203049802176452e+02 1.945191201332063997e+02 6.481251336969582155e+01 -2.317202469205281723e+00
1.238552740039959463e+04 9.949535873692449968e+03 5.933006300879734226e+03 4.853321441196639171e+03 2.787260412910364266e+03 2.346914754507692123e+03 1.258787809685450156e+03 9.310533009474883102e+02 6.904687801298894101e+02 3.495203049802176452e+02 8.085057172816325419e+02 4.710706809273875706e+01 1.655399865372924140e+01 6.111621508933080094e+00
5.402786384634905517e+03 4.718842804226725093e+03 2.389557418439052071e+03 1.901219582288072615e+03 1.401388473377941864e+03 9.419121454118908332e+02 6.167056773706034392e+02 3.385516537108476314e+02 2.836626649548149430e+02 1.945191201332063997e+02 4.710706809273875706e+01 2.354250664587982271e+02 6.314825323160347281e+00 -6.087871710609146780e-02
8.875782405802551693e+02 1.015424149251044355e+03 5.021038080688339278e+02 5.308871543656713357e+02 3.229216479882013573e+02 2.195949346926768726e+02 1.452945253014028708e+02 8.008368730186320761e+01 7.745861294348947013e+01 6.481251336969582155e+01 1.655399865372924140e+01 6.314825323160347281e+00 4.362380352245303072e+01 5.831188677604672854e-01
1.545962694103735373e+02 1.253153255385708320e+02 1.297228409330185457e+02 1.546447671270798594e+02 6.162826526300124641e+01 4.604247531208704203e+01 2.336716212532862968e+01 1.620050216214272609e+01 2.286769865897656118e+01 -2.317202469205281723e+00 6.111621508933080094e+00 -6.087871710609146780e-02 5.831188677604672854e-01 4.976248295763986640e+00
