1.553286520072979387e+06 8.331511112778530223e+05 5.674750208830005722e+05 3.404029257853659801e+05 2.074892642108389700e+05 1.207091475292988762e+05 5.874648090348842379e+04 1.897326459380887900e+04 7.990439987591786121e+03 2.688856369269383322e+03 8.271929105664123938e+01 6.184093964101485597e+01
8.331511112778530223e+05 6.619686570440004580e+05 3.637322109519851510e+05 2.202307212977865420e+05 1.374228541097753914e+05 7.630869992072084278e+04 3.576897674258204643e+04 1.223980410614188622e+04 4.800938476798109150e+03 1.830840047334309247e+03 -1.035682308205712587e+01 1.602738960098166388e+01
5.674750208830005722e+05 3.637322109519851510e+05 3.290657652812110609e+05 1.462782849024014431e+05 9.435660727402153134e+04 5.498545805201107578e+04 2.428341288521423121e+04 9.064337835715843539e+03 2.885377185289489717e+03 8.137498247938463010e+02 8.320948525778996441e+01 -5.705860501453181577e-01
3.404029257853659801e+05 2.202307212977865420e+05 1.462782849024014431e+05 1.391929394878308522e+05 5.878138665216746449e+04 3.073788816678863805e+04 1.544664672699730545e+04 5.798264069148249291e+03 1.910667192604219736e+03 6.966522340218009504e+02 1.068427280839556381e+01 2.171168155759193752e+01
2.074892642108389700e+05 1.374228541097753914e+05 9.435660727402153134e+04 5.878138665216746449e+04 5.653361094665085693e+04 1.971832056402952003e+04 9.964620662452074612e+03 3.295132478812599402e+03 8.728280299171764227e+02 3.492300351178188293e+02 -1.219603172477420339e+00 7.568598465843057177e-01
1.207091475292988762e+05 7.630869992072084278e+04 5.498545805201107578e+04 3.073788816678863805e+04 1.971832056402952003e+04 2.248988838124726317e+04 5.655186185714680505e+03 1.793510778527930825e+03 6.013075011201497091e+02 2.071168538723368329e+02 2.906851612853727573e+01 4.411747810401949743e-01
5.874648090348842379e+04 3.576897674258204643e+04 2.428341288521423121e+04 1.544664672699730545e+04 9.964620662452074612e+03 5.655186185714680505e+03 7.536378981392315836e+03 1.034333293760422293e+03 4.109474458201398193e+02 7.176443104920828375e+01 1.123917264409910466e+01 1.333328227142206446e-01
1.897326459380887900e+04 1.223980410614188622e+04 9.064337835715843539e+03 5.798264069148249291e+03 3.295132478812599402e+03 1.793510778527930825e+03 1.034333293760422293e+03 1.993208052971637017e+03 1.447994454678094769e+02 3.076850961814768937e+01 1.023525492013787952e+00 -8.901926692988226808e-01
7.990439987591786121e+03 4.800938476798109150e+03 2.885377185289489717e+03 1.910667192604219736e+03 8.728280299171764227e+02 6.013075011201497091e+02 4.109474458201398193e+02 1.447994454678094769e+02 4.248768042401794673e+02 2.225873828608198224e+01 6.039192558239158126e-01 -7.137227568828162783e-01
2.688856369269383322e+03 1.830840047334309247e+03 8.137498247938463010e+02 6.966522340218009504e+02 3.492300351178188293e+02 2.071168538723368329e+02 7.176443104920828375e+01 3.076850961814768937e+01 2.225873828608198224e+01 9.310552579072535195e+01 -6.548994527441300839e-01 8.196047043324745651e-01
8.271929105664123938e+01 -1.035682308205712587e+01 8.320948525778996441e+01 1.068427280839556381e+01 -1.219603172477420339e+00 2.906851612853727573e+01 1.123917264409910466e+01 1.023525492013787952e+00 6.039192558239158126e-01 -6.548994527441300839e-01 8.876436594528975377e+00 -1.764699124160831398e-02
6.184093964101485597e+01 1.602738960098166388e+01 -5.705860501453181577e-01 2.171168155759193752e+01 7.568598465843057177e-01 4.411747810401949743e-01 1.333328227142206446e-01 -8.901926692988226808e-01 -7.137227568828162783e-01 8.196047043324745651e-01 -1.764699124160831398e-02 1.001956947162428113e+00
