1.967881498983164784e+06 1.181526541825501248e+06 7.702974108095217962e+05 5.818785872909354512e+05 4.062698245181161910e+05 2.542298812887448294e+05 1.738217029499714263e+05 1.097228660735809972e+05 6.147080772515129502e+04 2.893568526468468190e+04 1.040863464830437806e+04 3.183548592414639643e+03 9.770001799932738322e+02 -6.072917919279291254e+01
1.181526541825501248e+06 1.069085111653382657e+06 5.709729035658059875e+05 4.163264918869379908e+05 2.911399458182377857e+05 1.781892038710131310e+05 1.249297490129138896e+05 7.962526957234686415e+04 4.098572147012489586e+04 1.937293365145024654e+04 7.531786842115811851e+03 2.319457783939531510e+03 6.964522347878007622e+02 -2.791165781380662025e+01
7.702974108095217962e+05 5.709729035658059875e+05 5.146619349037127104e+05 2.776533994278456084e+05 1.951155821860252763e+05 1.196743338452249591e+05 8.342907657369153458e+04 5.455900674399680429e+04 2.859000815713677730e+04 1.290366823043672775e+04 4.774946419475781113e+03 1.392935842004241749e+03 5.790095472979794522e+02 -3.450967176136634507e-01
5.818785872909354512e+05 4.163264918869379908e+05 2.776533994278456084e+05 2.958778629677440622e+05 1.404658228484083666e+05 9.196421251450429554e+04 6.048692129702204693e+04 3.776201224719471065e+04 2.188953185687832593e+04 9.440167768965258801e+03 3.804424646045203644e+03 9.111808242156022288e+02 5.520920033241218334e+02 2.338030261832604140e+01
4.062698245181161910e+05 2.911399458182377857e+05 1.951155821860252763e+05 1.404658228484083666e+05 1.455470484870915534e+05 6.452266662581479613e+04 4.299443926761709736e+04 2.633117955277288638e+04 1.450104642675175637e+04 6.517806411586710965e+03 2.186089667242274118e+03 8.555575078220199430e+02 3.319987285587812949e+02 -1.578229250041123599e+01
2.542298812887448294e+05 1.781892038710131310e+05 1.196743338452249591e+05 9.196421251450429554e+04 6.452266662581479613e+04 6.828773063828496379e+04 2.770543115260660124e+04 1.826838886186791933e+04 9.667139448761054155e+03 3.994831759988591330e+03 1.900031939215841021e+03 4.431669302737016096e+02 2.554029434629871957e+02 -3.705868160737543882e+00
1.738217029499714263e+05 1.249297490129138896e+05 8.342907657369153458e+04 6.048692129702204693e+04 4.299443926761709736e+04 2.770543115260660124e+04 3.488563894899137085e+04 1.168720230084846844e+04 6.571080717368346995e+03 2.821322528636062088e+03 1.070490018037567552e+03 2.866185101925876211e+02 1.453170905442268293e+02 -8.878397371333319299e+00
1.097228660735809972e+05 7.962526957234686415e+04 5.455900674399680429e+04 3.776201224719471065e+04 2.633117955277288638e+04 1.826838886186791933e+04 1.168720230084846844e+04 1.627748864319513996e+04 4.425469326480644668e+03 2.176089705538719954e+03 7.930048062009147998e+02 1.350583063024382966e+02 7.119972732947357486e+01 -3.056851038407394139e+00
6.147080772515129502e+04 4.098572147012489586e+04 2.859000815713677730e+04 2.188953185687832593e+04 1.450104642675175637e+04 9.667139448761054155e+03 6.571080717368346995e+03 4.425469326480644668e+03 6.237144741326701478e+03 1.259328510537238799e+03 3.970886753650430023e+02 2.005953102201650893e+02 5.167039035542877912e+01 5.290175818873064983e+00
2.893568526468468190e+04 1.937293365145024654e+04 1.290366823043672775e+04 9.440167768965258801e+03 6.517806411586710965e+03 3.994831759988591330e+03 2.821322528636062088e+03 2.176089705538719954e+03 1.259328510537238799e+03 2.051247046388408307e+03 3.078184290041673989e+02 5.565468882242279847e+01 4.558413915387879456e+01 -1.196073850820098761e+00
1.040863464830437806e+04 7.531786842115811851e+03 4.774946419475781113e+03 3.804424646045203644e+03 2.186089667242274118e+03 1.900031939215841021e+03 1.070490018037567552e+03 7.930048062009147998e+02 3.970886753650430023e+02 3.078184290041673989e+02 6.424995002316660475e+02 -7.592127787500498215e+00 8.941142229081401993e+00 -3.921553609248243366e-03
3.183548592414639643e+03 2.319457783939531510e+03 1.392935842004241749e+03 9.111808242156022288e+02 8.555575078220199430e+02 4.431669302737016096e+02 2.866185101925876211e+02 1.350583063024382966e+02 2.005953102201650893e+02 5.565468882242279847e+01 -7.592127787500498215e+00 1.621327124206785584e+02 4.266650326859960707e+00 -2.823518598657327461e-01
9.770001799932738322e+02 6.964522347878007622e+02 5.790095472979794522e+02 5.520920033241218334e+02 3.319987285587812949e+02 2.554029434629871957e+02 1.453170905442268293e+02 7.119972732947357486e+01 5.167039035542877912e+01 4.558413915387879456e+01 8.941142229081401993e+00 4.266650326859960707e+00 2.296461793574625432e+01 -4.705864331095545305e-02
-6.072917919279291254e+01 -2.791165781380662025e+01 -3.450967176136634507e-01 2.338030261832604140e+01 -1.578229250041123599e+01 -3.705868160737543882e+00 -8.878397371333319299e+00 -3.056851038407394139e+00 5.290175818873064983e+00 -1.196073850820098761e+00 -3.921553609248243366e-03 -2.823518598657327461e-01 -4.705864331095545305e-02 1.001956947162427225e+00
