1.505927969465196831e+06 7.767199585245950148e+05 5.150799771139147342e+05 2.864804314772667713e+05 1.764560352531482640e+05 9.516608723369792278e+04 4.016346369350876921e+04 1.367982235978276003e+04 4.500004830391926589e+03 1.347862437895854782e+03 4.843258129511102794e+01
7.767199585245950148e+05 6.060341359007633291e+05 3.146616786498884903e+05 1.796872039212290838e+05 1.059630270406994387e+05 5.818424945488312369e+04 2.499024222823997479e+04 7.732763796650932818e+03 2.712118031711024742e+03 8.538060955796781855e+02 3.535531851198367548e+01
5.150799771139147342e+05 3.146616786498884903e+05 2.835265461453462485e+05 1.222074995712638047e+05 7.368040655194512510e+04 3.986532277076839819e+04 1.566667751507385947e+04 5.301171583425058088e+03 1.495256955554784781e+03 4.472812931877181200e+02 4.107897313340419032e+01
2.864804314772667713e+05 1.796872039212290838e+05 1.222074995712638047e+05 1.076575462778970686e+05 4.241344007262462401e+04 2.187576768943848947e+04 9.850445761391647466e+03 3.519061400102593325e+03 8.303423441986255966e+02 3.016881874842129037e+02 4.694168581734752621e+01
1.764560352531482640e+05 1.059630270406994387e+05 7.368040655194512510e+04 4.241344007262462401e+04 4.039074526147285360e+04 1.399390380530315269e+04 6.230411707412519718e+03 1.758523678129594600e+03 4.400017405028564781e+02 1.448399351754690940e+02 -2.936028058637624483e+01
9.516608723369792278e+04 5.818424945488312369e+04 3.986532277076839819e+04 2.187576768943848947e+04 1.399390380530315269e+04 1.550388906375751503e+04 3.399614917979959955e+03 1.223409046343960654e+03 3.038044652050124910e+02 5.874472043752899708e+01 1.039764752771532841e+01
4.016346369350876921e+04 2.499024222823997479e+04 1.566667751507385947e+04 9.850445761391647466e+03 6.230411707412519718e+03 3.399614917979959955e+03 4.989927310657841190e+03 5.599085934419691739e+02 1.324144066982742345e+02 2.785291327110064330e+01 5.999765112402164924e+00
1.367982235978276003e+04 7.732763796650932818e+03 5.301171583425058088e+03 3.519061400102593325e+03 1.758523678129594600e+03 1.223409046343960654e+03 5.599085934419691739e+02 1.074849530468319472e+03 5.013952490945109020e+01 6.866824042168040876e+00 1.761291961251126414e+00
4.500004830391926589e+03 2.712118031711024742e+03 1.495256955554784781e+03 8.303423441986255966e+02 4.400017405028564781e+02 3.038044652050124910e+02 1.324144066982742345e+02 5.013952490945109020e+01 2.188387952220430748e+02 3.410839802343618832e+00 -4.055054695153678113e-01
1.347862437895854782e+03 8.538060955796781855e+02 4.472812931877181200e+02 3.016881874842129037e+02 1.448399351754690940e+02 5.874472043752899708e+01 2.785291327110064330e+01 6.866824042168040876e+00 3.410839802343618832e+00 4.254487833270702168e+01 1.495207986339623707e+00
4.843258129511102794e+01 3.535531851198367548e+01 4.107897313340419032e+01 4.694168581734752621e+01 -2.936028058637624483e+01 1.039764752771532841e+01 5.999765112402164924e+00 1.761291961251126414e+00 -4.055054695153678113e-01 1.495207986339623707e+00 5.970433211524998285e+00
