1.838758869949082378e+06 1.065833828026076779e+06 7.299843455868632300e+05 5.059312644176197937e+05 3.298687327943525743e+05 2.007207724847835489e+05 1.296713759521346219e+05 7.075069571577693569e+04 3.148549314685422360e+04 1.460418132589837842e+04 3.855369548982725973e+03 5.493724058962272920e+02 -4.781746393432071329e+01
1.065833828026076779e+06 9.063006468266330194e+05 5.057320632197362138e+05 3.482703250676926691e+05 2.226665433419741748e+05 1.327825895274664217e+05 9.120775658794233459e+04 4.721078782633481023e+04 2.177109701632604992e+04 8.745115528816386359e+03 2.591919485602441455e+03 2.813518636953614873e+02 8.443104920716129058e+00
7.299843455868632300e+05 5.057320632197362138e+05 4.631554890184747055e+05 2.448944150795851892e+05 1.591655629995198979e+05 9.978527275860543887e+04 6.324095388727472164e+04 3.322060610980951606e+04 1.432399612440161582e+04 5.989651571493481242e+03 2.062337199995346054e+03 2.673676035247950722e+02 -1.275681389087781170e+01
5.059312644176197937e+05 3.482703250676926691e+05 2.448944150795851892e+05 2.322565517135602131e+05 1.118069875038711616e+05 6.582539104859381041e+04 4.418729156214684190e+04 2.388567127117193741e+04 1.141599745711717514e+04 4.220962266535290837e+03 1.345253671669417599e+03 1.486249210136255101e+02 -1.822934195258084245e+01
3.298687327943525743e+05 2.226665433419741748e+05 1.591655629995198979e+05 1.118069875038711616e+05 1.118332266190706287e+05 4.522774051876306476e+04 3.045030299362957521e+04 1.594186443832472469e+04 6.733687937775746832e+03 3.042839327361542018e+03 6.539661229851109283e+02 1.543641147207572430e+02 -4.788216956889582043e+00
2.007207724847835489e+05 1.327825895274664217e+05 9.978527275860543887e+04 6.582539104859381041e+04 4.522774051876306476e+04 5.040990106502488197e+04 1.930509077400866227e+04 9.507473393560812838e+03 4.537900268457933635e+03 1.892569222697524765e+03 4.836138341994758321e+02 1.238387414263908681e+02 -4.274493434075982146e-01
1.296713759521346219e+05 9.120775658794233459e+04 6.324095388727472164e+04 4.418729156214684190e+04 3.045030299362957521e+04 1.930509077400866227e+04 2.277118926474569889e+04 6.657090191903041159e+03 3.095939124007541068e+03 9.943354077228191272e+02 2.764969803271201272e+02 2.490382619551785481e+01 7.254874177105441468e-02
7.075069571577693569e+04 4.721078782633481023e+04 3.322060610980951606e+04 2.388567127117193741e+04 1.594186443832472469e+04 9.507473393560812838e+03 6.657090191903041159e+03 8.215511674663892336e+03 1.785548063924341022e+03 7.691088192829938635e+02 2.318618571466833487e+02 3.313516722132536074e+01 -2.770577624932433203e+00
3.148549314685422360e+04 2.177109701632604992e+04 1.432399612440161582e+04 1.141599745711717514e+04 6.733687937775746832e+03 4.537900268457933635e+03 3.095939124007541068e+03 1.785548063924341022e+03 2.789775590626540179e+03 3.889416477418513978e+02 7.652911868444269317e+01 8.182321605692095545e+00 -8.372516955740881839e-01
1.460418132589837842e+04 8.745115528816386359e+03 5.989651571493481242e+03 4.220962266535290837e+03 3.042839327361542018e+03 1.892569222697524765e+03 9.943354077228191272e+02 7.691088192829938635e+02 3.889416477418513978e+02 8.395399221050694223e+02 1.796463708395707926e+01 1.292151914246577604e+00 -1.233328610107937262e+00
3.855369548982725973e+03 2.591919485602441455e+03 2.062337199995346054e+03 1.345253671669417599e+03 6.539661229851109283e+02 4.836138341994758321e+02 2.764969803271201272e+02 2.318618571466833487e+02 7.652911868444269317e+01 1.796463708395707926e+01 1.699052316742046571e+02 -1.721562034459121371e+00 -3.098027351304569188e-01
5.493724058962272920e+02 2.813518636953614873e+02 2.673676035247950722e+02 1.486249210136255101e+02 1.543641147207572430e+02 1.238387414263908681e+02 2.490382619551785481e+01 3.313516722132536074e+01 8.182321605692095545e+00 1.292151914246577604e+00 -1.721562034459121371e+00 2.387245759628677533e+01 -4.901942011557859635e-02
-4.781746393432071329e+01 8.443104920716129058e+00 -1.275681389087781170e+01 -1.822934195258084245e+01 -4.788216956889582043e+00 -4.274493434075982146e-01 7.254874177105441468e-02 -2.770577624932433203e+00 -8.372516955740881839e-01 -1.233328610107937262e+00 -3.098027351304569188e-01 -4.901942011557859635e-02 1.001956947162427891e+00
