1.919125948127744254e+06 1.104905415532089537e+06 7.532820640493277460e+05 5.204308532672743313e+05 3.385951293432869134e+05 2.057258785969750024e+05 1.327699337040709215e+05 7.239155331974665751e+04 3.220024554924969198e+04 1.493091151492499375e+04 3.940713835462834595e+03 5.614460105764037507e+02 -4.886235220839833460e+01
1.104905415532089537e+06 9.331786575161233777e+05 5.183480559280236484e+05 3.558319120674646692e+05 2.270133654431126488e+05 1.351744606757336587e+05 9.275648832327623677e+04 4.797945758308894438e+04 2.211494696258909971e+04 8.880380240273583695e+03 2.631402590593777404e+03 2.855931984506526646e+02 8.569331083797536053e+00
7.532820640493277460e+05 5.183480559280236484e+05 4.725374992638126714e+05 2.490667660511527502e+05 1.615303177689905569e+05 1.011179922887230205e+05 6.402055199355658260e+04 3.360702861789558665e+04 1.448365801062111132e+04 6.054468832769184701e+03 2.084173859968691886e+03 2.701564402701185372e+02 -1.288829398122193659e+01
5.204308532672743313e+05 3.558319120674646692e+05 2.490667660511527502e+05 2.354682262127017020e+05 1.131100830823369615e+05 6.649406363106239587e+04 4.459085734251439862e+04 2.408726288624589142e+04 1.150682127933646370e+04 4.253176403937583927e+03 1.355207800342373957e+03 1.497013153188709111e+02 -1.835911082101304714e+01
3.385951293432869134e+05 2.270133654431126488e+05 1.615303177689905569e+05 1.131100830823369615e+05 1.128941056590168009e+05 4.558924034116598341e+04 3.066253770620828800e+04 1.604194969537008546e+04 6.772710734477112965e+03 3.059489616085369562e+03 6.573928782156002626e+02 1.551487792468313103e+02 -4.811965543268819978e+00
2.057258785969750024e+05 1.351744606757336587e+05 1.011179922887230205e+05 6.649406363106239587e+04 4.558924034116598341e+04 5.073765141626299737e+04 1.941088678350322516e+04 9.553009479070207817e+03 4.557446087322466155e+03 1.900110192970594653e+03 4.854287685010220912e+02 1.242841073550913080e+02 -4.289339229088059979e-01
1.327699337040709215e+05 9.275648832327623677e+04 6.402055199355658260e+04 4.459085734251439862e+04 3.066253770620828800e+04 1.941088678350322516e+04 2.287274323121365524e+04 6.682185752268267606e+03 3.106118487579062275e+03 9.972841856283495190e+02 2.772529660442568229e+02 2.496802311424870524e+01 7.272682665520262268e-02
7.239155331974665751e+04 4.797945758308894438e+04 3.360702861789558665e+04 2.408726288624589142e+04 1.604194969537008546e+04 9.553009479070207817e+03 6.682185752268267606e+03 8.240817221601768324e+03 1.790188292860820184e+03 7.708597689478522170e+02 2.323360918982491228e+02 3.319776215591696911e+01 -2.775470638686958758e+00
3.220024554924969198e+04 2.211494696258909971e+04 1.448365801062111132e+04 1.150682127933646370e+04 6.772710734477112965e+03 4.557446087322466155e+03 3.106118487579062275e+03 1.790188292860820184e+03 2.795683095914772821e+03 3.896400063707103527e+02 7.664883964702822539e+01 8.193843990485273565e+00 -8.383277716219457165e-01
1.493091151492499375e+04 8.880380240273583695e+03 6.054468832769184701e+03 4.253176403937583927e+03 3.059489616085369562e+03 1.900110192970594653e+03 9.972841856283495190e+02 7.708597689478522170e+02 3.896400063707103527e+02 8.407770842746019753e+02 1.798695890374553841e+01 1.293555724599289913e+00 -1.234516916598326519e+00
3.940713835462834595e+03 2.631402590593777404e+03 2.084173859968691886e+03 1.355207800342373957e+03 6.573928782156002626e+02 4.854287685010220912e+02 2.772529660442568229e+02 2.323360918982491228e+02 7.664883964702822539e+01 1.798695890374553841e+01 1.700770939600370184e+02 -1.723034701839702310e+00 -3.100296768252018276e-01
5.614460105764037507e+02 2.855931984506526646e+02 2.701564402701185372e+02 1.497013153188709111e+02 1.551487792468313103e+02 1.242841073550913080e+02 2.496802311424870524e+01 3.319776215591696911e+01 8.193843990485273565e+00 1.293555724599289913e+00 -1.723034701839702310e+00 2.388915294374541531e+01 -4.904767913606701557e-02
-4.886235220839833460e+01 8.569331083797536053e+00 -1.288829398122193659e+01 -1.835911082101304714e+01 -4.811965543268819978e+00 -4.289339229088059979e-01 7.272682665520262268e-02 -2.775470638686958758e+00 -8.383277716219457165e-01 -1.234516916598326519e+00 -3.100296768252018276e-01 -4.904767913606701557e-02 1.002411466391083028e+00
