1.763620996137182228e+06 9.678527633919385262e+05 6.566080713975289837e+05 4.093151499563501566e+05 2.555334677823043894e+05 1.549282176582470711e+05 8.378292543012327224e+04 3.718248483076404955e+04 1.269889553770865859e+04 4.912202514152304502e+03 5.383151850000422201e+02 9.231177133245073207e+01
9.678527633919385262e+05 8.303686308873827802e+05 4.433513668365651392e+05 2.812419315293617547e+05 1.750438735168185667e+05 1.033212661419270153e+05 5.040829308817083802e+04 2.323483283238802323e+04 7.688525515641111269e+03 2.896323140754839187e+03 4.037743030137484084e+02 6.302498661066856300e+01
6.566080713975289837e+05 4.433513668365651392e+05 3.891988771785333520e+05 1.870652431451527227e+05 1.231424814050120476e+05 7.175157758427470981e+04 3.792655609735599137e+04 1.565423901841453517e+04 5.886564476564515644e+03 2.103371278599090147e+03 1.873368928761637449e+02 8.991412866973742268e+01
4.093151499563501566e+05 2.812419315293617547e+05 1.870652431451527227e+05 1.731960802799983940e+05 7.712041015107999556e+04 4.491728610492176085e+04 2.370511549443848344e+04 1.009335697554033686e+04 3.299362424864455534e+03 1.304064643929172234e+03 1.745646416216999910e+02 1.053197984275641730e+01
2.555334677823043894e+05 1.750438735168185667e+05 1.231424814050120476e+05 7.712041015107999556e+04 7.680627157399777207e+04 3.016733780584078340e+04 1.597080236356229034e+04 6.794663565121926695e+03 2.194200569530804387e+03 8.271953702546757086e+02 6.369939331277141292e+01 8.253844278198174678e+00
1.549282176582470711e+05 1.033212661419270153e+05 7.175157758427470981e+04 4.491728610492176085e+04 3.016733780584078340e+04 3.045434218489567502e+04 8.765498353092938487e+03 3.950844484403368824e+03 1.058075835850179374e+03 5.652377989109057808e+02 2.178194520896877151e+01 1.156395562355339379e+01
8.378292543012327224e+04 5.040829308817083802e+04 3.792655609735599137e+04 2.370511549443848344e+04 1.597080236356229034e+04 8.765498353092938487e+03 1.127723210092271256e+04 2.309718471141789450e+03 7.675687468133194216e+02 2.030660344125356858e+02 -7.335814444596603145e+00 2.318373410665396595e+00
3.718248483076404955e+04 2.323483283238802323e+04 1.565423901841453517e+04 1.009335697554033686e+04 6.794663565121926695e+03 3.950844484403368824e+03 2.309718471141789450e+03 3.580754647878565265e+03 4.379441957011812292e+02 7.598759341527144784e+01 5.106009133665718736e+01 4.972352230889157454e+00
1.269889553770865859e+04 7.688525515641111269e+03 5.886564476564515644e+03 3.299362424864455534e+03 2.194200569530804387e+03 1.058075835850179374e+03 7.675687468133194216e+02 4.379441957011812292e+02 8.962540331355774015e+02 5.358326345642337429e+01 -4.294623423391029426e+00 -2.105352341837927188e+00
4.912202514152304502e+03 2.896323140754839187e+03 2.103371278599090147e+03 1.304064643929172234e+03 8.271953702546757086e+02 5.652377989109057808e+02 2.030660344125356858e+02 7.598759341527144784e+01 5.358326345642337429e+01 1.680021163046486095e+02 -3.835619802718260196e+00 1.057922574161512141e+00
5.383151850000422201e+02 4.037743030137484084e+02 1.873368928761637449e+02 1.745646416216999910e+02 6.369939331277141292e+01 2.178194520896877151e+01 -7.335814444596603145e+00 5.106009133665718736e+01 -4.294623423391029426e+00 -3.835619802718260196e+00 3.132958575357120878e+01 -1.827915860518573021e-01
9.231177133245073207e+01 6.302498661066856300e+01 8.991412866973742268e+01 1.053197984275641730e+01 8.253844278198174678e+00 1.156395562355339379e+01 2.318373410665396595e+00 4.972352230889157454e+00 -2.105352341837927188e+00 1.057922574161512141e+00 -1.827915860518573021e-01 3.000426257943233477e+00
