1.937207607464218047e+06 1.115289273824609816e+06 7.600640851428222377e+05 5.248289526039722841e+05 3.412600231474814937e+05 2.072312700851266272e+05 1.336760630924763973e+05 7.285551803930556343e+04 3.239527429587570441e+04 1.501715803295286605e+04 3.962547715764189888e+03 5.644529812671455602e+02 -4.911580405560231100e+01
1.115289273824609816e+06 9.419263704031176167e+05 5.230025346705987467e+05 3.588305237468398409e+05 2.287946533493256720e+05 1.361603764038671507e+05 9.338732624084920099e+04 4.828582141956881969e+04 2.224836572849174263e+04 8.931465521289841490e+03 2.645919573213890544e+03 2.871159809263747889e+02 8.613577103669316060e+00
7.600640851428222377e+05 5.230025346705987467e+05 4.765942075540339574e+05 2.510674594483323162e+05 1.627341325075742789e+05 1.018156873216323729e+05 6.443075477785377007e+04 3.380839604839513777e+04 1.456534030841965796e+04 6.086916912542871614e+03 2.094852489343522393e+03 2.714907219887786596e+02 -1.294977487082767631e+01
5.248289526039722841e+05 3.588305237468398409e+05 2.510674594483323162e+05 2.372297348999512615e+05 1.138906554077761248e+05 6.691620440198207507e+04 4.485199780453988205e+04 2.421832311119441511e+04 1.156538001251806782e+04 4.273629677998776060e+03 1.361405686849264157e+03 1.503583144690362019e+02 -1.843658980010852488e+01
3.412600231474814937e+05 2.287946533493256720e+05 1.627341325075742789e+05 1.138906554077761248e+05 1.136077602244634181e+05 4.585225927809793211e+04 3.082435689773529157e+04 1.611995133054321195e+04 6.803259332822908618e+03 3.072433090693421946e+03 6.600192801530910174e+02 1.557399943899862080e+02 -4.829491634086519269e+00
2.072312700851266272e+05 1.361603764038671507e+05 1.018156873216323729e+05 6.691620440198207507e+04 4.585225927809793211e+04 5.100237474589540943e+04 1.950262002409771594e+04 9.594192729742850133e+03 4.575490863398384136e+03 1.907101868550299741e+03 4.871007425989212720e+02 1.246892586959110218e+02 -4.302599845640988629e-01
1.336760630924763973e+05 9.338732624084920099e+04 6.443075477785377007e+04 4.485199780453988205e+04 3.082435689773529157e+04 1.950262002409771594e+04 2.296959737551461876e+04 6.707710631499784540e+03 3.116891728198225792e+03 1.000464266334406830e+03 2.780718504929381538e+02 2.503716483077328547e+01 7.291598487604326884e-02
7.285551803930556343e+04 4.828582141956881969e+04 3.380839604839513777e+04 2.421832311119441511e+04 1.611995133054321195e+04 9.594192729742850133e+03 6.707710631499784540e+03 8.268880270908346574e+03 1.795655654546275855e+03 7.729985452920758462e+02 2.329260987711620885e+02 3.327594875499285365e+01 -2.781540529334554979e+00
3.239527429587570441e+04 2.224836572849174263e+04 1.456534030841965796e+04 1.156538001251806782e+04 6.803259332822908618e+03 4.575490863398384136e+03 3.116891728198225792e+03 1.795655654546275855e+03 2.803239526350072538e+03 3.905842806482190781e+02 7.681658226094353381e+01 8.210266445660884926e+00 -8.398670271307480117e-01
1.501715803295286605e+04 8.931465521289841490e+03 6.086916912542871614e+03 4.273629677998776060e+03 3.072433090693421946e+03 1.907101868550299741e+03 1.000464266334406830e+03 7.729985452920758462e+02 3.905842806482190781e+02 8.425797874530960598e+02 1.802129888844437033e+01 1.295787106332405347e+00 -1.236438941615288334e+00
3.962547715764189888e+03 2.645919573213890544e+03 2.094852489343522393e+03 1.361405686849264157e+03 6.600192801530910174e+02 4.871007425989212720e+02 2.780718504929381538e+02 2.329260987711620885e+02 7.681658226094353381e+01 1.802129888844437033e+01 1.703618512510746825e+02 -1.725602308185542277e+00 -3.104395703551970365e-01
5.644529812671455602e+02 2.871159809263747889e+02 2.714907219887786596e+02 1.503583144690362019e+02 1.557399943899862080e+02 1.246892586959110218e+02 2.503716483077328547e+01 3.327594875499285365e+01 8.210266445660884926e+00 1.295787106332405347e+00 -1.725602308185542277e+00 2.392035410357132008e+01 -4.910349818792794641e-02
-4.911580405560231100e+01 8.613577103669316060e+00 -1.294977487082767631e+01 -1.843658980010852488e+01 -4.829491634086519269e+00 -4.302599845640988629e-01 7.291598487604326884e-02 -2.781540529334554979e+00 -8.398670271307480117e-01 -1.236438941615288334e+00 -3.104395703551970365e-01 -4.910349818792794641e-02 1.003383867120396733e+00
