1.885869322455296991e+06 1.025804874943754403e+06 7.149082811718239682e+05 4.725757643490817281e+05 2.929934935203242349e+05 1.947388294146083354e+05 1.105604114872830396e+05 5.289287746714150126e+04 2.068999222614858445e+04 7.172156638711669984e+03 2.050319089369099402e+03 9.332641927430024964e+01 -4.851544440761126253e+01
1.025804874943754403e+06 8.808404399548846995e+05 4.730744402005037409e+05 3.188377395060099079e+05 1.988201548513052112e+05 1.296646688234343892e+05 7.373640420977656322e+04 3.338749938995317643e+04 1.409780560003063147e+04 3.668684383882639850e+03 1.367409192747770931e+03 5.125468966587200015e+01 -7.672288309910985760e+00
7.149082811718239682e+05 4.730744402005037409e+05 4.395934639778666315e+05 2.189696335267951945e+05 1.408216233526176075e+05 9.253675494832369441e+04 4.946038059474803595e+04 2.401026414496779034e+04 9.662572394422615616e+03 3.608795771486557896e+03 8.599294981899387267e+02 5.115942437676689991e+01 -2.906209438993457894e+01
4.725757643490817281e+05 3.188377395060099079e+05 2.189696335267951945e+05 2.058647209920868627e+05 9.288273071866667306e+04 6.197927742833016237e+04 3.292723388176444132e+04 1.527560043226159542e+04 6.760878411713944843e+03 2.115611492822457876e+03 4.387083536139588205e+02 6.808459146066661560e+01 9.003272006756866119e+00
2.929934935203242349e+05 1.988201548513052112e+05 1.408216233526176075e+05 9.288273071866667306e+04 9.378435761950552114e+04 3.979185218032546982e+04 2.443630712647612381e+04 9.817196480822574813e+03 4.268582553698220181e+03 1.253316003005995981e+03 4.256754301322998231e+02 3.099429586414509785e+01 -3.290890116288089917e-01
1.947388294146083354e+05 1.296646688234343892e+05 9.253675494832369441e+04 6.197927742833016237e+04 3.979185218032546982e+04 4.263084556149165292e+04 1.395574122218577759e+04 7.096509693035343844e+03 2.675152629818755486e+03 8.487931378105743079e+02 2.770310312308295693e+02 1.011275924739074483e+01 -5.751496878706654492e+00
1.105604114872830396e+05 7.373640420977656322e+04 4.946038059474803595e+04 3.292723388176444132e+04 2.443630712647612381e+04 1.395574122218577759e+04 1.605538511918147015e+04 4.241640545466979347e+03 1.329792789252940793e+03 4.799132335161783089e+02 1.387814573359151780e+02 -4.877288243244406907e+00 -2.653667157628197826e-01
5.289287746714150126e+04 3.338749938995317643e+04 2.401026414496779034e+04 1.527560043226159542e+04 9.817196480822574813e+03 7.096509693035343844e+03 4.241640545466979347e+03 5.503275255750205361e+03 8.955602962622504037e+02 2.723036608076820926e+02 7.656635009027007754e+01 -1.102082683553999187e+00 -2.025214392948097686e+00
2.068999222614858445e+04 1.409780560003063147e+04 9.662572394422615616e+03 6.760878411713944843e+03 4.268582553698220181e+03 2.675152629818755486e+03 1.329792789252940793e+03 8.955602962622504037e+02 1.600992167610058686e+03 1.189259919545311561e+02 4.402563362963538651e+01 6.782092635354890930e+00 -1.472528368058459325e+00
7.172156638711669984e+03 3.668684383882639850e+03 3.608795771486557896e+03 2.115611492822457876e+03 1.253316003005995981e+03 8.487931378105743079e+02 4.799132335161783089e+02 2.723036608076820926e+02 1.189259919545311561e+02 3.619386471990420659e+02 -1.633386273435033287e+00 6.281280493342775717e-01 -6.280716780980593050e-01
2.050319089369099402e+03 1.367409192747770931e+03 8.599294981899387267e+02 4.387083536139588205e+02 4.256754301322998231e+02 2.770310312308295693e+02 1.387814573359151780e+02 7.656635009027007754e+01 4.402563362963538651e+01 -1.633386273435033287e+00 6.506767471863703634e+01 1.118603420524047071e-01 -1.275485913303048835e-01
9.332641927430024964e+01 5.125468966587200015e+01 5.115942437676689991e+01 6.808459146066661560e+01 3.099429586414509785e+01 1.011275924739074483e+01 -4.877288243244406907e+00 -1.102082683553999187e+00 6.782092635354890930e+00 6.281280493342775717e-01 1.118603420524047071e-01 6.936227664054436026e+00 -1.373387163084764315e-02
-4.851544440761126253e+01 -7.672288309910985760e+00 -2.906209438993457894e+01 9.003272006756866119e+00 -3.290890116288089917e-01 -5.751496878706654492e+00 -2.653667157628197826e-01 -2.025214392948097686e+00 -1.472528368058459325e+00 -6.280716780980593050e-01 -1.275485913303048835e-01 -1.373387163084764315e-02 1.002482653355623032e+00
