2.053892171105443733e+06 1.224839220083337743e+06 7.948628874023621902e+05 5.985517687822101871e+05 4.170102649231232353e+05 2.605671605938403227e+05 1.779741661050062394e+05 1.122666324427428917e+05 6.286601975760907953e+04 2.958264776010919741e+04 1.063901690711624178e+04 3.253507190699143848e+03 9.983596693806182429e+02 -6.205379815347938433e+01
1.224839220083337743e+06 1.100790794706361135e+06 5.852025177740568761e+05 4.253635728667782387e+05 2.968184420748259872e+05 1.813975339778568596e+05 1.270503129695187090e+05 8.092102468671764655e+04 4.163288766856834991e+04 1.967231940124500034e+04 7.646499426579543979e+03 2.354418521797221274e+03 7.068717517103134469e+02 -2.832784223322369854e+01
7.948628874023621902e+05 5.852025177740568761e+05 5.250623953791804379e+05 2.823757666338894633e+05 1.980063956212689227e+05 1.212688306024297635e+05 8.445502369867703237e+04 5.519186795432370127e+04 2.890789105625254160e+04 1.304282129627438189e+04 4.825377803668980050e+03 1.407428970883320062e+03 5.849694623805044102e+02 -3.486316979629364154e-01
5.985517687822101871e+05 4.253635728667782387e+05 2.823757666338894633e+05 2.999662970934901969e+05 1.420998084786531981e+05 9.289719229370502580e+04 6.103867426576002617e+04 3.808020933864294784e+04 2.206348767837941341e+04 9.512039148987541921e+03 3.832545917612918402e+03 9.177734822367671086e+02 5.560252160748618735e+02 2.354570678612455836e+01
4.170102649231232353e+05 2.968184420748259872e+05 1.980063956212689227e+05 1.420998084786531981e+05 1.469227552428242634e+05 6.503675676423896221e+04 4.329310530342235870e+04 2.649581905077186093e+04 1.458477958321418555e+04 6.553272236517297642e+03 2.197501539820630114e+03 8.598901550554280675e+02 3.336432073981369513e+02 -1.585968392080404676e+01
2.605671605938403227e+05 1.813975339778568596e+05 1.212688306024297635e+05 9.289719229370502580e+04 6.503675676423896221e+04 6.873060316364637401e+04 2.785686685223386667e+04 1.835558325492363656e+04 9.708662795953654495e+03 4.010662834035142623e+03 1.907141975094747522e+03 4.447562114080767515e+02 2.562905965570748776e+02 -3.718564435144151581e+00
1.779741661050062394e+05 1.270503129695187090e+05 8.445502369867703237e+04 6.103867426576002617e+04 4.329310530342235870e+04 2.785686685223386667e+04 3.504079231631114089e+04 1.173109045503863672e+04 6.592621104869157534e+03 2.829634075648486032e+03 1.073407501135525990e+03 2.873550220173763137e+02 1.456744370410792442e+02 -8.899790956843274259e+00
1.122666324427428917e+05 8.092102468671764655e+04 5.519186795432370127e+04 3.808020933864294784e+04 2.649581905077186093e+04 1.835558325492363656e+04 1.173109045503863672e+04 1.632735400441099955e+04 4.436916294317406027e+03 2.180996258651375229e+03 7.946180198257616212e+02 1.353120402960044828e+02 7.132562253792958984e+01 -3.062105072724735422e+00
6.286601975760907953e+04 4.163288766856834991e+04 2.890789105625254160e+04 2.206348767837941341e+04 1.458477958321418555e+04 9.708662795953654495e+03 6.592621104869157534e+03 4.436916294317406027e+03 6.250305075129065699e+03 1.261567970484345551e+03 3.977073195966496542e+02 2.008766287890125568e+02 5.173714691095231188e+01 5.296749223469136680e+00
2.958264776010919741e+04 1.967231940124500034e+04 1.304282129627438189e+04 9.512039148987541921e+03 6.553272236517297642e+03 4.010662834035142623e+03 2.829634075648486032e+03 2.180996258651375229e+03 1.261567970484345551e+03 2.054214606410146189e+03 3.081959486338744227e+02 5.571429255751823462e+01 4.562792470491502428e+01 -1.197163664179711651e+00
1.063901690711624178e+04 7.646499426579543979e+03 4.825377803668980050e+03 3.832545917612918402e+03 2.197501539820630114e+03 1.907141975094747522e+03 1.073407501135525990e+03 7.946180198257616212e+02 3.977073195966496542e+02 3.081959486338744227e+02 6.431459899280843047e+02 -7.598586902252110420e+00 8.947762039582583427e+00 -3.924263413018753630e-03
3.253507190699143848e+03 2.354418521797221274e+03 1.407428970883320062e+03 9.177734822367671086e+02 8.598901550554280675e+02 4.447562114080767515e+02 2.873550220173763137e+02 1.353120402960044828e+02 2.008766287890125568e+02 5.571429255751823462e+01 -7.598586902252110420e+00 1.622454503039715803e+02 4.269146197790129271e+00 -2.825030891838609670e-01
9.983596693806182429e+02 7.068717517103134469e+02 5.849694623805044102e+02 5.560252160748618735e+02 3.336432073981369513e+02 2.562905965570748776e+02 1.456744370410792442e+02 7.132562253792958984e+01 5.173714691095231188e+01 4.562792470491502428e+01 8.947762039582583427e+00 4.269146197790129271e+00 2.297551724026699560e+01 -4.707865510574658213e-02
-6.205379815347938433e+01 -2.832784223322369854e+01 -3.486316979629364154e-01 2.354570678612455836e+01 -1.585968392080404676e+01 -3.718564435144151581e+00 -8.899790956843274259e+00 -3.062105072724735422e+00 5.296749223469136680e+00 -1.197163664179711651e+00 -3.924263413018753630e-03 -2.825030891838609670e-01 -4.707865510574658213e-02 1.002333576811942129e+00
