1.806894929231983377e+06 9.895026046622291906e+05 6.927973978040567599e+05 4.594025288812265499e+05 2.854393088261710946e+05 1.899998233462774660e+05 1.079790943202536728e+05 5.169369418775007944e+04 2.023068722929264914e+04 7.015251565366231262e+03 2.005911925888716496e+03 9.131925812180769242e+01 -4.747628877034586736e+01
9.895026046622291906e+05 8.554217887339855079e+05 4.615473736083967378e+05 3.120488147640360985e+05 1.950056041758448118e+05 1.273659024283858016e+05 7.250248116390376526e+04 3.285149575867057865e+04 1.387818606699614611e+04 3.612723419411166105e+03 1.346851704765198747e+03 5.049196349584563848e+01 -7.558794581828754744e+00
6.927973978040567599e+05 4.615473736083967378e+05 4.308655420896580908e+05 2.152982225404959463e+05 1.387585548768542940e+05 9.131655617128161248e+04 4.885759720589037170e+04 2.373405420475444771e+04 9.556033991904136201e+03 3.570182405857698541e+03 8.509183099022816350e+02 5.063117864897739651e+01 -2.876459572382070462e+01
4.594025288812265499e+05 3.120488147640360985e+05 2.152982225404959463e+05 2.030507027776288451e+05 9.181030133922411187e+04 6.135469248356422759e+04 3.262841033850038366e+04 1.514744199049409144e+04 6.707397842379599751e+03 2.099568429961526817e+03 4.354787244227638325e+02 6.759385878577161577e+01 8.939181452276642403e+00
2.854393088261710946e+05 1.950056041758448118e+05 1.387585548768542940e+05 9.181030133922411187e+04 9.290106971097669157e+04 3.947565078259013535e+04 2.426666589052524068e+04 9.755788128874872200e+03 4.243932766801694925e+03 1.246489344020571025e+03 4.234513195032178601e+02 3.083713680630850007e+01 -3.274497263718850193e-01
1.899998233462774660e+05 1.273659024283858016e+05 9.131655617128161248e+04 6.135469248356422759e+04 3.947565078259013535e+04 4.235492603046738077e+04 1.387945076803555276e+04 7.062598442867909398e+03 2.663656465776633922e+03 8.454242132958262346e+02 2.759930606883665405e+02 1.007643199896120656e+01 -5.731350599913876742e+00
1.079790943202536728e+05 7.250248116390376526e+04 4.885759720589037170e+04 3.262841033850038366e+04 2.426666589052524068e+04 1.387945076803555276e+04 1.598377996407713363e+04 4.225644601544676334e+03 1.325418453513890199e+03 4.784922851857797355e+02 1.384014307543222344e+02 -4.864687252269907169e+00 -2.647048686241205151e-01
5.169369418775007944e+04 3.285149575867057865e+04 2.373405420475444771e+04 1.514744199049409144e+04 9.755788128874872200e+03 7.062598442867909398e+03 4.225644601544676334e+03 5.486314283416262697e+03 8.932318733460756448e+02 2.716852340485752393e+02 7.640951129935712061e+01 -1.099995787393602154e+00 -2.021560885566410448e+00
2.023068722929264914e+04 1.387818606699614611e+04 9.556033991904136201e+03 6.707397842379599751e+03 4.243932766801694925e+03 2.663656465776633922e+03 1.325418453513890199e+03 8.932318733460756448e+02 1.597601724870923363e+03 1.187132708591049521e+02 4.395669440604239497e+01 6.772523083168367819e+00 -1.470582603467415428e+00
7.015251565366231262e+03 3.612723419411166105e+03 3.570182405857698541e+03 2.099568429961526817e+03 1.246489344020571025e+03 8.454242132958262346e+02 4.784922851857797355e+02 2.716852340485752393e+02 1.187132708591049521e+02 3.614103806281356128e+02 -1.631366301446693479e+00 6.274485774793202575e-01 -6.274485774793985282e-01
2.005911925888716496e+03 1.346851704765198747e+03 8.509183099022816350e+02 4.354787244227638325e+02 4.234513195032178601e+02 2.759930606883665405e+02 1.384014307543222344e+02 7.640951129935712061e+01 4.395669440604239497e+01 -1.631366301446693479e+00 6.500171185006183805e+01 1.117642778635186129e-01 -1.274504923005043699e-01
9.131925812180769242e+01 5.049196349584563848e+01 5.063117864897739651e+01 6.759385878577161577e+01 3.083713680630850007e+01 1.007643199896120656e+01 -4.864687252269907169e+00 -1.099995787393602154e+00 6.772523083168367819e+00 6.274485774793202575e-01 1.117642778635186129e-01 6.931346004342811895e+00 -1.372543763236201177e-02
-4.747628877034586736e+01 -7.558794581828754744e+00 -2.876459572382070462e+01 8.939181452276642403e+00 -3.274497263718850193e-01 -5.731350599913876742e+00 -2.647048686241205151e-01 -2.021560885566410448e+00 -1.470582603467415428e+00 -6.274485774793985282e-01 -1.274504923005043699e-01 -1.372543763236201177e-02 1.001956947162427891e+00
