1.943275709895569133e+06 1.094383111582862912e+06 7.495220125666733366e+05 4.763481780202337541e+05 3.059710604534427985e+05 1.962189409394837276e+05 8.844120415530909668e+04 4.569466793523221713e+04 1.891192116696582525e+04 7.690084522555966032e+03 9.157521329762232654e+02 1.488251687620039476e+01 2.997398920301487024e+01 0.000000000000000000e+00 0.000000000000000000e+00 0.000000000000000000e+00 0.000000000000000000e+00 0.000000000000000000e+00 0.000000000000000000e+00 0.000000000000000000e+00
1.094383111582862912e+06 9.133415833323560655e+05 5.082085806508863461e+05 3.215786200206282665e+05 2.162862043076697155e+05 1.309278932914393663e+05 5.728599967212597403e+04 3.057776938689800954e+04 1.342241509415728797e+04 5.365371108813958017e+03 2.677948490666866519e+02 -1.847842079620179945e+01 2.182039787374230144e+01 0.000000000000000000e+00 0.000000000000000000e+00 0.000000000000000000e+00 0.000000000000000000e+00 0.000000000000000000e+00 0.000000000000000000e+00 0.000000000000000000e+00
7.495220125666733366e+05 5.082085806508863461e+05 4.492751303394905408e+05 2.196237749999184161e+05 1.439378560865364852e+05 8.992438067230208253e+04 3.967737373525810108e+04 1.959684293890082336e+04 8.879036405260865649e+03 3.177630033315150285e+03 1.948421227077321305e+02 3.050262075555343344e+01 2.174882394062687752e+01 0.000000000000000000e+00 0.000000000000000000e+00 0.000000000000000000e+00 0.000000000000000000e+00 0.000000000000000000e+00 0.000000000000000000e+00 0.000000000000000000e+00
4.763481780202337541e+05 3.215786200206282665e+05 2.196237749999184161e+05 1.983777392958487617e+05 9.483733943629376881e+04 5.904768861097576882e+04 2.548393045660224743e+04 1.318299994062979385e+04 5.480334593314674748e+03 2.202071680331420339e+03 2.849528367665974997e+02 8.466775664933706480e+00 1.305620391880230891e+01 0.000000000000000000e+00 0.000000000000000000e+00 0.000000000000000000e+00 0.000000000000000000e+00 0.000000000000000000e+00 0.000000000000000000e+00 0.000000000000000000e+00
3.059710604534427985e+05 2.162862043076697155e+05 1.439378560865364852e+05 9.483733943629376881e+04 9.859498892397391319e+04 3.720424793267410132e+04 1.784003376850647692e+04 9.980151553765515928e+03 4.040011827863343569e+03 1.519436301503595814e+03 2.326974862445548240e+02 1.361875967396546372e+01 8.000018541671463979e+00 0.000000000000000000e+00 0.000000000000000000e+00 0.000000000000000000e+00 0.000000000000000000e+00 0.000000000000000000e+00 0.000000000000000000e+00 0.000000000000000000e+00
1.962189409394837276e+05 1.309278932914393663e+05 8.992438067230208253e+04 5.904768861097576882e+04 3.720424793267410132e+04 4.126330569266959355e+04 1.148639824826276345e+04 5.918627037793589807e+03 2.302016879370033621e+03 9.879239242557598573e+02 6.966964999420046922e+01 1.276180097544164482e+01 1.535016834446032430e+00 0.000000000000000000e+00 0.000000000000000000e+00 0.000000000000000000e+00 0.000000000000000000e+00 0.000000000000000000e+00 0.000000000000000000e+00 0.000000000000000000e+00
8.844120415530909668e+04 5.728599967212597403e+04 3.967737373525810108e+04 2.548393045660224743e+04 1.784003376850647692e+04 1.148639824826276345e+04 1.296370063331560959e+04 2.663322200384840471e+03 1.295408532123554323e+03 4.689878508060762670e+02 1.394781981101291137e+02 -1.082764799416270129e+01 -4.853887660978069896e+00 0.000000000000000000e+00 0.000000000000000000e+00 0.000000000000000000e+00 0.000000000000000000e+00 0.000000000000000000e+00 0.000000000000000000e+00 0.000000000000000000e+00
4.569466793523221713e+04 3.057776938689800954e+04 1.959684293890082336e+04 1.318299994062979385e+04 9.980151553765515928e+03 5.918627037793589807e+03 2.663322200384840471e+03 4.855962335458428242e+03 6.826083905923790098e+02 2.593939794259819678e+02 2.889465737387840250e+01 1.165307165127058653e+01 3.712990822649447353e-01 0.000000000000000000e+00 0.000000000000000000e+00 0.000000000000000000e+00 0.000000000000000000e+00 0.000000000000000000e+00 0.000000000000000000e+00 0.000000000000000000e+00
1.891192116696582525e+04 1.342241509415728797e+04 8.879036405260865649e+03 5.480334593314674748e+03 4.040011827863343569e+03 2.302016879370033621e+03 1.295408532123554323e+03 6.826083905923790098e+02 1.333574182441221183e+03 1.537041441414034750e+02 1.618416019411186824e+01 -6.333198694066678236e+00 8.188022518573543351e-01 0.000000000000000000e+00 0.000000000000000000e+00 0.000000000000000000e+00 0.000000000000000000e+00 0.000000000000000000e+00 0.000000000000000000e+00 0.000000000000000000e+00
7.690084522555966032e+03 5.365371108813958017e+03 3.177630033315150285e+03 2.202071680331420339e+03 1.519436301503595814e+03 9.879239242557598573e+02 4.689878508060762670e+02 2.593939794259819678e+02 1.537041441414034750e+02 3.742983194378450662e+02 5.120634126567854771e+00 1.647056729337742054e+00 -6.261622175067530494e-01 0.000000000000000000e+00 0.000000000000000000e+00 0.000000000000000000e+00 0.000000000000000000e+00 0.000000000000000000e+00 0.000000000000000000e+00 0.000000000000000000e+00
9.157521329762232654e+02 2.677948490666866519e+02 1.948421227077321305e+02 2.849528367665974997e+02 2.326974862445548240e+02 6.966964999420046922e+01 1.394781981101291137e+02 2.889465737387840250e+01 1.618416019411186824e+01 5.120634126567854771e+00 5.779025830077975456e+01 3.454299068646117243e-01 -9.419721957823171121e-02 0.000000000000000000e+00 0.000000000000000000e+00 0.000000000000000000e+00 0.000000000000000000e+00 0.000000000000000000e+00 0.000000000000000000e+00 0.000000000000000000e+00
1.488251687620039476e+01 -1.847842079620179945e+01 3.050262075555343344e+01 8.466775664933706480e+00 1.361875967396546372e+01 1.276180097544164482e+01 -1.082764799416270129e+01 1.165307165127058653e+01 -6.333198694066678236e+00 1.647056729337742054e+00 3.454299068646117243e-01 6.936926988751953793e+00 -1.373489438634162632e-02 0.000000000000000000e+00 0.000000000000000000e+00 0.000000000000000000e+00 0.000000000000000000e+00 0.000000000000000000e+00 0.000000000000000000e+00 0.000000000000000000e+00
2.997398920301487024e+01 2.182039787374230144e+01 2.174882394062687752e+01 1.305620391880230891e+01 8.000018541671463979e+00 1.535016834446032430e+00 -4.853887660978069896e+00 3.712990822649447353e-01 8.188022518573543351e-01 -6.261622175067530494e-01 -9.419721957823171121e-02 -1.373489438634162632e-02 1.002530890596001090e+00 0.000000000000000000e+00 0.000000000000000000e+00 0.000000000000000000e+00 0.000000000000000000e+00 0.000000000000000000e+00 0.000000000000000000e+00 0.000000000000000000e+00
0.000000000000000000e+00 0.000000000000000000e+00 0.000000000000000000e+00 0.000000000000000000e+00 0.000000000000000000e+00 0.000000000000000000e+00 0.000000000000000000e+00 0.000000000000000000e+00 0.000000000000000000e+00 0.000000000000000000e+00 0.000000000000000000e+00 0.000000000000000000e+00 0.000000000000000000e+00 0.000000000000000000e+00 0.000000000000000000e+00 0.000000000000000000e+00 0.000000000000000000e+00 0.000000000000000000e+00 0.000000000000000000e+00 0.000000000000000000e+00
0.000000000000000000e+00 0.000000000000000000e+00 0.000000000000000000e+00 0.000000000000000000e+00 0.000000000000000000e+00 0.000000000000000000e+00 0.000000000000000000e+00 0.000000000000000000e+00 0.000000000000000000e+00 0.000000000000000000e+00 0.000000000000000000e+00 0.000000000000000000e+00 0.000000000000000000e+00 0.000000000000000000e+00 0.000000000000000000e+00 0.000000000000000000e+00 0.000000000000000000e+00 0.000000000000000000e+00 0.000000000000000000e+00 0.000000000000000000e+00
0.000000000000000000e+00 0.000000000000000000e+00 0.000000000000000000e+00 0.000000000000000000e+00 0.000000000000000000e+00 0.000000000000000000e+00 0.000000000000000000e+00 0.000000000000000000e+00 0.000000000000000000e+00 0.000000000000000000e+00 0.000000000000000000e+00 0.000000000000000000e+00 0.000000000000000000e+00 0.000000000000000000e+00 0.000000000000000000e+00 0.000000000000000000e+00 0.000000000000000000e+00 0.000000000000000000e+00 0.000000000000000000e+00 0.000000000000000000e+00
0.000000000000000000e+00 0.000000000000000000e+00 0.000000000000000000e+00 0.000000000000000000e+00 0.000000000000000000e+00 0.000000000000000000e+00 0.000000000000000000e+00 0.000000000000000000e+00 0.000000000000000000e+00 0.000000000000000000e+00 0.000000000000000000e+00 0.000000000000000000e+00 0.000000000000000000e+00 0.000000000000000000e+00 0.000000000000000000e+00 0.000000000000000000e+00 0.000000000000000000e+00 0.000000000000000000e+00 0.000000000000000000e+00 0.000000000000000000e+00
0.000000000000000000e+00 0.000000000000000000e+00 0.000000000000000000e+00 0.000000000000000000e+00 0.000000000000000000e+00 0.000000000000000000e+00 0.000000000000000000e+00 0.000000000000000000e+00 0.000000000000000000e+00 0.000000000000000000e+00 0.000000000000000000e+00 0.000000000000000000e+00 0.000000000000000000e+00 0.000000000000000000e+00 0.000000000000000000e+00 0.000000000000000000e+00 0.000000000000000000e+00 0.000000000000000000e+00 0.000000000000000000e+00 0.000000000000000000e+00
0.000000000000000000e+00 0.000000000000000000e+00 0.000000000000000000e+00 0.000000000000000000e+00 0.000000000000000000e+00 0.000000000000000000e+00 0.000000000000000000e+00 0.000000000000000000e+00 0.000000000000000000e+00 0.000000000000000000e+00 0.000000000000000000e+00 0.000000000000000000e+00 0.000000000000000000e+00 0.000000000000000000e+00 0.000000000000000000e+00 0.000000000000000000e+00 0.000000000000000000e+00 0.000000000000000000e+00 0.000000000000000000e+00 0.000000000000000000e+00
0.000000000000000000e+00 0.000000000000000000e+00 0.000000000000000000e+00 0.000000000000000000e+00 0.000000000000000000e+00 0.000000000000000000e+00 0.000000000000000000e+00 0.000000000000000000e+00 0.000000000000000000e+00 0.000000000000000000e+00 0.000000000000000000e+00 0.000000000000000000e+00 0.000000000000000000e+00 0.000000000000000000e+00 0.000000000000000000e+00 0.000000000000000000e+00 0.000000000000000000e+00 0.000000000000000000e+00 0.000000000000000000e+00 0.000000000000000000e+00
