1.200291655103996345e+04 2.035875163005936656e+03 3.401832756985521087e+02 9.337951896464115009e+01 -1.339820678269863130e+01 -5.024598204278862390e+00
2.035875163005936656e+03 2.900740713620687984e+03 1.418351408468556372e+02 2.167689332295020321e+01 -5.987988883352545422e+00 -4.094521171508776369e+00
3.401832756985521087e+02 1.418351408468556372e+02 4.801005872764787910e+02 1.876650984346369455e+01 -2.889542225006393572e+00 1.743370958893931955e-01
9.337951896464115009e+01 2.167689332295020321e+01 1.876650984346369455e+01 7.132482549166647345e+01 -9.241807133307853306e-01 -1.317531976466262689e-01
-1.339820678269863130e+01 -5.987988883352545422e+00 -2.889542225006393572e+00 -9.241807133307853306e-01 9.100487743805274476e+00 -1.394425834206166649e-02
-5.024598204278862390e+00 -4.094521171508776369e+00 1.743370958893931955e-01 -1.317531976466262689e-01 -1.394425834206166649e-02 1.015828945601209066e+00
