1.078821355850281892e+06 5.317025265568537870e+05 3.312704744621413993e+05 1.804357451829932979e+05 9.174642775427992456e+04 4.313161170744012634e+04 1.463490708572753101e+04 4.506861478532863657e+03 1.612563470391285364e+03 1.904430953536886761e+02
5.317025265568537870e+05 4.286828298480715603e+05 1.922728056935889763e+05 1.101016541935956629e+05 5.363641105742213404e+04 2.533071225687439801e+04 8.027021530039707613e+03 2.468544738640191099e+03 9.114093955431167160e+02 1.053780556408823088e+02
3.312704744621413993e+05 1.922728056935889763e+05 1.773204251327734091e+05 6.488514387652687583e+04 3.516032297660554468e+04 1.669921917252449566e+04 4.332536194883890857e+03 1.733049636982605989e+03 6.023471468599076388e+02 4.082911614308763859e+01
1.804357451829932979e+05 1.101016541935956629e+05 6.488514387652687583e+04 6.847843259249204129e+04 1.925779178541518922e+04 9.046080344081326984e+03 2.894688056798920115e+03 8.544218401945865935e+02 3.839065292771109057e+02 4.861427321632543652e+01
9.174642775427992456e+04 5.363641105742213404e+04 3.516032297660554468e+04 1.925779178541518922e+04 1.949930310790832664e+04 4.406135504141783713e+03 1.738148740830901033e+03 4.745341588057547142e+02 1.600312012195836076e+02 1.736047645567229125e+01
4.313161170744012634e+04 2.533071225687439801e+04 1.669921917252449566e+04 9.046080344081326984e+03 4.406135504141783713e+03 6.171397459416002675e+03 8.957075411087866996e+02 2.180319316700049512e+02 9.909161667779953575e+01 1.625180164929485827e+01
1.463490708572753101e+04 8.027021530039707613e+03 4.332536194883890857e+03 2.894688056798920115e+03 1.738148740830901033e+03 8.957075411087866996e+02 1.494805560540341276e+03 1.148584089156076544e+02 1.986592900862763145e+01 5.770139414646009435e+00
4.506861478532863657e+03 2.468544738640191099e+03 1.733049636982605989e+03 8.544218401945865935e+02 4.745341588057547142e+02 2.180319316700049512e+02 1.148584089156076544e+02 3.436830364871309484e+02 1.325538715513644128e+01 1.261540383791449338e-01
1.612563470391285364e+03 9.114093955431167160e+02 6.023471468599076388e+02 3.839065292771109057e+02 1.600312012195836076e+02 9.909161667779953575e+01 1.986592900862763145e+01 1.325538715513644128e+01 5.872712752738035391e+01 -3.485847431033063937e-01
1.904430953536886761e+02 1.053780556408823088e+02 4.082911614308763859e+01 4.861427321632543652e+01 1.736047645567229125e+01 1.625180164929485827e+01 5.770139414646009435e+00 1.261540383791449338e-01 -3.485847431033063937e-01 3.005191732105159996e+00
