1.736760564489190700e+06 9.893797482699339744e+05 7.112901858065477572e+05 4.870116486379533308e+05 3.221919425860046176e+05 2.010944926221944334e+05 1.276352053186028206e+05 6.665520355697390914e+04 3.456812643946845492e+04 1.379196286778873582e+04 1.969388536349077640e+03 1.405531872197158009e+03 1.080858605780089476e+02
9.893797482699339744e+05 8.602286722859962611e+05 5.038436116283065057e+05 3.379127784590140800e+05 2.193950225374461152e+05 1.367394331976371177e+05 8.561244272195428493e+04 4.603500213311458356e+04 2.559520197915977042e+04 1.030643503969410085e+04 1.844271368446173710e+03 9.893491523086725010e+02 9.998000926780569841e+00
7.112901858065477572e+05 5.038436116283065057e+05 4.685640957563468255e+05 2.437299332646412076e+05 1.558863598714774707e+05 1.012916199309878284e+05 6.217291876179655810e+04 3.510621457485354040e+04 1.889881782009129165e+04 7.023761336697963998e+03 1.507641285074692405e+03 7.535578984455269165e+02 7.690166627731755966e+00
4.870116486379533308e+05 3.379127784590140800e+05 2.437299332646412076e+05 2.475135285786908353e+05 1.118596147533135954e+05 7.117537840311476612e+04 4.140595711566432874e+04 2.424385029162791761e+04 1.200518735758527509e+04 5.351732445877318241e+03 8.836868118611425871e+02 3.967475002010449430e+02 1.249603057586294597e+01
3.221919425860046176e+05 2.193950225374461152e+05 1.558863598714774707e+05 1.118596147533135954e+05 1.187768863017579861e+05 4.560791161185948295e+04 3.145032269331062707e+04 1.476431600675695881e+04 8.030043757492259829e+03 3.207023012319992631e+03 5.868291251948794525e+02 2.723989568054892061e+02 8.709770566134121594e+00
2.010944926221944334e+05 1.367394331976371177e+05 1.012916199309878284e+05 7.117537840311476612e+04 4.560791161185948295e+04 5.382604484511088958e+04 1.960663471723805560e+04 9.545606580857782319e+03 4.910965506413002004e+03 2.180454394705896448e+03 3.741868022870709183e+02 1.718189498355200726e+02 -1.704699353939398065e+01
1.276352053186028206e+05 8.561244272195428493e+04 6.217291876179655810e+04 4.140595711566432874e+04 3.145032269331062707e+04 1.960663471723805560e+04 2.387830659349361667e+04 7.251287916330196822e+03 3.731148456079787138e+03 1.470084566158914868e+03 2.125678133891890127e+02 1.031015659406912448e+02 1.703915043217465453e+00
6.665520355697390914e+04 4.603500213311458356e+04 3.510621457485354040e+04 2.424385029162791761e+04 1.476431600675695881e+04 9.545606580857782319e+03 7.251287916330196822e+03 8.458836233011788863e+03 1.862332083593604693e+03 7.790283891376453766e+02 2.057443101091253936e+02 8.156439351871784993e+01 6.637229483649758954e+00
3.456812643946845492e+04 2.559520197915977042e+04 1.889881782009129165e+04 1.200518735758527509e+04 8.030043757492259829e+03 4.910965506413002004e+03 3.731148456079787138e+03 1.862332083593604693e+03 3.119091976516912837e+03 4.960412375871889026e+02 1.099564416496633612e+02 2.086658675479979763e+01 -1.005878500771693496e+00
1.379196286778873582e+04 1.030643503969410085e+04 7.023761336697963998e+03 5.351732445877318241e+03 3.207023012319992631e+03 2.180454394705896448e+03 1.470084566158914868e+03 7.790283891376453766e+02 4.960412375871889026e+02 9.312513355876769765e+02 9.244670478436955818e+01 1.610189911956511466e+01 -1.368622209626934261e+00
1.969388536349077640e+03 1.844271368446173710e+03 1.507641285074692405e+03 8.836868118611425871e+02 5.868291251948794525e+02 3.741868022870709183e+02 2.125678133891890127e+02 2.057443101091253936e+02 1.099564416496633612e+02 9.244670478436955818e+01 2.112540929300975279e+02 -8.078400435047354833e-01 1.188230743601625283e+00
1.405531872197158009e+03 9.893491523086725010e+02 7.535578984455269165e+02 3.967475002010449430e+02 2.723989568054892061e+02 1.718189498355200726e+02 1.031015659406912448e+02 8.156439351871784993e+01 2.086658675479979763e+01 1.610189911956511466e+01 -8.078400435047354833e-01 3.933318270074025946e+01 -3.725475928783973378e-01
1.080858605780089476e+02 9.998000926780569841e+00 7.690166627731755966e+00 1.249603057586294597e+01 8.709770566134121594e+00 -1.704699353939398065e+01 1.703915043217465453e+00 6.637229483649758954e+00 -1.005878500771693496e+00 -1.368622209626934261e+00 1.188230743601625283e+00 -3.725475928783973378e-01 4.970569199719669484e+00
