1.467843929641718976e+06 7.925311786029865034e+05 5.418996384357843781e+05 3.251589076941187959e+05 2.012888095250800834e+05 1.164316246950584027e+05 4.803092194040001777e+04 2.535577936665256493e+04 5.374242163594335580e+03 2.932327985876042021e+03 2.563009792394913120e+02 6.678209718865070954e+01
7.925311786029865034e+05 6.885393376404003939e+05 3.723011899004582083e+05 2.171037685670608189e+05 1.365075752620456624e+05 7.958324816464082687e+04 3.305262636095748894e+04 1.667234203300402442e+04 4.300858038993287664e+03 1.913253457209542830e+03 1.935482783843462471e+02 6.581347344718132319e+01
5.418996384357843781e+05 3.723011899004582083e+05 3.340970969933288870e+05 1.467435399833731353e+05 9.175485645351951825e+04 5.376856271230286802e+04 2.269308956384076009e+04 1.180296264183991843e+04 2.780938369568047165e+03 1.450202289360063560e+03 1.365563397811703794e+02 4.481943620007455564e+01
3.251589076941187959e+05 2.171037685670608189e+05 1.467435399833731353e+05 1.337403427223358303e+05 5.618101621853419056e+04 2.961521207409461931e+04 1.386181358067660040e+04 6.344450212736490357e+03 1.821459691101035787e+03 7.054286709992594524e+02 2.601558664374053365e+01 8.670555030043393785e+00
2.012888095250800834e+05 1.365075752620456624e+05 9.175485645351951825e+04 5.618101621853419056e+04 5.837479605240583624e+04 2.152394894320978347e+04 8.674947170085704784e+03 4.132270449331914278e+03 9.844746611724140166e+02 5.404253813366237864e+02 5.767036737757916853e+01 1.430190601292063590e+01
1.164316246950584027e+05 7.958324816464082687e+04 5.376856271230286802e+04 2.961521207409461931e+04 2.152394894320978347e+04 2.315407603371494770e+04 4.916749797986110934e+03 2.681832866755162286e+03 6.443112579991448001e+02 2.955518093144487466e+02 4.183513390343816241e+01 1.302740108991579504e+01
4.803092194040001777e+04 3.305262636095748894e+04 2.269308956384076009e+04 1.386181358067660040e+04 8.674947170085704784e+03 4.916749797986110934e+03 6.966059596891465844e+03 1.196936592614104484e+03 3.045949119373684653e+02 1.347288957992616361e+02 -2.352932165547701793e+00 4.062729539179040117e+00
2.535577936665256493e+04 1.667234203300402442e+04 1.180296264183991843e+04 6.344450212736490357e+03 4.132270449331914278e+03 2.681832866755162286e+03 1.196936592614104484e+03 2.459674894014609890e+03 1.910384840744280268e+02 1.319112595310214999e+02 -2.392147701640690016e-01 -1.307838128683619816e+00
5.374242163594335580e+03 4.300858038993287664e+03 2.780938369568047165e+03 1.821459691101035787e+03 9.844746611724140166e+02 6.443112579991448001e+02 3.045949119373684653e+02 1.910384840744280268e+02 5.579194319874675330e+02 2.848224386395582641e+01 9.333297590005065203e-01 6.666641135720746680e-02
2.932327985876042021e+03 1.913253457209542830e+03 1.450202289360063560e+03 7.054286709992594524e+02 5.404253813366237864e+02 2.955518093144487466e+02 1.347288957992616361e+02 1.319112595310214999e+02 2.848224386395582641e+01 1.254250098613286468e+02 -1.039211706450266171e+00 7.862714986538807960e-01
2.563009792394913120e+02 1.935482783843462471e+02 1.365563397811703794e+02 2.601558664374053365e+01 5.767036737757916853e+01 4.183513390343816241e+01 -2.352932165547701793e+00 -2.392147701640690016e-01 9.333297590005065203e-01 -1.039211706450266171e+00 1.367053588183255641e+01 -2.745087526472401313e-02
6.678209718865070954e+01 6.581347344718132319e+01 4.481943620007455564e+01 8.670555030043393785e+00 1.430190601292063590e+01 1.302740108991579504e+01 4.062729539179040117e+00 -1.307838128683619816e+00 6.666641135720746680e-02 7.862714986538807960e-01 -2.745087526472401313e-02 1.001956947162426559e+00
