1.241203308810892981e+06 6.290756049281591550e+05 3.920730552159274230e+05 2.437524290314982936e+05 1.237535573476405698e+05 6.014653891901622410e+04 2.257395565002374497e+04 9.709025606989953303e+03 1.927264206401947149e+03 8.961686512682098282e+02 1.354900070184975220e+02
6.290756049281591550e+05 5.354069595117748249e+05 2.462575102463020012e+05 1.485471054514051939e+05 7.293906352234646329e+04 3.997030546824639168e+04 1.348165063875045053e+04 6.661264665989619061e+03 1.084344946041208004e+03 4.784811481747822768e+02 7.906289763657575520e+01
3.920730552159274230e+05 2.462575102463020012e+05 2.227132706873873540e+05 9.272018716872426739e+04 4.543918843526719866e+04 2.516618433925726640e+04 7.969710059991275557e+03 4.170636934954657590e+03 8.668025855080838937e+02 2.725725841989254832e+02 5.449111895709597775e+01
2.437524290314982936e+05 1.485471054514051939e+05 9.272018716872426739e+04 8.607363686478768068e+04 3.046685615034166040e+04 1.540372794994390642e+04 4.638956872921828108e+03 2.488217704046095150e+03 3.487510082966429650e+02 1.781607522563998032e+02 3.493828831863892503e+01
1.237535573476405698e+05 7.293906352234646329e+04 4.543918843526719866e+04 3.046685615034166040e+04 3.002644776835159428e+04 7.567891901057385439e+03 3.206458999533265796e+03 1.381945425359124101e+03 2.592641041753374793e+02 7.712585149933491380e+01 1.921619507463746146e+01
6.014653891901622410e+04 3.997030546824639168e+04 2.516618433925726640e+04 1.540372794994390642e+04 7.567891901057385439e+03 9.484948998192283398e+03 1.525944553295962805e+03 6.663807050550085478e+02 1.627818881849877641e+02 4.366197267406672466e+01 8.880970365986591730e+00
2.257395565002374497e+04 1.348165063875045053e+04 7.969710059991275557e+03 4.638956872921828108e+03 3.206458999533265796e+03 1.525944553295962805e+03 2.760948224683051649e+03 2.679845201161248269e+02 9.959229889784404577e+01 2.907393227747073894e+01 4.075636741423759091e+00
9.709025606989953303e+03 6.661264665989619061e+03 4.170636934954657590e+03 2.488217704046095150e+03 1.381945425359124101e+03 6.663807050550085478e+02 2.679845201161248269e+02 6.617786373203895209e+02 3.029864065253463323e+01 5.819300448197376241e+00 1.915330741345079302e+00
1.927264206401947149e+03 1.084344946041208004e+03 8.668025855080838937e+02 3.487510082966429650e+02 2.592641041753374793e+02 1.627818881849877641e+02 9.959229889784404577e+01 3.029864065253463323e+01 1.311865063195471919e+02 1.512723562229967067e+00 -2.520179115949161552e-01
8.961686512682098282e+02 4.784811481747822768e+02 2.725725841989254832e+02 1.781607522563998032e+02 7.712585149933491380e+01 4.366197267406672466e+01 2.907393227747073894e+01 5.819300448197376241e+00 1.512723562229967067e+00 2.323539451405892109e+01 -4.328790999919609334e-02
1.354900070184975220e+02 7.906289763657575520e+01 5.449111895709597775e+01 3.493828831863892503e+01 1.921619507463746146e+01 8.880970365986591730e+00 4.075636741423759091e+00 1.915330741345079302e+00 -2.520179115949161552e-01 -4.328790999919609334e-02 1.005050593801499526e+00
