1.866961035139821004e+06 1.090266557289516553e+06 7.557350913506175857e+05 5.304505099884334486e+05 3.660372614144796389e+05 2.227063889606151788e+05 1.542718988211703254e+05 8.159584901547769550e+04 4.645716280119312432e+04 1.723110240381398035e+04 5.688173641349992977e+03 1.140590113975149961e+03 2.112315899950880294e+02 8.863160078604910552e+01
1.090266557289516553e+06 9.747739301598719321e+05 5.279365666573183844e+05 3.718793019062103122e+05 2.564403395819860161e+05 1.628452739958711027e+05 1.035307902153543691e+05 5.815348053689044900e+04 3.412706125398131553e+04 1.339205466949975562e+04 4.156439604427493578e+03 1.085822082177963011e+03 1.840305058886299321e+02 -2.441817377507594600e+01
7.557350913506175857e+05 5.279365666573183844e+05 4.856706715352794854e+05 2.626587310903239995e+05 1.701576459741069993e+05 1.081441949126670515e+05 7.246688276746546035e+04 4.166971502974423493e+04 2.305829353646987147e+04 9.767238505530645853e+03 3.492798196787326106e+03 7.562554496011309766e+02 7.535457295864216576e+01 1.450375175296362151e+01
5.304505099884334486e+05 3.718793019062103122e+05 2.626587310903239995e+05 2.705555991650967044e+05 1.266000394403734244e+05 7.666793353484060208e+04 5.040181256853658851e+04 3.020646133322461537e+04 1.645206733956878088e+04 6.570794094052591390e+03 2.138876103655466068e+03 5.364014619024512740e+02 -4.605256588586146904e+01 6.947143846175781334e+01
3.660372614144796389e+05 2.564403395819860161e+05 1.701576459741069993e+05 1.266000394403734244e+05 1.344288845846309559e+05 5.387561250009905052e+04 3.728175125757055503e+04 2.127946797441433591e+04 1.071879355969477365e+04 4.069768855959524899e+03 1.196685778116581560e+03 3.260743518139754542e+02 3.902661734529171156e+01 9.248618518749808004e+00
2.227063889606151788e+05 1.628452739958711027e+05 1.081441949126670515e+05 7.666793353484060208e+04 5.387561250009905052e+04 6.607340076685047825e+04 2.364202171936907325e+04 1.294097963407399584e+04 7.037126710602959974e+03 2.836517347345344660e+03 7.788037445528748322e+02 4.036935465119107675e+02 1.882590946701363421e+01 3.947700821376684210e+00
1.542718988211703254e+05 1.035307902153543691e+05 7.246688276746546035e+04 5.040181256853658851e+04 3.728175125757055503e+04 2.364202171936907325e+04 2.791259090100156754e+04 9.132119610589354124e+03 5.034349979236615582e+03 2.012897655894237914e+03 5.728278129022268104e+02 8.137674573199437589e+01 1.198492103349627191e+00 -4.745834543240361469e+00
8.159584901547769550e+04 5.815348053689044900e+04 4.166971502974423493e+04 3.020646133322461537e+04 2.127946797441433591e+04 1.294097963407399584e+04 9.132119610589354124e+03 1.158687226146421381e+04 2.890675725753297684e+03 1.136679310358262455e+03 4.180927916442525429e+02 1.123825410772291775e+02 1.031739218701885186e+01 6.862629424426161862e+00
4.645716280119312432e+04 3.412706125398131553e+04 2.305829353646987147e+04 1.645206733956878088e+04 1.071879355969477365e+04 7.037126710602959974e+03 5.034349979236615582e+03 2.890675725753297684e+03 4.373275990529791670e+03 6.811679278040846839e+02 2.892793448067488953e+02 4.378772317102674094e+01 5.760247962957743439e+00 -6.616839595127733453e+00
1.723110240381398035e+04 1.339205466949975562e+04 9.767238505530645853e+03 6.570794094052591390e+03 4.069768855959524899e+03 2.836517347345344660e+03 2.012897655894237914e+03 1.136679310358262455e+03 6.811679278040846839e+02 1.310353328438670815e+03 1.394821590648308245e+02 1.958328331734631433e+01 4.262451565140239040e+00 -1.199097581684766878e+00
5.688173641349992977e+03 4.156439604427493578e+03 3.492798196787326106e+03 2.138876103655466068e+03 1.196685778116581560e+03 7.788037445528748322e+02 5.728278129022268104e+02 4.180927916442525429e+02 2.892793448067488953e+02 1.394821590648308245e+02 3.730536152254435365e+02 1.332698424304467011e+01 3.458610473616273717e-01 8.409250048443822623e-01
1.140590113975149961e+03 1.085822082177963011e+03 7.562554496011309766e+02 5.364014619024512740e+02 3.260743518139754542e+02 4.036935465119107675e+02 8.137674573199437589e+01 1.123825410772291775e+02 4.378772317102674094e+01 1.958328331734631433e+01 1.332698424304467011e+01 5.777790815462155649e+01 -9.115073496185573942e-01 7.777891723959698966e-01
2.112315899950880294e+02 1.840305058886299321e+02 7.535457295864216576e+01 -4.605256588586146904e+01 3.902661734529171156e+01 1.882590946701363421e+01 1.198492103349627191e+00 1.031739218701885186e+01 5.760247962957743439e+00 4.262451565140239040e+00 3.458610473616273717e-01 -9.115073496185573942e-01 7.918620169834568401e+00 -3.141763456524650222e-02
8.863160078604910552e+01 -2.441817377507594600e+01 1.450375175296362151e+01 6.947143846175781334e+01 9.248618518749808004e+00 3.947700821376684210e+00 -4.745834543240361469e+00 6.862629424426161862e+00 -6.616839595127733453e+00 -1.199097581684766878e+00 8.409250048443822623e-01 7.777891723959698966e-01 -3.141763456524650222e-02 2.002526103186752948e+00
