1.023594525082239183e+06 5.079043627436941606e+05 3.180148370142524363e+05 1.738561498768716410e+05 8.864389973996581102e+04 4.175844596183343674e+04 1.419060447838357504e+04 4.374947951332906996e+03 1.566756744957380761e+03 1.851620359909631475e+02
5.079043627436941606e+05 4.122722544720412698e+05 1.858306373520216439e+05 1.068061164594131260e+05 5.217400803458636801e+04 2.469055446325541561e+04 7.836103323746174283e+03 2.412539780408235401e+03 8.915240367492210680e+02 1.031505853608068008e+02
3.180148370142524363e+05 1.858306373520216439e+05 1.722303364953314303e+05 6.325560089000524749e+04 3.437152327081885596e+04 1.635803147199884552e+04 4.250493525989701084e+03 1.702142500986080677e+03 5.921310656745171173e+02 4.016455206589934335e+01
1.738561498768716410e+05 1.068061164594131260e+05 6.325560089000524749e+04 6.700548456845295732e+04 1.889536293136025051e+04 8.894020840912449785e+03 2.850373397773346369e+03 8.422869704083302622e+02 3.787907062243066321e+02 4.799981617717318727e+01
8.864389973996581102e+04 5.217400803458636801e+04 3.437152327081885596e+04 1.889536293136025051e+04 1.918492260675975922e+04 4.343979442480494981e+03 1.716244407764921107e+03 4.690805565235909285e+02 1.583327269733143794e+02 1.718816946932599166e+01
4.175844596183343674e+04 2.469055446325541561e+04 1.635803147199884552e+04 8.894020840912449785e+03 4.343979442480494981e+03 6.096806063089336931e+03 8.862319001535478264e+02 2.159678003684082341e+02 9.824080024203163930e+01 1.612346766441570622e+01
1.419060447838357504e+04 7.836103323746174283e+03 4.250493525989701084e+03 2.850373397773346369e+03 1.716244407764921107e+03 8.862319001535478264e+02 1.481249229284495414e+03 1.139446616702577160e+02 1.972541465450879627e+01 5.733311376717982633e+00
4.374947951332906996e+03 2.412539780408235401e+03 1.702142500986080677e+03 8.422869704083302622e+02 4.690805565235909285e+02 2.159678003684082341e+02 1.139446616702577160e+02 3.413320261487951370e+02 1.317642012706744836e+01 1.254897154958494743e-01
1.566756744957380761e+03 8.915240367492210680e+02 5.921310656745171173e+02 3.787907062243066321e+02 1.583327269733143794e+02 9.824080024203163930e+01 1.972541465450879627e+01 1.317642012706744836e+01 5.842918800096506260e+01 -3.470574944182964749e-01
1.851620359909631475e+02 1.031505853608068008e+02 4.016455206589934335e+01 4.799981617717318727e+01 1.718816946932599166e+01 1.612346766441570622e+01 5.733311376717982633e+00 1.254897154958494743e-01 -3.470574944182964749e-01 2.994106180659540151e+00
