1.771852257550934795e+06 1.041698622416347731e+06 7.256506876734797843e+05 5.112144657533908612e+05 3.537302061190318782e+05 2.156590329234182718e+05 1.496166505489749834e+05 7.922351620895520318e+04 4.514475260128212540e+04 1.675473583510958633e+04 5.533610180720606877e+03 1.109972219775447911e+03 2.056148988399873474e+02 8.628986561785445986e+01
1.041698622416347731e+06 9.376277484230941627e+05 5.103368318595307646e+05 3.608090456761247478e+05 2.494883896431404282e+05 1.587549528073093388e+05 1.010833854343399144e+05 5.684325093730205845e+04 3.338647998437410570e+04 1.310958312812766235e+04 4.070749116309748842e+03 1.063795926026587495e+03 1.803444073820238600e+02 -2.393324167723038443e+01
7.256506876734797843e+05 5.103368318595307646e+05 4.718084029396065744e+05 2.561037133282891591e+05 1.663658138564299443e+05 1.059507314999499358e+05 7.110472377173774294e+04 4.093288441756654356e+04 2.266979161384912368e+04 9.608643594348519400e+03 3.437755462027095291e+03 7.445893053411807614e+02 7.421148050137463770e+01 1.428621979848382217e+01
5.112144657533908612e+05 3.608090456761247478e+05 2.561037133282891591e+05 2.647773310917010531e+05 1.242357830431252951e+05 7.539017402659641812e+04 4.963697069174815260e+04 2.978186633782636636e+04 1.623458096438018401e+04 6.487963388620282785e+03 2.112940927769064729e+03 5.300764013618057788e+02 -4.552139429612961408e+01 6.868208991233753125e+01
3.537302061190318782e+05 2.494883896431404282e+05 1.663658138564299443e+05 1.242357830431252951e+05 1.322799561582954484e+05 5.312290243987135182e+04 3.681662763240654749e+04 2.103785276557852922e+04 1.060608487253185740e+04 4.029478686126872162e+03 1.185415068110306493e+03 3.231124880802886423e+02 3.868220480160314878e+01 9.168592338419097487e+00
2.156590329234182718e+05 1.587549528073093388e+05 1.059507314999499358e+05 7.539017402659641812e+04 5.312290243987135182e+04 6.528364018213406962e+04 2.339485942532395711e+04 1.282023325584617851e+04 6.977385043715241409e+03 2.814185301067179353e+03 7.730480198834879957e+02 4.008455237227071848e+02 1.869796760888576515e+01 3.921553609246176464e+00
1.496166505489749834e+05 1.010833854343399144e+05 7.110472377173774294e+04 4.963697069174815260e+04 3.681662763240654749e+04 2.339485942532395711e+04 2.766267053205375851e+04 9.060631967555291340e+03 4.999180854852859738e+03 2.000078614895005558e+03 5.694566427058816771e+02 8.092518028040885270e+01 1.192152297209616352e+00 -4.721550545531790988e+00
7.922351620895520318e+04 5.684325093730205845e+04 4.093288441756654356e+04 2.978186633782636636e+04 2.103785276557852922e+04 1.282023325584617851e+04 9.060631967555291340e+03 1.150922455106953930e+04 2.873741935730893147e+03 1.130723120698782850e+03 4.161042888162862141e+02 1.118858460254026426e+02 1.027447045622498401e+01 6.835267940916084584e+00
4.514475260128212540e+04 3.338647998437410570e+04 2.266979161384912368e+04 1.623458096438018401e+04 1.060608487253185740e+04 6.977385043715241409e+03 4.999180854852859738e+03 2.873741935730893147e+03 4.351348041712509257e+03 6.781738734149967058e+02 2.881479161002059755e+02 4.363120545647504400e+01 5.741154483936908193e+00 -6.596053170752169237e+00
1.675473583510958633e+04 1.310958312812766235e+04 9.608643594348519400e+03 6.487963388620282785e+03 4.029478686126872162e+03 2.814185301067179353e+03 2.000078614895005558e+03 1.130723120698782850e+03 6.781738734149967058e+02 1.305404804669055011e+03 1.390229970013884895e+02 1.952541542043697476e+01 4.250964112422797925e+00 -1.196073850820097872e+00
5.533610180720606877e+03 4.070749116309748842e+03 3.437755462027095291e+03 2.112940927769064729e+03 1.185415068110306493e+03 7.730480198834879957e+02 5.694566427058816771e+02 4.161042888162862141e+02 2.881479161002059755e+02 1.390229970013884895e+02 3.720064184803243279e+02 1.329406673534494487e+01 3.450967176136954251e-01 8.392124723787468543e-01
1.109972219775447911e+03 1.063795926026587495e+03 7.445893053411807614e+02 5.300764013618057788e+02 3.231124880802886423e+02 4.008455237227071848e+02 8.092518028040885270e+01 1.118858460254026426e+02 4.363120545647504400e+01 1.952541542043697476e+01 1.329406673534494487e+01 5.765468116313892466e+01 -9.098004373451386018e-01 7.764676146307649685e-01
2.056148988399873474e+02 1.803444073820238600e+02 7.421148050137463770e+01 -4.552139429612961408e+01 3.868220480160314878e+01 1.869796760888576515e+01 1.192152297209616352e+00 1.027447045622498401e+01 5.741154483936908193e+00 4.250964112422797925e+00 3.450967176136954251e-01 -9.098004373451386018e-01 7.905852076240514670e+00 -3.137242887397030666e-02
8.628986561785445986e+01 -2.393324167723038443e+01 1.428621979848382217e+01 6.868208991233753125e+01 9.168592338419097487e+00 3.921553609246176464e+00 -4.721550545531790988e+00 6.835267940916084584e+00 -6.596053170752169237e+00 -1.196073850820097872e+00 8.392124723787468543e-01 7.764676146307649685e-01 -3.137242887397030666e-02 1.999992340715606831e+00
