1.068766559303473216e+06 5.267504213725378504e+05 3.283070819539231597e+05 1.789159664323662582e+05 9.102503114630229538e+04 4.281557071568033280e+04 1.453470376175002639e+04 4.477846964301671505e+03 1.602770475905978174e+03 1.893469298029312142e+02
5.267504213725378504e+05 4.246929997986049275e+05 1.905540707775736519e+05 1.091750026296960568e+05 5.321501992456071457e+04 2.514526970191113287e+04 7.972113789082673975e+03 2.452668681555745479e+03 9.058804010435809460e+02 1.047721999113132938e+02
3.283070819539231597e+05 1.905540707775736519e+05 1.758006533643228759e+05 6.436295762509239285e+04 3.489705099285149481e+04 1.658312654813051267e+04 4.304499030266641057e+03 1.722543659547498009e+03 5.989155286035945664e+02 4.060945995743986714e+01
1.789159664323662582e+05 1.091750026296960568e+05 6.436295762509239285e+04 6.796315502260859648e+04 1.912367519796218039e+04 8.987930191827534145e+03 2.877472513441051433e+03 8.496901376497722822e+02 3.819207145764379447e+02 4.837823644577368043e+01
9.102503114630229538e+04 5.321501992456071457e+04 3.489705099285149481e+04 1.912367519796218039e+04 1.937443801016344150e+04 4.380283811375447840e+03 1.728787064128869133e+03 4.721726940988899628e+02 1.592933084605133160e+02 1.728594102811141653e+01
4.281557071568033280e+04 2.514526970191113287e+04 1.658312654813051267e+04 8.987930191827534145e+03 4.380283811375447840e+03 6.138500517546454830e+03 8.913641735857049753e+02 2.170640332521257392e+02 9.868795716942506147e+01 1.619076159578253993e+01
1.453470376175002639e+04 7.972113789082673975e+03 4.304499030266641057e+03 2.877472513441051433e+03 1.728787064128869133e+03 8.913641735857049753e+02 1.488277147598980036e+03 1.144038727693062754e+02 1.979457989151955033e+01 5.751249861142277098e+00
4.477846964301671505e+03 2.452668681555745479e+03 1.722543659547498009e+03 8.496901376497722822e+02 4.721726940988899628e+02 2.170640332521257392e+02 1.144038727693062754e+02 3.424639401790379907e+02 1.321321946810910752e+01 1.257928360977697835e-01
1.602770475905978174e+03 9.058804010435809460e+02 5.989155286035945664e+02 3.819207145764379447e+02 1.592933084605133160e+02 9.868795716942506147e+01 1.979457989151955033e+01 1.321321946810910752e+01 5.856180715729927044e+01 -3.477143431003489882e-01
1.893469298029312142e+02 1.047721999113132938e+02 4.060945995743986714e+01 4.837823644577368043e+01 1.728594102811141653e+01 1.619076159578253993e+01 5.751249861142277098e+00 1.257928360977697835e-01 -3.477143431003489882e-01 2.998644181302945189e+00
