1.375363956400999101e+06 7.323987047270702897e+05 4.789713955002425937e+05 2.872250461722607142e+05 1.611375645862992969e+05 8.768764016424857255e+04 3.572464682977019402e+04 1.450629504102103601e+04 4.028893449266618973e+03 1.670414107009472673e+03 2.641799192386606023e+02
7.323987047270702897e+05 6.320171388885270571e+05 3.118481294940261869e+05 1.833968591639941733e+05 1.085463442389025295e+05 5.899250272524834145e+04 2.351455452742775742e+04 9.999617915456372430e+03 2.428231434840538896e+03 9.307025299072167854e+02 1.910014649411209007e+02
4.789713955002425937e+05 3.118481294940261869e+05 2.802550734168057097e+05 1.227232924879013299e+05 7.174950903181522153e+04 3.740923105005071557e+04 1.508750658348886282e+04 6.350827320975632574e+03 2.186354714275274546e+03 5.272872280042437296e+02 7.891860671798791316e+01
2.872250461722607142e+05 1.833968591639941733e+05 1.227232924879013299e+05 1.082579688919684268e+05 4.145595310683135904e+04 2.159457129287147472e+04 9.056681378593077170e+03 3.949256279008583078e+03 9.813314999281188875e+02 2.877831679415713211e+02 4.794021752418619542e+01
1.611375645862992969e+05 1.085463442389025295e+05 7.174950903181522153e+04 4.145595310683135904e+04 4.596636445196560817e+04 1.369301078088773647e+04 5.383276877452053668e+03 2.363526440602280218e+03 6.615337970180808043e+02 2.202129353367516558e+02 4.521974252455409271e+01
8.768764016424857255e+04 5.899250272524834145e+04 3.740923105005071557e+04 2.159457129287147472e+04 1.369301078088773647e+04 1.573352050628630786e+04 3.052063668588963537e+03 1.196315561320986035e+03 4.076132973131252584e+02 1.522114519401054338e+02 2.189298210789440446e+01
3.572464682977019402e+04 2.351455452742775742e+04 1.508750658348886282e+04 9.056681378593077170e+03 5.383276877452053668e+03 3.052063668588963537e+03 4.724947319779952522e+03 4.850309077035785208e+02 2.115621974652628410e+02 6.605585348467231199e+01 4.734114274339150441e+00
1.450629504102103601e+04 9.999617915456372430e+03 6.350827320975632574e+03 3.949256279008583078e+03 2.363526440602280218e+03 1.196315561320986035e+03 4.850309077035785208e+02 1.359279782251337792e+03 1.204244765421832000e+02 1.826560961173564124e+01 -3.134800481803657224e+00
4.028893449266618973e+03 2.428231434840538896e+03 2.186354714275274546e+03 9.813314999281188875e+02 6.615337970180808043e+02 4.076132973131252584e+02 2.115621974652628410e+02 1.204244765421832000e+02 2.943547987058677791e+02 1.211658256113670440e+01 3.858493209012593961e-01
1.670414107009472673e+03 9.307025299072167854e+02 5.272872280042437296e+02 2.877831679415713211e+02 2.202129353367516558e+02 1.522114519401054338e+02 6.605585348467231199e+01 1.826560961173564124e+01 1.211658256113670440e+01 4.691634806857676665e+01 -4.131502000393940666e-01
2.641799192386606023e+02 1.910014649411209007e+02 7.891860671798791316e+01 4.794021752418619542e+01 4.521974252455409271e+01 2.189298210789440446e+01 4.734114274339150441e+00 -3.134800481803657224e+00 3.858493209012593961e-01 -4.131502000393940666e-01 4.984992234022998403e+00
