1.546836314891725779e+06 8.295860592025113292e+05 5.644185696003357880e+05 3.374269696059331181e+05 2.083119634131054627e+05 1.202486402304292569e+05 4.952974935790247400e+04 2.611759312221454820e+04 5.531065926514465900e+03 3.015972958586504774e+03 2.634834259142255064e+02 6.863642014826749005e+01
8.295860592025113292e+05 7.159034521005754359e+05 3.851744465815685107e+05 2.237855849759331904e+05 1.403239961115862534e+05 8.164159628696431173e+04 3.385569956092287612e+04 1.705820814810097727e+04 4.396704939704558456e+03 1.954645550626135901e+03 1.976391417342905470e+02 6.718773389131334284e+01
5.644185696003357880e+05 3.851744465815685107e+05 3.439323988549800706e+05 1.505085187215382466e+05 9.385158150244248100e+04 5.488524386177687120e+04 2.312899641645638985e+04 1.201614539206976406e+04 2.828791391087819193e+03 1.474217080497184952e+03 1.387499572573289299e+02 4.552803580196480482e+01
3.374269696059331181e+05 2.237855849759331904e+05 1.505085187215382466e+05 1.366678067157987098e+05 5.725373571029699087e+04 3.011922000129102889e+04 1.407618346699106405e+04 6.435315428102427177e+03 1.845996295842357540e+03 7.144760284992413517e+02 2.633639438577401748e+01 8.775282916441671688e+00
2.083119634131054627e+05 1.403239961115862534e+05 9.385158150244248100e+04 5.725373571029699087e+04 5.932668199627991999e+04 2.183037883289788806e+04 8.785007745381815766e+03 4.179987932587156138e+03 9.950072573260539457e+02 5.458593307719744416e+02 5.822183067724348859e+01 1.443505999229138581e+01
1.202486402304292569e+05 8.164159628696431173e+04 5.488524386177687120e+04 3.011922000129102889e+04 2.183037883289788806e+04 2.343588777224880323e+04 4.968989214973543312e+03 2.707276632827064986e+03 6.498783378858734068e+02 2.979156091925341912e+02 4.214916134047535934e+01 1.312191116837786709e+01
4.952974935790247400e+04 3.385569956092287612e+04 2.312899641645638985e+04 1.407618346699106405e+04 8.785007745381815766e+03 4.968989214973543312e+03 7.029316888279368868e+03 1.206446481706335589e+03 3.067573495299770912e+02 1.355989659149047384e+02 -2.366972281051475058e+00 4.085951541223971084e+00
2.611759312221454820e+04 1.705820814810097727e+04 1.201614539206976406e+04 6.435315428102427177e+03 4.179987932587156138e+03 2.707276632827064986e+03 1.206446481706335589e+03 2.476427428432247780e+03 1.921782241298933798e+02 1.326137251501259868e+02 -2.403713690659710633e-01 -1.313833329373564007e+00
5.531065926514465900e+03 4.396704939704558456e+03 2.828791391087819193e+03 1.845996295842357540e+03 9.950072573260539457e+02 6.498783378858734068e+02 3.067573495299770912e+02 1.921782241298933798e+02 5.607770295870561768e+02 2.860989233199408588e+01 9.370554145386149614e-01 6.691581523977606361e-02
3.015972958586504774e+03 1.954645550626135901e+03 1.474217080497184952e+03 7.144760284992413517e+02 5.458593307719744416e+02 2.979156091925341912e+02 1.355989659149047384e+02 1.326137251501259868e+02 2.860989233199408588e+01 1.259068798541191256e+02 -1.042695468836685846e+00 7.887103207333414634e-01
2.634834259142255064e+02 1.976391417342905470e+02 1.387499572573289299e+02 2.633639438577401748e+01 5.822183067724348859e+01 4.214916134047535934e+01 -2.366972281051475058e+00 -2.403713690659710633e-01 9.370554145386149614e-01 -1.042695468836685846e+00 1.370967416909803482e+01 -2.752259155340307240e-02
6.863642014826749005e+01 6.718773389131334284e+01 4.552803580196480482e+01 8.775282916441671688e+00 1.443505999229138581e+01 1.312191116837786709e+01 4.085951541223971084e+00 -1.313833329373564007e+00 6.691581523977606361e-02 7.887103207333414634e-01 -2.752259155340307240e-02 1.004323729649468033e+00
