1.557680503382658819e+06 9.333879984736302868e+05 6.217785327804028057e+05 3.991551819974043756e+05 2.411266103126360686e+05 1.372896372880291892e+05 7.818987146184234007e+04 3.556089598196375300e+04 1.040607746059145757e+04 3.980137125445269703e+03 1.200941902533129678e+03 2.722443733908904733e+02
9.333879984736302868e+05 8.314474554729327792e+05 4.402739089935147204e+05 2.789210658729728893e+05 1.698229639432329568e+05 1.039221409530684468e+05 5.754922347218122741e+04 2.534786399308814725e+04 8.330730859500908991e+03 3.110318399235100969e+03 9.130392892846266477e+02 2.626985823402231972e+02
6.217785327804028057e+05 4.402739089935147204e+05 4.059408455198887968e+05 1.854418093782163924e+05 1.169109464590435964e+05 6.571754414236900629e+04 3.958597982968021824e+04 1.580513905243896443e+04 5.739558669680362073e+03 1.962432556052146310e+03 6.113991034085504452e+02 1.617037589043163450e+02
3.991551819974043756e+05 2.789210658729728893e+05 1.854418093782163924e+05 1.680378817564094788e+05 7.437243866228197294e+04 4.208875219477658538e+04 2.507844066812536767e+04 1.041838552085859737e+04 3.387290222668783827e+03 1.457948808284260394e+03 3.594184265712668207e+02 9.876910356022210635e+01
2.411266103126360686e+05 1.698229639432329568e+05 1.169109464590435964e+05 7.437243866228197294e+04 7.723971160503884312e+04 2.791768832690511044e+04 1.589350622879359798e+04 6.044374893241167229e+03 2.082981555875567210e+03 1.054917464911079151e+03 1.634244329796450756e+02 5.156869808325304660e+01
1.372896372880291892e+05 1.039221409530684468e+05 6.571754414236900629e+04 4.208875219477658538e+04 2.791768832690511044e+04 3.070927406004246586e+04 9.244885324343997127e+03 3.711773079198609594e+03 1.266405293482171601e+03 5.441893991130342556e+02 1.180427893724950934e+02 5.981725076655734341e+01
7.818987146184234007e+04 5.754922347218122741e+04 3.958597982968021824e+04 2.507844066812536767e+04 1.589350622879359798e+04 9.244885324343997127e+03 1.169314336466704299e+04 2.478720770239240210e+03 8.935491373857074677e+02 3.092152695977086410e+02 6.838899839568121308e+01 2.089330967433794228e+01
3.556089598196375300e+04 2.534786399308814725e+04 1.580513905243896443e+04 1.041838552085859737e+04 6.044374893241167229e+03 3.711773079198609594e+03 2.478720770239240210e+03 3.714937306022179200e+03 3.276204061371981879e+02 1.813804729278514856e+02 4.785881060125569775e+01 5.034172883350702676e+00
1.040607746059145757e+04 8.330730859500908991e+03 5.739558669680362073e+03 3.387290222668783827e+03 2.082981555875567210e+03 1.266405293482171601e+03 8.935491373857074677e+02 3.276204061371981879e+02 9.608455380655059344e+02 8.513136124030151564e+01 2.213763842104629020e+01 2.278837090512397356e+00
3.980137125445269703e+03 3.110318399235100969e+03 1.962432556052146310e+03 1.457948808284260394e+03 1.054917464911079151e+03 5.441893991130342556e+02 3.092152695977086410e+02 1.813804729278514856e+02 8.513136124030151564e+01 2.387178578136285410e+02 6.059735156218698293e+00 2.485895630947903889e+00
1.200941902533129678e+03 9.130392892846266477e+02 6.113991034085504452e+02 3.594184265712668207e+02 1.634244329796450756e+02 1.180427893724950934e+02 6.838899839568121308e+01 4.785881060125569775e+01 2.213763842104629020e+01 6.059735156218698293e+00 4.535507952386524977e+01 4.757276454324369519e-01
2.722443733908904733e+02 2.626985823402231972e+02 1.617037589043163450e+02 9.876910356022210635e+01 5.156869808325304660e+01 5.981725076655734341e+01 2.089330967433794228e+01 5.034172883350702676e+00 2.278837090512397356e+00 2.485895630947903889e+00 4.757276454324369519e-01 5.965923513462572103e+00
