2.093621747932939616e+05 6.751749388204033312e+04 3.162118916764715686e+04 1.082008521681687307e+04 2.058815009674261546e+03 1.084758477942094260e+03 1.071356909759653746e+02
6.751749388204033312e+04 5.208670913610100251e+04 1.475220315602365372e+04 4.925872026757593630e+03 1.226707398782043583e+03 4.949393680548226371e+02 7.512661660762171323e+01
3.162118916764715686e+04 1.475220315602365372e+04 1.482191214251624660e+04 2.517532076509541184e+03 6.027433443856690474e+02 2.385109946840881321e+02 2.230300278430048522e+01
1.082008521681687307e+04 4.925872026757593630e+03 2.517532076509541184e+03 3.650088194168459268e+03 1.310050608349357049e+02 6.519240991010605057e+01 7.308991932672351810e-01
2.058815009674261546e+03 1.226707398782043583e+03 6.027433443856690474e+02 1.310050608349357049e+02 6.075666722522896634e+02 2.367616920222706867e+01 1.433898486586532961e+00
1.084758477942094260e+03 4.949393680548226371e+02 2.385109946840881321e+02 6.519240991010605057e+01 2.367616920222706867e+01 1.237933856422635301e+02 3.712152383234793795e+00
1.071356909759653746e+02 7.512661660762171323e+01 2.230300278430048522e+01 7.308991932672351810e-01 1.433898486586532961e+00 3.712152383234793795e+00 1.090456006418610890e+01
