1.478134337291878648e+06 8.917234987304343376e+05 5.969793980874526314e+05 3.846453190972658340e+05 2.329985312249792041e+05 1.329322575817259785e+05 7.582370569965580944e+04 3.452432660720529384e+04 1.011118676782034527e+04 3.869742042960852359e+03 1.168150428345411910e+03 2.649127109653216507e+02
8.917234987304343376e+05 7.997150785420972388e+05 4.255778799866454210e+05 2.706029166248445399e+05 1.652102300465988810e+05 1.013055375247434276e+05 5.618578482772546704e+04 2.477572472531732637e+04 8.149494280429546052e+03 3.044537360074554726e+03 8.941259875689863748e+02 2.573558771604014623e+02
5.969793980874526314e+05 4.255778799866454210e+05 3.943433035259291646e+05 1.808066644352515286e+05 1.143013387356760795e+05 6.438164167569457641e+04 3.884042772507767950e+04 1.552526211220005825e+04 5.642631331834565572e+03 1.930486724545270590e+03 6.017133819187101835e+02 1.592033118745670208e+02
3.846453190972658340e+05 2.706029166248445399e+05 1.808066644352515286e+05 1.644405937783539412e+05 7.297989306106755976e+04 4.138489249045225733e+04 2.469665836144934292e+04 1.027155282033946241e+04 3.342340141160564144e+03 1.439492526453212122e+03 3.550260913522748183e+02 9.759962622691884349e+01
2.329985312249792041e+05 1.652102300465988810e+05 1.143013387356760795e+05 7.297989306106755976e+04 7.600133247038361151e+04 2.752609458450153761e+04 1.569447322888637791e+04 5.975530056946481636e+03 2.060976420892971873e+03 1.044419529643320402e+03 1.618699683288553786e+02 5.109784352847781719e+01
1.329322575817259785e+05 1.013055375247434276e+05 6.438164167569457641e+04 4.138489249045225733e+04 2.752609458450153761e+04 3.034025831702371215e+04 9.147725751663028859e+03 3.676978075298233307e+03 1.255581466063605149e+03 5.398724422777027030e+02 1.171583748530341467e+02 5.939192941203334897e+01
7.582370569965580944e+04 5.618578482772546704e+04 3.884042772507767950e+04 2.469665836144934292e+04 1.569447322888637791e+04 9.147725751663028859e+03 1.158790072035626872e+04 2.459229797680007323e+03 8.872632687528488304e+02 3.072301959628095460e+02 6.798013181628738266e+01 2.077639102178750363e+01
3.452432660720529384e+04 2.477572472531732637e+04 1.552526211220005825e+04 1.027155282033946241e+04 5.975530056946481636e+03 3.676978075298233307e+03 2.459229797680007323e+03 3.689954496191235194e+03 3.256889488015091274e+02 1.804228384541983985e+02 4.762726858429560650e+01 5.011745512616596621e+00
1.011118676782034527e+04 8.149494280429546052e+03 5.642631331834565572e+03 3.342340141160564144e+03 2.060976420892971873e+03 1.255581466063605149e+03 8.872632687528488304e+02 3.256889488015091274e+02 9.559786918708432495e+02 8.475261660303158351e+01 2.204893516798767195e+01 2.270579539753531328e+00
3.869742042960852359e+03 3.044537360074554726e+03 1.930486724545270590e+03 1.439492526453212122e+03 1.044419529643320402e+03 5.398724422777027030e+02 3.072301959628095460e+02 1.804228384541983985e+02 8.475261660303158351e+01 2.378030108646948690e+02 6.039192558239284025e+00 2.478421881043653574e+00
1.168150428345411910e+03 8.941259875689863748e+02 6.017133819187101835e+02 3.550260913522748183e+02 1.618699683288553786e+02 1.171583748530341467e+02 6.798013181628738266e+01 4.762726858429560650e+01 2.204893516798767195e+01 6.039192558239284025e+00 4.522139544502356046e+01 4.745079867188009004e-01
2.649127109653216507e+02 2.573558771604014623e+02 1.592033118745670208e+02 9.759962622691884349e+01 5.109784352847781719e+01 5.939192941203334897e+01 2.077639102178750363e+01 5.011745512616596621e+00 2.270579539753531328e+00 2.478421881043653574e+00 4.745079867188009004e-01 5.952918378835863500e+00
