1.305128160630580969e+06 6.996848635844199453e+05 4.598551742065901635e+05 2.767786125819075387e+05 1.557029899854857358e+05 8.490371798515343107e+04 3.464300458408326085e+04 1.408289312617553514e+04 3.914706576644658071e+03 1.624091819501371674e+03 2.569735256835189716e+02
6.996848635844199453e+05 6.078594270090928767e+05 3.014213652674722834e+05 1.779186617698504415e+05 1.055929073801137565e+05 5.750485820750715357e+04 2.295639835938416218e+04 9.773231199330079107e+03 2.375324236656832909e+03 9.109965111961121238e+02 1.870443817234537676e+02
4.598551742065901635e+05 3.014213652674722834e+05 2.722331201856455300e+05 1.196501358986761770e+05 7.014473333052094677e+04 3.664739298639309709e+04 1.480270409503614792e+04 6.237946699039606756e+03 2.149364317691727592e+03 5.186921312341639805e+02 7.766833000792514952e+01
2.767786125819075387e+05 1.779186617698504415e+05 1.196501358986761770e+05 1.059362982218911056e+05 4.067820303996765870e+04 2.123281672481344503e+04 8.918491335434386201e+03 3.893367442679639225e+03 9.682864878734067133e+02 2.841361667579317327e+02 4.735472060845219744e+01
1.557029899854857358e+05 1.055929073801137565e+05 7.014473333052094677e+04 4.067820303996765870e+04 4.522774640109117900e+04 1.350056398374711716e+04 5.315681603547695886e+03 2.336471444272844565e+03 6.545308267048421840e+02 2.180187729060411925e+02 4.479002454800520638e+01
8.490371798515343107e+04 5.750485820750715357e+04 3.664739298639309709e+04 2.123281672481344503e+04 1.350056398374711716e+04 1.554415223593765404e+04 3.019910003408533612e+03 1.185042520517318053e+03 4.041239425400603977e+02 1.510033432776398854e+02 2.172932854883413611e+01
3.464300458408326085e+04 2.295639835938416218e+04 1.480270409503614792e+04 8.918491335434386201e+03 5.315681603547695886e+03 3.019910003408533612e+03 4.682272264582490607e+03 4.811903140689556153e+02 2.100697837401104380e+02 6.563112120434855967e+01 4.705864331095378716e+00
1.408289312617553514e+04 9.773231199330079107e+03 6.237946699039606756e+03 3.893367442679639225e+03 2.336471444272844565e+03 1.185042520517318053e+03 4.811903140689556153e+02 1.350032084742264942e+03 1.197093454758497586e+02 1.816855787163783731e+01 -3.119595896155348935e+00
3.914706576644658071e+03 2.375324236656832909e+03 2.149364317691727592e+03 9.682864878734067133e+02 6.545308267048421840e+02 4.041239425400603977e+02 2.100697837401104380e+02 1.197093454758497586e+02 2.928616235385104574e+02 1.206269890204141149e+01 3.843122537060839061e-01
1.624091819501371674e+03 9.109965111961121238e+02 5.186921312341639805e+02 2.841361667579317327e+02 2.180187729060411925e+02 1.510033432776398854e+02 6.563112120434855967e+01 1.816855787163783731e+01 1.206269890204141149e+01 4.673707591499725567e+01 -4.117631289708602593e-01
2.569735256835189716e+02 1.870443817234537676e+02 7.766833000792514952e+01 4.735472060845219744e+01 4.479002454800520638e+01 2.172932854883413611e+01 4.705864331095378716e+00 -3.119595896155348935e+00 3.843122537060839061e-01 -4.117631289708602593e-01 4.970569199719669484e+00
