1.812912989894183120e+06 1.025892554384166375e+06 7.341560365461314796e+05 5.010878648017549422e+05 3.307863894706659485e+05 2.061484106844928465e+05 1.307075985782413627e+05 6.821094891079563240e+04 3.535722634393054614e+04 1.410215879881628643e+04 2.013192023047830162e+03 1.436557697036610080e+03 1.104577135561978594e+02
1.025892554384166375e+06 8.860426456034705043e+05 5.165818745680126012e+05 3.453671298078407999e+05 2.237492440709173097e+05 1.392436629835156491e+05 8.709016089030305739e+04 4.679614194899414724e+04 2.600535327009264802e+04 1.046814770139352368e+04 1.872752861160208568e+03 1.004462692824991109e+03 1.014944248873932331e+01
7.341560365461314796e+05 5.165818745680126012e+05 4.782060992959793657e+05 2.479636108538173430e+05 1.582506922587275039e+05 1.026733842336668458e+05 6.295585938279616676e+04 3.552291374645152246e+04 1.911355768610465020e+04 7.101233837002936525e+03 1.523899628140534332e+03 7.615589872031273444e+02 7.770830939603775356e+00
5.010878648017549422e+05 3.453671298078407999e+05 2.479636108538173430e+05 2.510215474343277456e+05 1.131993154215604154e+05 7.191957687829888891e+04 4.179561375052746735e+04 2.445452043029900597e+04 1.210343978343688832e+04 5.393757780073806316e+03 8.904093128428648924e+02 3.996999546427467749e+02 1.258742130343767585e+01
3.307863894706659485e+05 2.237492440709173097e+05 1.582506922587275039e+05 1.131993154215604154e+05 1.199391143501814367e+05 4.598497402427139605e+04 3.167753687528263981e+04 1.486035926748954080e+04 8.078229807807178986e+03 3.225206621767672914e+03 5.900127553530667228e+02 2.738317237067063843e+02 8.754469305178806948e+00
2.061484106844928465e+05 1.392436629835156491e+05 1.026733842336668458e+05 7.191957687829888891e+04 4.598497402427139605e+04 5.418949275793600100e+04 1.971860624594590263e+04 9.593263334457134988e+03 4.933010426287852169e+03 2.189522093864557064e+03 3.756514449734560230e+02 1.724631198464541058e+02 -1.710872965165977178e+01
1.307075985782413627e+05 8.709016089030305739e+04 6.295585938279616676e+04 4.179561375052746735e+04 3.167753687528263981e+04 1.971860624594590263e+04 2.398983281322582116e+04 7.279952143786183115e+03 3.744020508457100277e+03 1.474671145253086252e+03 2.131791092859137109e+02 1.033810597070931294e+02 1.708316928223329256e+00
6.821094891079563240e+04 4.679614194899414724e+04 3.552291374645152246e+04 2.445452043029900597e+04 1.486035926748954080e+04 9.593263334457134988e+03 7.279952143786183115e+03 8.486207951272839637e+03 1.867422094218077746e+03 7.809007261278613896e+02 2.061885998846225903e+02 8.172708465813718703e+01 6.649622926256092192e+00
3.535722634393054614e+04 2.600535327009264802e+04 1.911355768610465020e+04 1.210343978343688832e+04 8.078229807807178986e+03 4.933010426287852169e+03 3.744020508457100277e+03 1.867422094218077746e+03 3.126049595089527429e+03 4.969842656654442408e+02 1.101386649188195861e+02 2.089773058480772505e+01 -1.007251738631724347e+00
1.410215879881628643e+04 1.046814770139352368e+04 7.101233837002936525e+03 5.393757780073806316e+03 3.225206621767672914e+03 2.189522093864557064e+03 1.474671145253086252e+03 7.809007261278613896e+02 4.969842656654442408e+02 9.327149550653566621e+02 9.256946227157413887e+01 1.612062912750377563e+01 -1.370040033952056202e+00
2.013192023047830162e+03 1.872752861160208568e+03 1.523899628140534332e+03 8.904093128428648924e+02 5.900127553530667228e+02 3.756514449734560230e+02 2.131791092859137109e+02 2.061885998846225903e+02 1.101386649188195861e+02 9.256946227157413887e+01 2.114831210469876908e+02 -8.085828686766383111e-01 1.189172159670171869e+00
1.436557697036610080e+03 1.004462692824991109e+03 7.615589872031273444e+02 3.996999546427467749e+02 2.738317237067063843e+02 1.724631198464541058e+02 1.033810597070931294e+02 8.172708465813718703e+01 2.089773058480772505e+01 1.612062912750377563e+01 -8.085828686766383111e-01 3.936287656104734367e+01 -3.727814470494886234e-01
1.104577135561978594e+02 1.014944248873932331e+01 7.770830939603775356e+00 1.258742130343767585e+01 8.754469305178806948e+00 -1.710872965165977178e+01 1.708316928223329256e+00 6.649622926256092192e+00 -1.007251738631724347e+00 -1.370040033952056202e+00 1.189172159670171869e+00 -3.727814470494886234e-01 4.973057054559723689e+00
