1.984143044656996150e+06 1.191374650256676367e+06 8.252651709612237755e+05 5.883633888473585248e+05 4.088635145418187603e+05 2.884913353834142908e+05 1.767113329354492889e+05 1.027344094705918978e+05 6.096909969122007169e+04 3.050470750071479415e+04 1.205274980433011660e+04 2.862417392639482841e+03 1.642367591505812925e+03 -5.712584901643033675e+01 0.000000000000000000e+00 0.000000000000000000e+00 0.000000000000000000e+00 0.000000000000000000e+00 0.000000000000000000e+00 0.000000000000000000e+00
1.191374650256676367e+06 1.056293895597876748e+06 5.867319743572500302e+05 4.235117734233684023e+05 2.928272560558580444e+05 2.119438291121561488e+05 1.265933888055769639e+05 7.235708165817191184e+04 4.546791462777141714e+04 2.232830209907475000e+04 9.997598394114767871e+03 2.122301270551230573e+03 1.135512649375877345e+03 -4.796511951462757395e+01 0.000000000000000000e+00 0.000000000000000000e+00 0.000000000000000000e+00 0.000000000000000000e+00 0.000000000000000000e+00 0.000000000000000000e+00
8.252651709612237755e+05 5.867319743572500302e+05 5.350226897987544071e+05 2.916876144019225612e+05 1.982777086455989338e+05 1.458805315657788597e+05 8.935394566074426984e+04 4.771620404628988035e+04 2.860104629309772645e+04 1.562014827316295123e+04 6.227246054794783049e+03 1.609772835807538286e+03 8.453681377923743412e+02 -1.572868800636442899e+01 0.000000000000000000e+00 0.000000000000000000e+00 0.000000000000000000e+00 0.000000000000000000e+00 0.000000000000000000e+00 0.000000000000000000e+00
5.883633888473585248e+05 4.235117734233684023e+05 2.916876144019225612e+05 2.891363970419954276e+05 1.398423652135747543e+05 1.028254536621935549e+05 6.321689801664154948e+04 3.525039715047111531e+04 2.100439184491806373e+04 1.150396550514091177e+04 4.750221529957833809e+03 9.505142475051901556e+02 6.119008691201377133e+02 -1.806870071743566797e+01 0.000000000000000000e+00 0.000000000000000000e+00 0.000000000000000000e+00 0.000000000000000000e+00 0.000000000000000000e+00 0.000000000000000000e+00
4.088635145418187603e+05 2.928272560558580444e+05 1.982777086455989338e+05 1.398423652135747543e+05 1.431234356448049366e+05 6.924725078063386900e+04 4.382818476656671555e+04 2.474763781966915485e+04 1.465719552418834428e+04 7.048875265358607066e+03 3.272525579606205156e+03 6.249017932072077883e+02 4.089658916653278311e+02 1.135963256276565048e+01 0.000000000000000000e+00 0.000000000000000000e+00 0.000000000000000000e+00 0.000000000000000000e+00 0.000000000000000000e+00 0.000000000000000000e+00
2.884913353834142908e+05 2.119438291121561488e+05 1.458805315657788597e+05 1.028254536621935549e+05 6.924725078063386900e+04 7.793248267550177115e+04 3.257998518910447092e+04 1.796121957835437206e+04 1.169133233289747295e+04 5.456137226299539179e+03 2.195770188476962176e+03 6.492760015113813097e+02 3.301556263932457114e+02 -1.861289766028284376e+01 0.000000000000000000e+00 0.000000000000000000e+00 0.000000000000000000e+00 0.000000000000000000e+00 0.000000000000000000e+00 0.000000000000000000e+00
1.767113329354492889e+05 1.265933888055769639e+05 8.935394566074426984e+04 6.321689801664154948e+04 4.382818476656671555e+04 3.257998518910447092e+04 3.568665279994994489e+04 1.167379393914395587e+04 6.718796941026283093e+03 3.187718866910412544e+03 1.531374043136506543e+03 2.393600711944640693e+02 1.478117527398146649e+02 -8.624737665520875396e+00 0.000000000000000000e+00 0.000000000000000000e+00 0.000000000000000000e+00 0.000000000000000000e+00 0.000000000000000000e+00 0.000000000000000000e+00
1.027344094705918978e+05 7.235708165817191184e+04 4.771620404628988035e+04 3.525039715047111531e+04 2.474763781966915485e+04 1.796121957835437206e+04 1.167379393914395587e+04 1.459079042876553649e+04 4.111450683814539843e+03 2.280161667896268682e+03 8.620911561194087653e+02 2.542751623750951353e+02 1.028693742869260035e+02 -1.867916170524479558e+00 0.000000000000000000e+00 0.000000000000000000e+00 0.000000000000000000e+00 0.000000000000000000e+00 0.000000000000000000e+00 0.000000000000000000e+00
6.096909969122007169e+04 4.546791462777141714e+04 2.860104629309772645e+04 2.100439184491806373e+04 1.465719552418834428e+04 1.169133233289747295e+04 6.718796941026283093e+03 4.111450683814539843e+03 6.592633723245037800e+03 1.079940953243618196e+03 4.941303663328025095e+02 1.141687629717046093e+02 7.358524634665926101e+01 9.515701735048521570e+00 0.000000000000000000e+00 0.000000000000000000e+00 0.000000000000000000e+00 0.000000000000000000e+00 0.000000000000000000e+00 0.000000000000000000e+00
3.050470750071479415e+04 2.232830209907475000e+04 1.562014827316295123e+04 1.150396550514091177e+04 7.048875265358607066e+03 5.456137226299539179e+03 3.187718866910412544e+03 2.280161667896268682e+03 1.079940953243618196e+03 2.068218892077478813e+03 2.896328496828029415e+02 6.367175259292280032e+01 3.507189776070423903e+01 -6.810100798175801051e-01 0.000000000000000000e+00 0.000000000000000000e+00 0.000000000000000000e+00 0.000000000000000000e+00 0.000000000000000000e+00 0.000000000000000000e+00
1.205274980433011660e+04 9.997598394114767871e+03 6.227246054794783049e+03 4.750221529957833809e+03 3.272525579606205156e+03 2.195770188476962176e+03 1.531374043136506543e+03 8.620911561194087653e+02 4.941303663328025095e+02 2.896328496828029415e+02 6.792195862772683768e+02 4.199720533350507168e+01 9.466006790017214456e+00 2.056297004397933392e+00 0.000000000000000000e+00 0.000000000000000000e+00 0.000000000000000000e+00 0.000000000000000000e+00 0.000000000000000000e+00 0.000000000000000000e+00
2.862417392639482841e+03 2.122301270551230573e+03 1.609772835807538286e+03 9.505142475051901556e+02 6.249017932072077883e+02 6.492760015113813097e+02 2.393600711944640693e+02 2.542751623750951353e+02 1.141687629717046093e+02 6.367175259292280032e+01 4.199720533350507168e+01 1.277596591977808060e+02 7.971482476839748976e+00 3.276225545154133334e-01 0.000000000000000000e+00 0.000000000000000000e+00 0.000000000000000000e+00 0.000000000000000000e+00 0.000000000000000000e+00 0.000000000000000000e+00
1.642367591505812925e+03 1.135512649375877345e+03 8.453681377923743412e+02 6.119008691201377133e+02 4.089658916653278311e+02 3.301556263932457114e+02 1.478117527398146649e+02 1.028693742869260035e+02 7.358524634665926101e+01 3.507189776070423903e+01 9.466006790017214456e+00 7.971482476839748976e+00 2.970688329132808292e+01 -1.588895131130179661e-01 0.000000000000000000e+00 0.000000000000000000e+00 0.000000000000000000e+00 0.000000000000000000e+00 0.000000000000000000e+00 0.000000000000000000e+00
-5.712584901643033675e+01 -4.796511951462757395e+01 -1.572868800636442899e+01 -1.806870071743566797e+01 1.135963256276565048e+01 -1.861289766028284376e+01 -8.624737665520875396e+00 -1.867916170524479558e+00 9.515701735048521570e+00 -6.810100798175801051e-01 2.056297004397933392e+00 3.276225545154133334e-01 -1.588895131130179661e-01 2.995120502889748071e+00 0.000000000000000000e+00 0.000000000000000000e+00 0.000000000000000000e+00 0.000000000000000000e+00 0.000000000000000000e+00 0.000000000000000000e+00
0.000000000000000000e+00 0.000000000000000000e+00 0.000000000000000000e+00 0.000000000000000000e+00 0.000000000000000000e+00 0.000000000000000000e+00 0.000000000000000000e+00 0.000000000000000000e+00 0.000000000000000000e+00 0.000000000000000000e+00 0.000000000000000000e+00 0.000000000000000000e+00 0.000000000000000000e+00 0.000000000000000000e+00 0.000000000000000000e+00 0.000000000000000000e+00 0.000000000000000000e+00 0.000000000000000000e+00 0.000000000000000000e+00 0.000000000000000000e+00
0.000000000000000000e+00 0.000000000000000000e+00 0.000000000000000000e+00 0.000000000000000000e+00 0.000000000000000000e+00 0.000000000000000000e+00 0.000000000000000000e+00 0.000000000000000000e+00 0.000000000000000000e+00 0.000000000000000000e+00 0.000000000000000000e+00 0.000000000000000000e+00 0.000000000000000000e+00 0.000000000000000000e+00 0.000000000000000000e+00 0.000000000000000000e+00 0.000000000000000000e+00 0.000000000000000000e+00 0.000000000000000000e+00 0.000000000000000000e+00
0.000000000000000000e+00 0.000000000000000000e+00 0.000000000000000000e+00 0.000000000000000000e+00 0.000000000000000000e+00 0.000000000000000000e+00 0.000000000000000000e+00 0.000000000000000000e+00 0.000000000000000000e+00 0.000000000000000000e+00 0.000000000000000000e+00 0.000000000000000000e+00 0.000000000000000000e+00 0.000000000000000000e+00 0.000000000000000000e+00 0.000000000000000000e+00 0.000000000000000000e+00 0.000000000000000000e+00 0.000000000000000000e+00 0.000000000000000000e+00
0.000000000000000000e+00 0.000000000000000000e+00 0.000000000000000000e+00 0.000000000000000000e+00 0.000000000000000000e+00 0.000000000000000000e+00 0.000000000000000000e+00 0.000000000000000000e+00 0.000000000000000000e+00 0.000000000000000000e+00 0.000000000000000000e+00 0.000000000000000000e+00 0.000000000000000000e+00 0.000000000000000000e+00 0.000000000000000000e+00 0.000000000000000000e+00 0.000000000000000000e+00 0.000000000000000000e+00 0.000000000000000000e+00 0.000000000000000000e+00
0.000000000000000000e+00 0.000000000000000000e+00 0.000000000000000000e+00 0.000000000000000000e+00 0.000000000000000000e+00 0.000000000000000000e+00 0.000000000000000000e+00 0.000000000000000000e+00 0.000000000000000000e+00 0.000000000000000000e+00 0.000000000000000000e+00 0.000000000000000000e+00 0.000000000000000000e+00 0.000000000000000000e+00 0.000000000000000000e+00 0.000000000000000000e+00 0.000000000000000000e+00 0.000000000000000000e+00 0.000000000000000000e+00 0.000000000000000000e+00
0.000000000000000000e+00 0.000000000000000000e+00 0.000000000000000000e+00 0.000000000000000000e+00 0.000000000000000000e+00 0.000000000000000000e+00 0.000000000000000000e+00 0.000000000000000000e+00 0.000000000000000000e+00 0.000000000000000000e+00 0.000000000000000000e+00 0.000000000000000000e+00 0.000000000000000000e+00 0.000000000000000000e+00 0.000000000000000000e+00 0.000000000000000000e+00 0.000000000000000000e+00 0.000000000000000000e+00 0.000000000000000000e+00 0.000000000000000000e+00
