1.751527818156428169e+06 1.006036616877649329e+06 6.624679975423240103e+05 4.532384918982884265e+05 2.779993643360514543e+05 1.498876119588811125e+05 8.137208270797743171e+04 4.451293484446898947e+04 1.868678251506851666e+04 3.611412169256508605e+03 1.088075531643737349e+03 4.354133249625384110e+02 0.000000000000000000e+00 0.000000000000000000e+00 0.000000000000000000e+00 0.000000000000000000e+00 0.000000000000000000e+00 0.000000000000000000e+00 0.000000000000000000e+00 0.000000000000000000e+00
1.006036616877649329e+06 8.429054149059238844e+05 4.495863452322052326e+05 3.147717663860290777e+05 1.845033713211190770e+05 1.037462319650310237e+05 5.818859321992393234e+04 2.766207135743024264e+04 1.150108060227692658e+04 2.040306114130243031e+03 5.820696611447126543e+02 3.055570807782349902e+02 0.000000000000000000e+00 0.000000000000000000e+00 0.000000000000000000e+00 0.000000000000000000e+00 0.000000000000000000e+00 0.000000000000000000e+00 0.000000000000000000e+00 0.000000000000000000e+00
6.624679975423240103e+05 4.495863452322052326e+05 4.016581079233423225e+05 2.070852408246860432e+05 1.212101102150813967e+05 7.145666443660583172e+04 3.746401073583956168e+04 1.969801071480073733e+04 7.692254690020213275e+03 1.649098151012568906e+03 6.004498124750552961e+02 3.054136419276864558e+02 0.000000000000000000e+00 0.000000000000000000e+00 0.000000000000000000e+00 0.000000000000000000e+00 0.000000000000000000e+00 0.000000000000000000e+00 0.000000000000000000e+00 0.000000000000000000e+00
4.532384918982884265e+05 3.147717663860290777e+05 2.070852408246860432e+05 2.013024791493696393e+05 8.066920405745541211e+04 4.701325419452906499e+04 2.573951938736846932e+04 1.360634675153996795e+04 5.745408609352326494e+03 1.169244686700396869e+03 3.100591030198470435e+02 1.416243377844050144e+02 0.000000000000000000e+00 0.000000000000000000e+00 0.000000000000000000e+00 0.000000000000000000e+00 0.000000000000000000e+00 0.000000000000000000e+00 0.000000000000000000e+00 0.000000000000000000e+00
2.779993643360514543e+05 1.845033713211190770e+05 1.212101102150813967e+05 8.066920405745541211e+04 7.688035199553385610e+04 2.943003862884857517e+04 1.578265140813365724e+04 8.802217621015546683e+03 3.688276462538892702e+03 6.867753803809314377e+02 1.710332018108443322e+02 1.063829521977192343e+02 0.000000000000000000e+00 0.000000000000000000e+00 0.000000000000000000e+00 0.000000000000000000e+00 0.000000000000000000e+00 0.000000000000000000e+00 0.000000000000000000e+00 0.000000000000000000e+00
1.498876119588811125e+05 1.037462319650310237e+05 7.145666443660583172e+04 4.701325419452906499e+04 2.943003862884857517e+04 3.142333309393022500e+04 9.596826440702870968e+03 4.593402339817436768e+03 2.025549038938615013e+03 4.692018840877636308e+02 1.667815692373490606e+02 2.557307693241283530e+01 0.000000000000000000e+00 0.000000000000000000e+00 0.000000000000000000e+00 0.000000000000000000e+00 0.000000000000000000e+00 0.000000000000000000e+00 0.000000000000000000e+00 0.000000000000000000e+00
8.137208270797743171e+04 5.818859321992393234e+04 3.746401073583956168e+04 2.573951938736846932e+04 1.578265140813365724e+04 9.596826440702870968e+03 1.149195361082192539e+04 2.960954212849023861e+03 1.067029889382734154e+03 1.731189901761594285e+02 9.361071693629426704e+01 2.166424620537564749e+01 0.000000000000000000e+00 0.000000000000000000e+00 0.000000000000000000e+00 0.000000000000000000e+00 0.000000000000000000e+00 0.000000000000000000e+00 0.000000000000000000e+00 0.000000000000000000e+00
4.451293484446898947e+04 2.766207135743024264e+04 1.969801071480073733e+04 1.360634675153996795e+04 8.802217621015546683e+03 4.593402339817436768e+03 2.960954212849023861e+03 4.056961497612240237e+03 5.720156251241480732e+02 1.037544112237484057e+02 6.581629436779124376e+01 1.243935147404377695e+01 0.000000000000000000e+00 0.000000000000000000e+00 0.000000000000000000e+00 0.000000000000000000e+00 0.000000000000000000e+00 0.000000000000000000e+00 0.000000000000000000e+00 0.000000000000000000e+00
1.868678251506851666e+04 1.150108060227692658e+04 7.692254690020213275e+03 5.745408609352326494e+03 3.688276462538892702e+03 2.025549038938615013e+03 1.067029889382734154e+03 5.720156251241480732e+02 1.069055511388128252e+03 7.843030535610684240e+01 -2.015011310139737333e+00 5.158299496338625723e+00 0.000000000000000000e+00 0.000000000000000000e+00 0.000000000000000000e+00 0.000000000000000000e+00 0.000000000000000000e+00 0.000000000000000000e+00 0.000000000000000000e+00 0.000000000000000000e+00
3.611412169256508605e+03 2.040306114130243031e+03 1.649098151012568906e+03 1.169244686700396869e+03 6.867753803809314377e+02 4.692018840877636308e+02 1.731189901761594285e+02 1.037544112237484057e+02 7.843030535610684240e+01 2.025882050257646085e+02 6.934397013121886388e+00 4.043631602002945580e-01 0.000000000000000000e+00 0.000000000000000000e+00 0.000000000000000000e+00 0.000000000000000000e+00 0.000000000000000000e+00 0.000000000000000000e+00 0.000000000000000000e+00 0.000000000000000000e+00
1.088075531643737349e+03 5.820696611447126543e+02 6.004498124750552961e+02 3.100591030198470435e+02 1.710332018108443322e+02 1.667815692373490606e+02 9.361071693629426704e+01 6.581629436779124376e+01 -2.015011310139737333e+00 6.934397013121886388e+00 4.138500758678297586e+01 4.827713540423755889e-01 0.000000000000000000e+00 0.000000000000000000e+00 0.000000000000000000e+00 0.000000000000000000e+00 0.000000000000000000e+00 0.000000000000000000e+00 0.000000000000000000e+00 0.000000000000000000e+00
4.354133249625384110e+02 3.055570807782349902e+02 3.054136419276864558e+02 1.416243377844050144e+02 1.063829521977192343e+02 2.557307693241283530e+01 2.166424620537564749e+01 1.243935147404377695e+01 5.158299496338625723e+00 4.043631602002945580e-01 4.827713540423755889e-01 6.936049081574673814e+00 0.000000000000000000e+00 0.000000000000000000e+00 0.000000000000000000e+00 0.000000000000000000e+00 0.000000000000000000e+00 0.000000000000000000e+00 0.000000000000000000e+00 0.000000000000000000e+00
0.000000000000000000e+00 0.000000000000000000e+00 0.000000000000000000e+00 0.000000000000000000e+00 0.000000000000000000e+00 0.000000000000000000e+00 0.000000000000000000e+00 0.000000000000000000e+00 0.000000000000000000e+00 0.000000000000000000e+00 0.000000000000000000e+00 0.000000000000000000e+00 0.000000000000000000e+00 0.000000000000000000e+00 0.000000000000000000e+00 0.000000000000000000e+00 0.000000000000000000e+00 0.000000000000000000e+00 0.000000000000000000e+00 0.000000000000000000e+00
0.000000000000000000e+00 0.000000000000000000e+00 0.000000000000000000e+00 0.000000000000000000e+00 0.000000000000000000e+00 0.000000000000000000e+00 0.000000000000000000e+00 0.000000000000000000e+00 0.000000000000000000e+00 0.000000000000000000e+00 0.000000000000000000e+00 0.000000000000000000e+00 0.000000000000000000e+00 0.000000000000000000e+00 0.000000000000000000e+00 0.000000000000000000e+00 0.000000000000000000e+00 0.000000000000000000e+00 0.000000000000000000e+00 0.000000000000000000e+00
0.000000000000000000e+00 0.000000000000000000e+00 0.000000000000000000e+00 0.000000000000000000e+00 0.000000000000000000e+00 0.000000000000000000e+00 0.000000000000000000e+00 0.000000000000000000e+00 0.000000000000000000e+00 0.000000000000000000e+00 0.000000000000000000e+00 0.000000000000000000e+00 0.000000000000000000e+00 0.000000000000000000e+00 0.000000000000000000e+00 0.000000000000000000e+00 0.000000000000000000e+00 0.000000000000000000e+00 0.000000000000000000e+00 0.000000000000000000e+00
0.000000000000000000e+00 0.000000000000000000e+00 0.000000000000000000e+00 0.000000000000000000e+00 0.000000000000000000e+00 0.000000000000000000e+00 0.000000000000000000e+00 0.000000000000000000e+00 0.000000000000000000e+00 0.000000000000000000e+00 0.000000000000000000e+00 0.000000000000000000e+00 0.000000000000000000e+00 0.000000000000000000e+00 0.000000000000000000e+00 0.000000000000000000e+00 0.000000000000000000e+00 0.000000000000000000e+00 0.000000000000000000e+00 0.000000000000000000e+00
0.000000000000000000e+00 0.000000000000000000e+00 0.000000000000000000e+00 0.000000000000000000e+00 0.000000000000000000e+00 0.000000000000000000e+00 0.000000000000000000e+00 0.000000000000000000e+00 0.000000000000000000e+00 0.000000000000000000e+00 0.000000000000000000e+00 0.000000000000000000e+00 0.000000000000000000e+00 0.000000000000000000e+00 0.000000000000000000e+00 0.000000000000000000e+00 0.000000000000000000e+00 0.000000000000000000e+00 0.000000000000000000e+00 0.000000000000000000e+00
0.000000000000000000e+00 0.000000000000000000e+00 0.000000000000000000e+00 0.000000000000000000e+00 0.000000000000000000e+00 0.000000000000000000e+00 0.000000000000000000e+00 0.000000000000000000e+00 0.000000000000000000e+00 0.000000000000000000e+00 0.000000000000000000e+00 0.000000000000000000e+00 0.000000000000000000e+00 0.000000000000000000e+00 0.000000000000000000e+00 0.000000000000000000e+00 0.000000000000000000e+00 0.000000000000000000e+00 0.000000000000000000e+00 0.000000000000000000e+00
0.000000000000000000e+00 0.000000000000000000e+00 0.000000000000000000e+00 0.000000000000000000e+00 0.000000000000000000e+00 0.000000000000000000e+00 0.000000000000000000e+00 0.000000000000000000e+00 0.000000000000000000e+00 0.000000000000000000e+00 0.000000000000000000e+00 0.000000000000000000e+00 0.000000000000000000e+00 0.000000000000000000e+00 0.000000000000000000e+00 0.000000000000000000e+00 0.000000000000000000e+00 0.000000000000000000e+00 0.000000000000000000e+00 0.000000000000000000e+00
0.000000000000000000e+00 0.000000000000000000e+00 0.000000000000000000e+00 0.000000000000000000e+00 0.000000000000000000e+00 0.000000000000000000e+00 0.000000000000000000e+00 0.000000000000000000e+00 0.000000000000000000e+00 0.000000000000000000e+00 0.000000000000000000e+00 0.000000000000000000e+00 0.000000000000000000e+00 0.000000000000000000e+00 0.000000000000000000e+00 0.000000000000000000e+00 0.000000000000000000e+00 0.000000000000000000e+00 0.000000000000000000e+00 0.000000000000000000e+00
