1.619170972477801377e+06 9.263440348786595277e+05 5.876107201860768255e+05 3.777699817009709659e+05 2.258579281809100648e+05 1.217190722390818410e+05 6.091008590327738057e+04 3.065361683535272459e+04 1.073257227726994279e+04 1.340973110432104932e+03 1.146671375612779229e+03 -4.572370632808988944e+01 0.000000000000000000e+00 0.000000000000000000e+00 0.000000000000000000e+00 0.000000000000000000e+00 0.000000000000000000e+00 0.000000000000000000e+00 0.000000000000000000e+00 0.000000000000000000e+00
9.263440348786595277e+05 7.909619713136033388e+05 4.004036827407308738e+05 2.689177716190252104e+05 1.507798130484519643e+05 8.486708708948339336e+04 4.310970406089584867e+04 1.850392051947601067e+04 7.027483479174326931e+03 6.336551455364574394e+02 7.002313593297000125e+02 -4.453986800832300474e+01 0.000000000000000000e+00 0.000000000000000000e+00 0.000000000000000000e+00 0.000000000000000000e+00 0.000000000000000000e+00 0.000000000000000000e+00 0.000000000000000000e+00 0.000000000000000000e+00
5.876107201860768255e+05 4.004036827407308738e+05 3.425602168502159766e+05 1.699738649787516915e+05 9.803456408129238116e+04 5.392132101925746974e+04 2.642979179521952756e+04 1.248348657174121035e+04 5.029718272842601436e+03 6.893248555576010403e+02 5.733607797879158170e+02 6.705014633157730941e+00 0.000000000000000000e+00 0.000000000000000000e+00 0.000000000000000000e+00 0.000000000000000000e+00 0.000000000000000000e+00 0.000000000000000000e+00 0.000000000000000000e+00 0.000000000000000000e+00
3.777699817009709659e+05 2.689177716190252104e+05 1.699738649787516915e+05 1.532372216802498151e+05 6.043423644186000456e+04 3.551976584337074019e+04 1.682630831366425264e+04 8.847754565446157358e+03 2.868772992644438546e+03 3.492035413668151591e+02 2.837634859712564435e+02 2.463016563359360589e+01 0.000000000000000000e+00 0.000000000000000000e+00 0.000000000000000000e+00 0.000000000000000000e+00 0.000000000000000000e+00 0.000000000000000000e+00 0.000000000000000000e+00 0.000000000000000000e+00
2.258579281809100648e+05 1.507798130484519643e+05 9.803456408129238116e+04 6.043423644186000456e+04 6.361672100549340394e+04 2.185402758251295745e+04 1.073945357505063839e+04 5.183550242178086592e+03 1.964444891532002430e+03 2.764245958845729660e+02 1.710131429299393346e+02 -1.145873971312881423e+01 0.000000000000000000e+00 0.000000000000000000e+00 0.000000000000000000e+00 0.000000000000000000e+00 0.000000000000000000e+00 0.000000000000000000e+00 0.000000000000000000e+00 0.000000000000000000e+00
1.217190722390818410e+05 8.486708708948339336e+04 5.392132101925746974e+04 3.551976584337074019e+04 2.185402758251295745e+04 2.359326834875335771e+04 6.022127198381605922e+03 2.920351312206008970e+03 9.847497666006393047e+02 1.023029116460182308e+02 1.249927153996180778e+02 -4.329504154403481131e+00 0.000000000000000000e+00 0.000000000000000000e+00 0.000000000000000000e+00 0.000000000000000000e+00 0.000000000000000000e+00 0.000000000000000000e+00 0.000000000000000000e+00 0.000000000000000000e+00
6.091008590327738057e+04 4.310970406089584867e+04 2.642979179521952756e+04 1.682630831366425264e+04 1.073945357505063839e+04 6.022127198381605922e+03 7.731883034111783672e+03 1.657000907216594669e+03 5.549158417269476331e+02 5.060759592771741922e+01 7.245265189544126372e+01 1.808672982470306279e+00 0.000000000000000000e+00 0.000000000000000000e+00 0.000000000000000000e+00 0.000000000000000000e+00 0.000000000000000000e+00 0.000000000000000000e+00 0.000000000000000000e+00 0.000000000000000000e+00
3.065361683535272459e+04 1.850392051947601067e+04 1.248348657174121035e+04 8.847754565446157358e+03 5.183550242178086592e+03 2.920351312206008970e+03 1.657000907216594669e+03 2.245678508590999627e+03 2.737011310484518276e+02 4.988820562621907584e+01 4.193839809479634795e+01 1.980288275575305512e+00 0.000000000000000000e+00 0.000000000000000000e+00 0.000000000000000000e+00 0.000000000000000000e+00 0.000000000000000000e+00 0.000000000000000000e+00 0.000000000000000000e+00 0.000000000000000000e+00
1.073257227726994279e+04 7.027483479174326931e+03 5.029718272842601436e+03 2.868772992644438546e+03 1.964444891532002430e+03 9.847497666006393047e+02 5.549158417269476331e+02 2.737011310484518276e+02 5.668752106695861812e+02 2.746612927163367601e+01 3.283693673535423851e+00 2.277803263439227288e-01 0.000000000000000000e+00 0.000000000000000000e+00 0.000000000000000000e+00 0.000000000000000000e+00 0.000000000000000000e+00 0.000000000000000000e+00 0.000000000000000000e+00 0.000000000000000000e+00
1.340973110432104932e+03 6.336551455364574394e+02 6.893248555576010403e+02 3.492035413668151591e+02 2.764245958845729660e+02 1.023029116460182308e+02 5.060759592771741922e+01 4.988820562621907584e+01 2.746612927163367601e+01 9.131865717508837577e+01 4.476221756931274554e-01 -3.572563799743611046e-01 0.000000000000000000e+00 0.000000000000000000e+00 0.000000000000000000e+00 0.000000000000000000e+00 0.000000000000000000e+00 0.000000000000000000e+00 0.000000000000000000e+00 0.000000000000000000e+00
1.146671375612779229e+03 7.002313593297000125e+02 5.733607797879158170e+02 2.837634859712564435e+02 1.710131429299393346e+02 1.249927153996180778e+02 7.245265189544126372e+01 4.193839809479634795e+01 3.283693673535423851e+00 4.476221756931274554e-01 1.931390302135162784e+01 -7.849948323410735340e-02 0.000000000000000000e+00 0.000000000000000000e+00 0.000000000000000000e+00 0.000000000000000000e+00 0.000000000000000000e+00 0.000000000000000000e+00 0.000000000000000000e+00 0.000000000000000000e+00
-4.572370632808988944e+01 -4.453986800832300474e+01 6.705014633157730941e+00 2.463016563359360589e+01 -1.145873971312881423e+01 -4.329504154403481131e+00 1.808672982470306279e+00 1.980288275575305512e+00 2.277803263439227288e-01 -3.572563799743611046e-01 -7.849948323410735340e-02 2.001422771273509760e+00 0.000000000000000000e+00 0.000000000000000000e+00 0.000000000000000000e+00 0.000000000000000000e+00 0.000000000000000000e+00 0.000000000000000000e+00 0.000000000000000000e+00 0.000000000000000000e+00
0.000000000000000000e+00 0.000000000000000000e+00 0.000000000000000000e+00 0.000000000000000000e+00 0.000000000000000000e+00 0.000000000000000000e+00 0.000000000000000000e+00 0.000000000000000000e+00 0.000000000000000000e+00 0.000000000000000000e+00 0.000000000000000000e+00 0.000000000000000000e+00 0.000000000000000000e+00 0.000000000000000000e+00 0.000000000000000000e+00 0.000000000000000000e+00 0.000000000000000000e+00 0.000000000000000000e+00 0.000000000000000000e+00 0.000000000000000000e+00
0.000000000000000000e+00 0.000000000000000000e+00 0.000000000000000000e+00 0.000000000000000000e+00 0.000000000000000000e+00 0.000000000000000000e+00 0.000000000000000000e+00 0.000000000000000000e+00 0.000000000000000000e+00 0.000000000000000000e+00 0.000000000000000000e+00 0.000000000000000000e+00 0.000000000000000000e+00 0.000000000000000000e+00 0.000000000000000000e+00 0.000000000000000000e+00 0.000000000000000000e+00 0.000000000000000000e+00 0.000000000000000000e+00 0.000000000000000000e+00
0.000000000000000000e+00 0.000000000000000000e+00 0.000000000000000000e+00 0.000000000000000000e+00 0.000000000000000000e+00 0.000000000000000000e+00 0.000000000000000000e+00 0.000000000000000000e+00 0.000000000000000000e+00 0.000000000000000000e+00 0.000000000000000000e+00 0.000000000000000000e+00 0.000000000000000000e+00 0.000000000000000000e+00 0.000000000000000000e+00 0.000000000000000000e+00 0.000000000000000000e+00 0.000000000000000000e+00 0.000000000000000000e+00 0.000000000000000000e+00
0.000000000000000000e+00 0.000000000000000000e+00 0.000000000000000000e+00 0.000000000000000000e+00 0.000000000000000000e+00 0.000000000000000000e+00 0.000000000000000000e+00 0.000000000000000000e+00 0.000000000000000000e+00 0.000000000000000000e+00 0.000000000000000000e+00 0.000000000000000000e+00 0.000000000000000000e+00 0.000000000000000000e+00 0.000000000000000000e+00 0.000000000000000000e+00 0.000000000000000000e+00 0.000000000000000000e+00 0.000000000000000000e+00 0.000000000000000000e+00
0.000000000000000000e+00 0.000000000000000000e+00 0.000000000000000000e+00 0.000000000000000000e+00 0.000000000000000000e+00 0.000000000000000000e+00 0.000000000000000000e+00 0.000000000000000000e+00 0.000000000000000000e+00 0.000000000000000000e+00 0.000000000000000000e+00 0.000000000000000000e+00 0.000000000000000000e+00 0.000000000000000000e+00 0.000000000000000000e+00 0.000000000000000000e+00 0.000000000000000000e+00 0.000000000000000000e+00 0.000000000000000000e+00 0.000000000000000000e+00
0.000000000000000000e+00 0.000000000000000000e+00 0.000000000000000000e+00 0.000000000000000000e+00 0.000000000000000000e+00 0.000000000000000000e+00 0.000000000000000000e+00 0.000000000000000000e+00 0.000000000000000000e+00 0.000000000000000000e+00 0.000000000000000000e+00 0.000000000000000000e+00 0.000000000000000000e+00 0.000000000000000000e+00 0.000000000000000000e+00 0.000000000000000000e+00 0.000000000000000000e+00 0.000000000000000000e+00 0.000000000000000000e+00 0.000000000000000000e+00
0.000000000000000000e+00 0.000000000000000000e+00 0.000000000000000000e+00 0.000000000000000000e+00 0.000000000000000000e+00 0.000000000000000000e+00 0.000000000000000000e+00 0.000000000000000000e+00 0.000000000000000000e+00 0.000000000000000000e+00 0.000000000000000000e+00 0.000000000000000000e+00 0.000000000000000000e+00 0.000000000000000000e+00 0.000000000000000000e+00 0.000000000000000000e+00 0.000000000000000000e+00 0.000000000000000000e+00 0.000000000000000000e+00 0.000000000000000000e+00
0.000000000000000000e+00 0.000000000000000000e+00 0.000000000000000000e+00 0.000000000000000000e+00 0.000000000000000000e+00 0.000000000000000000e+00 0.000000000000000000e+00 0.000000000000000000e+00 0.000000000000000000e+00 0.000000000000000000e+00 0.000000000000000000e+00 0.000000000000000000e+00 0.000000000000000000e+00 0.000000000000000000e+00 0.000000000000000000e+00 0.000000000000000000e+00 0.000000000000000000e+00 0.000000000000000000e+00 0.000000000000000000e+00 0.000000000000000000e+00
