1.973097374237028183e+06 1.125183588834980968e+06 7.745696386496658670e+05 5.559088881204626523e+05 3.573921808152477024e+05 2.441929264139699517e+05 1.405852098905591120e+05 7.373154655917338096e+04 4.392797523248325888e+04 1.477016893244842140e+04 3.388617006735591985e+03 1.219555194765815486e+03 3.790470471954478171e+02 0.000000000000000000e+00 0.000000000000000000e+00 0.000000000000000000e+00 0.000000000000000000e+00 0.000000000000000000e+00 0.000000000000000000e+00 0.000000000000000000e+00
1.125183588834980968e+06 9.350069827864792896e+05 5.311927174370168941e+05 3.784457386071983492e+05 2.342997031585827353e+05 1.715082840969966201e+05 9.567213439676514827e+04 4.819912404254730791e+04 2.823608550270475826e+04 1.022659543082947312e+04 2.786524550350140089e+03 9.234445405556077731e+02 2.039405547613516205e+02 0.000000000000000000e+00 0.000000000000000000e+00 0.000000000000000000e+00 0.000000000000000000e+00 0.000000000000000000e+00 0.000000000000000000e+00 0.000000000000000000e+00
7.745696386496658670e+05 5.311927174370168941e+05 4.812526457888137084e+05 2.533816700550672249e+05 1.595489145514296833e+05 1.150451915483663179e+05 6.701610837436931615e+04 3.437342644837758417e+04 2.033791945078861318e+04 7.577289019708836349e+03 1.867814809185954800e+03 5.418509195452571703e+02 1.682964682019288603e+02 0.000000000000000000e+00 0.000000000000000000e+00 0.000000000000000000e+00 0.000000000000000000e+00 0.000000000000000000e+00 0.000000000000000000e+00 0.000000000000000000e+00
5.559088881204626523e+05 3.784457386071983492e+05 2.533816700550672249e+05 2.513307762547974708e+05 1.182413747825354076e+05 8.306706811369542265e+04 4.858159398073106422e+04 2.428875111896222006e+04 1.465143676010895069e+04 5.016989174240944521e+03 1.335903408118601419e+03 4.226811528434543561e+02 2.306471621038534181e+02 0.000000000000000000e+00 0.000000000000000000e+00 0.000000000000000000e+00 0.000000000000000000e+00 0.000000000000000000e+00 0.000000000000000000e+00 0.000000000000000000e+00
3.573921808152477024e+05 2.342997031585827353e+05 1.595489145514296833e+05 1.182413747825354076e+05 1.117144163178750314e+05 5.073394525758075906e+04 3.026789675386367890e+04 1.600186245222265643e+04 9.278005473821234773e+03 3.105536851829927400e+03 7.750305376591408049e+02 2.662445308599961891e+02 8.841860122082391626e+01 0.000000000000000000e+00 0.000000000000000000e+00 0.000000000000000000e+00 0.000000000000000000e+00 0.000000000000000000e+00 0.000000000000000000e+00 0.000000000000000000e+00
2.441929264139699517e+05 1.715082840969966201e+05 1.150451915483663179e+05 8.306706811369542265e+04 5.073394525758075906e+04 5.775586816641876067e+04 2.220421341576038685e+04 1.144754814625517793e+04 6.771551228945033472e+03 2.415879991508257717e+03 7.513460139482366458e+02 1.864857571062495936e+02 4.669767139903130015e+01 0.000000000000000000e+00 0.000000000000000000e+00 0.000000000000000000e+00 0.000000000000000000e+00 0.000000000000000000e+00 0.000000000000000000e+00 0.000000000000000000e+00
1.405852098905591120e+05 9.567213439676514827e+04 6.701610837436931615e+04 4.858159398073106422e+04 3.026789675386367890e+04 2.220421341576038685e+04 2.448917468076464502e+04 6.920165515229673474e+03 4.042665983339763898e+03 1.439675699810110700e+03 3.116098783647699406e+02 1.169809709132368170e+02 7.988627942652160918e+00 0.000000000000000000e+00 0.000000000000000000e+00 0.000000000000000000e+00 0.000000000000000000e+00 0.000000000000000000e+00 0.000000000000000000e+00 0.000000000000000000e+00
7.373154655917338096e+04 4.819912404254730791e+04 3.437342644837758417e+04 2.428875111896222006e+04 1.600186245222265643e+04 1.144754814625517793e+04 6.920165515229673474e+03 8.669929302978514897e+03 2.099563914482941072e+03 9.078118507376093476e+02 1.704003679534527294e+02 3.324807843357058346e+01 3.543639240280224811e+01 0.000000000000000000e+00 0.000000000000000000e+00 0.000000000000000000e+00 0.000000000000000000e+00 0.000000000000000000e+00 0.000000000000000000e+00 0.000000000000000000e+00
4.392797523248325888e+04 2.823608550270475826e+04 2.033791945078861318e+04 1.465143676010895069e+04 9.278005473821234773e+03 6.771551228945033472e+03 4.042665983339763898e+03 2.099563914482941072e+03 3.079974489985250784e+03 4.962586340180307616e+02 1.052833191218716706e+02 5.884335628204240720e+01 1.542035955306383599e+01 0.000000000000000000e+00 0.000000000000000000e+00 0.000000000000000000e+00 0.000000000000000000e+00 0.000000000000000000e+00 0.000000000000000000e+00 0.000000000000000000e+00
1.477016893244842140e+04 1.022659543082947312e+04 7.577289019708836349e+03 5.016989174240944521e+03 3.105536851829927400e+03 2.415879991508257717e+03 1.439675699810110700e+03 9.078118507376093476e+02 4.962586340180307616e+02 8.765980418034292825e+02 7.948858768763660976e+01 2.039904804214575051e+01 8.478986518753861557e-01 0.000000000000000000e+00 0.000000000000000000e+00 0.000000000000000000e+00 0.000000000000000000e+00 0.000000000000000000e+00 0.000000000000000000e+00 0.000000000000000000e+00
3.388617006735591985e+03 2.786524550350140089e+03 1.867814809185954800e+03 1.335903408118601419e+03 7.750305376591408049e+02 7.513460139482366458e+02 3.116098783647699406e+02 1.704003679534527294e+02 1.052833191218716706e+02 7.948858768763660976e+01 2.002214387897979009e+02 6.062207774836445573e+00 -2.158514792645489511e-01 0.000000000000000000e+00 0.000000000000000000e+00 0.000000000000000000e+00 0.000000000000000000e+00 0.000000000000000000e+00 0.000000000000000000e+00 0.000000000000000000e+00
1.219555194765815486e+03 9.234445405556077731e+02 5.418509195452571703e+02 4.226811528434543561e+02 2.662445308599961891e+02 1.864857571062495936e+02 1.169809709132368170e+02 3.324807843357058346e+01 5.884335628204240720e+01 2.039904804214575051e+01 6.062207774836445573e+00 3.373233117804111458e+01 6.866931177181754276e-01 0.000000000000000000e+00 0.000000000000000000e+00 0.000000000000000000e+00 0.000000000000000000e+00 0.000000000000000000e+00 0.000000000000000000e+00 0.000000000000000000e+00
3.790470471954478171e+02 2.039405547613516205e+02 1.682964682019288603e+02 2.306471621038534181e+02 8.841860122082391626e+01 4.669767139903130015e+01 7.988627942652160918e+00 3.543639240280224811e+01 1.542035955306383599e+01 8.478986518753861557e-01 -2.158514792645489511e-01 6.866931177181754276e-01 5.955878819657151269e+00 0.000000000000000000e+00 0.000000000000000000e+00 0.000000000000000000e+00 0.000000000000000000e+00 0.000000000000000000e+00 0.000000000000000000e+00 0.000000000000000000e+00
0.000000000000000000e+00 0.000000000000000000e+00 0.000000000000000000e+00 0.000000000000000000e+00 0.000000000000000000e+00 0.000000000000000000e+00 0.000000000000000000e+00 0.000000000000000000e+00 0.000000000000000000e+00 0.000000000000000000e+00 0.000000000000000000e+00 0.000000000000000000e+00 0.000000000000000000e+00 0.000000000000000000e+00 0.000000000000000000e+00 0.000000000000000000e+00 0.000000000000000000e+00 0.000000000000000000e+00 0.000000000000000000e+00 0.000000000000000000e+00
0.000000000000000000e+00 0.000000000000000000e+00 0.000000000000000000e+00 0.000000000000000000e+00 0.000000000000000000e+00 0.000000000000000000e+00 0.000000000000000000e+00 0.000000000000000000e+00 0.000000000000000000e+00 0.000000000000000000e+00 0.000000000000000000e+00 0.000000000000000000e+00 0.000000000000000000e+00 0.000000000000000000e+00 0.000000000000000000e+00 0.000000000000000000e+00 0.000000000000000000e+00 0.000000000000000000e+00 0.000000000000000000e+00 0.000000000000000000e+00
0.000000000000000000e+00 0.000000000000000000e+00 0.000000000000000000e+00 0.000000000000000000e+00 0.000000000000000000e+00 0.000000000000000000e+00 0.000000000000000000e+00 0.000000000000000000e+00 0.000000000000000000e+00 0.000000000000000000e+00 0.000000000000000000e+00 0.000000000000000000e+00 0.000000000000000000e+00 0.000000000000000000e+00 0.000000000000000000e+00 0.000000000000000000e+00 0.000000000000000000e+00 0.000000000000000000e+00 0.000000000000000000e+00 0.000000000000000000e+00
0.000000000000000000e+00 0.000000000000000000e+00 0.000000000000000000e+00 0.000000000000000000e+00 0.000000000000000000e+00 0.000000000000000000e+00 0.000000000000000000e+00 0.000000000000000000e+00 0.000000000000000000e+00 0.000000000000000000e+00 0.000000000000000000e+00 0.000000000000000000e+00 0.000000000000000000e+00 0.000000000000000000e+00 0.000000000000000000e+00 0.000000000000000000e+00 0.000000000000000000e+00 0.000000000000000000e+00 0.000000000000000000e+00 0.000000000000000000e+00
0.000000000000000000e+00 0.000000000000000000e+00 0.000000000000000000e+00 0.000000000000000000e+00 0.000000000000000000e+00 0.000000000000000000e+00 0.000000000000000000e+00 0.000000000000000000e+00 0.000000000000000000e+00 0.000000000000000000e+00 0.000000000000000000e+00 0.000000000000000000e+00 0.000000000000000000e+00 0.000000000000000000e+00 0.000000000000000000e+00 0.000000000000000000e+00 0.000000000000000000e+00 0.000000000000000000e+00 0.000000000000000000e+00 0.000000000000000000e+00
0.000000000000000000e+00 0.000000000000000000e+00 0.000000000000000000e+00 0.000000000000000000e+00 0.000000000000000000e+00 0.000000000000000000e+00 0.000000000000000000e+00 0.000000000000000000e+00 0.000000000000000000e+00 0.000000000000000000e+00 0.000000000000000000e+00 0.000000000000000000e+00 0.000000000000000000e+00 0.000000000000000000e+00 0.000000000000000000e+00 0.000000000000000000e+00 0.000000000000000000e+00 0.000000000000000000e+00 0.000000000000000000e+00 0.000000000000000000e+00
0.000000000000000000e+00 0.000000000000000000e+00 0.000000000000000000e+00 0.000000000000000000e+00 0.000000000000000000e+00 0.000000000000000000e+00 0.000000000000000000e+00 0.000000000000000000e+00 0.000000000000000000e+00 0.000000000000000000e+00 0.000000000000000000e+00 0.000000000000000000e+00 0.000000000000000000e+00 0.000000000000000000e+00 0.000000000000000000e+00 0.000000000000000000e+00 0.000000000000000000e+00 0.000000000000000000e+00 0.000000000000000000e+00 0.000000000000000000e+00
