1.953689817133751884e+07 1.318184831787185557e+07 9.223294600682811812e+06 6.413192778013326228e+06 4.487992319291351363e+06 3.177794375568325166e+06 2.184144683568166103e+06 1.600961493689066498e+06 1.122924180955584627e+06 7.892903322654402582e+05 5.913839710642514983e+05 4.225280325345991878e+05 2.868055625441577286e+05 2.108427391795623407e+05 1.366201147331002576e+05 8.640797069534739421e+04 6.121675422442369745e+04 3.743172069909863785e+04 2.286552378292714275e+04 3.409196090893577548e+03 4.084794719388698923e+03 6.900267143095724123e+02 6.756637871505245130e+02
1.318184831787185557e+07 9.564598013838615268e+06 6.429721837777045555e+06 4.488647377555233426e+06 3.115435321061142720e+06 2.211334124367957469e+06 1.529870740752560319e+06 1.124927538547084900e+06 7.628204369891465176e+05 5.457130939522497356e+05 4.036366155945264036e+05 2.881901905907290056e+05 1.977652492902712547e+05 1.457743812756043335e+05 9.446124181733364821e+04 6.274140526015262003e+04 4.379119926349486923e+04 2.636291115218012055e+04 1.570865725556149846e+04 2.520078752872072073e+03 2.772550082900670532e+03 4.535951280937269985e+02 3.934627999584587883e+02
9.223294600682811812e+06 6.429721837777045555e+06 4.781581069400211796e+06 3.149756039915172849e+06 2.184192538306091912e+06 1.559599675323561998e+06 1.067177783644665731e+06 7.887697723355891649e+05 5.394814718212528387e+05 3.866658363608734799e+05 2.882030790053659584e+05 2.060271314475644613e+05 1.367196762784975872e+05 1.009403642947801854e+05 6.535119146455512964e+04 4.293946132583108556e+04 3.032175776728813071e+04 1.791861132447479395e+04 1.127060541601778823e+04 1.529406993969454106e+03 1.895777716170975964e+03 2.608349751383721014e+02 2.506887220001817980e+02
6.413192778013326228e+06 4.488647377555233426e+06 3.149756039915172849e+06 2.365421149518007413e+06 1.515393623053322546e+06 1.086710678795587970e+06 7.447698826178462477e+05 5.500626628603965510e+05 3.803459998060510261e+05 2.680007984855826944e+05 1.978764554652214865e+05 1.434170441527382936e+05 9.739358437061558652e+04 7.068816170141781913e+04 4.619395660104490526e+04 2.990497790443146732e+04 2.120068995269116931e+04 1.177054164476170808e+04 7.722099279983843189e+03 1.256677504568615632e+03 1.259763612163323614e+03 2.175443783177841510e+02 1.416910179348903114e+02
4.487992319291351363e+06 3.115435321061142720e+06 2.184192538306091912e+06 1.515393623053322546e+06 1.189028359317114111e+06 7.509529780333972303e+05 5.240968975795991719e+05 3.812216340461116633e+05 2.670956655994888279e+05 1.861513717231691116e+05 1.407271914380435774e+05 1.014890462115812697e+05 6.671114913402468665e+04 4.764850122662370995e+04 3.058599750079688965e+04 2.003682459380921136e+04 1.419985814283721447e+04 8.386671940089496275e+03 5.252643559171187917e+03 8.964198411961167494e+02 9.654887738730899400e+02 1.612499996255962458e+02 7.446358308180913355e+01
3.177794375568325166e+06 2.211334124367957469e+06 1.559599675323561998e+06 1.086710678795587970e+06 7.509529780333972303e+05 6.235597712137977360e+05 3.772256689357073628e+05 2.761172093506610254e+05 1.879814254571190395e+05 1.322344223458998313e+05 9.891764343805648969e+04 6.848046550609062251e+04 4.714116416942617070e+04 3.522863944888065453e+04 2.234544518678912937e+04 1.463671357544162129e+04 1.020714212594083619e+04 5.875138692009310944e+03 3.474056628967871802e+03 4.404937957965423152e+02 6.692816084981856193e+02 1.029816943587894826e+02 7.476934574737826722e+01
2.184144683568166103e+06 1.529870740752560319e+06 1.067177783644665731e+06 7.447698826178462477e+05 5.240968975795991719e+05 3.772256689357073628e+05 3.080962776968673570e+05 1.917434585156187823e+05 1.295303842846611224e+05 9.267717489313350234e+04 6.979332097531530599e+04 4.847211132417710178e+04 3.327590736609861051e+04 2.268829255990817910e+04 1.484531362245574746e+04 1.041872642926055232e+04 6.950664387088625517e+03 3.832290415927980121e+03 2.573709749818364799e+03 4.028782124349812079e+02 3.991618221482601712e+02 6.803621543553374806e+01 1.469233782686306178e+01
1.600961493689066498e+06 1.124927538547084900e+06 7.887697723355891649e+05 5.500626628603965510e+05 3.812216340461116633e+05 2.761172093506610254e+05 1.917434585156187823e+05 1.755493049740789284e+05 9.544364420672651613e+04 6.845436083355454321e+04 5.192578982433999045e+04 3.611113860369733447e+04 2.342500698847846070e+04 1.832555113097158028e+04 1.140830769952094488e+04 6.968248172508725474e+03 4.957671149530488037e+03 3.020226708787012740e+03 1.766554240602459004e+03 2.945724912615135622e+02 2.799617224896757648e+02 1.095685685032351309e+01 3.710553514760059812e+01
1.122924180955584627e+06 7.628204369891465176e+05 5.394814718212528387e+05 3.803459998060510261e+05 2.670956655994888279e+05 1.879814254571190395e+05 1.295303842846611224e+05 9.544364420672651613e+04 9.283941454834441538e+04 4.724644437222721899e+04 3.576992147528858186e+04 2.587736591314353063e+04 1.626871878251401904e+04 1.350743369677882220e+04 7.844615762991593328e+03 4.610308078361838852e+03 3.507245345694366733e+03 2.075162283581797965e+03 1.134985064836379479e+03 2.187860984349541695e+02 1.929420033323043810e+02 4.907738329703792601e+01 2.294252856316044742e+01
7.892903322654402582e+05 5.457130939522497356e+05 3.866658363608734799e+05 2.680007984855826944e+05 1.861513717231691116e+05 1.322344223458998313e+05 9.267717489313350234e+04 6.845436083355454321e+04 4.724644437222721899e+04 4.798709765589673771e+04 2.542900949570342709e+04 1.828920475720812101e+04 1.258290641493078510e+04 8.628041879876203893e+03 5.243827006488259940e+03 3.674938471465897237e+03 2.595588002553643946e+03 1.456029514779840611e+03 7.385542220316792736e+02 1.215838122279969156e+02 1.517274391638630107e+02 2.512025320752205459e+01 2.712982747549802909e+01
5.913839710642514983e+05 4.036366155945264036e+05 2.882030790053659584e+05 1.978764554652214865e+05 1.407271914380435774e+05 9.891764343805648969e+04 6.979332097531530599e+04 5.192578982433999045e+04 3.576992147528858186e+04 2.542900949570342709e+04 2.935427630172864156e+04 1.346211047946672625e+04 8.519467820827667310e+03 6.607518661856935068e+03 3.876394223372567467e+03 2.755697101064084109e+03 1.824052517322646281e+03 1.137441815766279888e+03 6.495575166175032109e+02 1.029969067875074984e+02 1.039163331210032197e+02 1.464047288751331877e+01 1.581372439620404524e+00
4.225280325345991878e+05 2.881901905907290056e+05 2.060271314475644613e+05 1.434170441527382936e+05 1.014890462115812697e+05 6.848046550609062251e+04 4.847211132417710178e+04 3.611113860369733447e+04 2.587736591314353063e+04 1.828920475720812101e+04 1.346211047946672625e+04 1.682985322921887200e+04 6.351021035229546214e+03 4.955912465158701707e+03 3.017035042857515691e+03 1.971992085395566392e+03 1.301216941283955521e+03 7.586930161969653454e+02 4.599152340202728055e+02 5.573505178192960585e+01 8.063200968708530070e+01 8.081973775037274876e+00 -9.996521490889405115e+00
2.868055625441577286e+05 1.977652492902712547e+05 1.367196762784975872e+05 9.739358437061558652e+04 6.671114913402468665e+04 4.714116416942617070e+04 3.327590736609861051e+04 2.342500698847846070e+04 1.626871878251401904e+04 1.258290641493078510e+04 8.519467820827667310e+03 6.351021035229546214e+03 8.463431955880540045e+03 3.068073253410642792e+03 1.845461375574132944e+03 1.278924657229963032e+03 9.355773218305450882e+02 5.760203834582518994e+02 2.861590176749144234e+02 7.202934259348880630e+01 3.456002093895448724e+01 6.429450624831511085e+00 8.437904118857900926e+00
2.108427391795623407e+05 1.457743812756043335e+05 1.009403642947801854e+05 7.068816170141781913e+04 4.764850122662370995e+04 3.522863944888065453e+04 2.268829255990817910e+04 1.832555113097158028e+04 1.350743369677882220e+04 8.628041879876203893e+03 6.607518661856935068e+03 4.955912465158701707e+03 3.068073253410642792e+03 5.085687397033379966e+03 1.481936099011430088e+03 8.505306499668497509e+02 7.374716793424048547e+02 3.749411121788106129e+02 2.543527098633225876e+02 4.098610431445210622e+01 4.379036187997127882e+01 6.628911704773485347e+00 6.628900467915374684e+00
1.366201147331002576e+05 9.446124181733364821e+04 6.535119146455512964e+04 4.619395660104490526e+04 3.058599750079688965e+04 2.234544518678912937e+04 1.484531362245574746e+04 1.140830769952094488e+04 7.844615762991593328e+03 5.243827006488259940e+03 3.876394223372567467e+03 3.017035042857515691e+03 1.845461375574132944e+03 1.481936099011430088e+03 2.362980453224999565e+03 6.880827227372683410e+02 3.915605079442046872e+02 2.100218974813865032e+02 1.432574584832508435e+02 3.122495865257867109e+01 2.659259604114689424e+01 1.921869727318126220e+00 3.930020821307438794e+00
8.640797069534739421e+04 6.274140526015262003e+04 4.293946132583108556e+04 2.990497790443146732e+04 2.003682459380921136e+04 1.463671357544162129e+04 1.041872642926055232e+04 6.968248172508725474e+03 4.610308078361838852e+03 3.674938471465897237e+03 2.755697101064084109e+03 1.971992085395566392e+03 1.278924657229963032e+03 8.505306499668497509e+02 6.880827227372683410e+02 1.305382209214412569e+03 2.759033227379524078e+02 1.611992527039902257e+02 6.040833390040449302e+01 3.088628263109213457e+00 1.280937835238457012e+01 2.941507499969039374e-01 -7.098826066483677755e-01
6.121675422442369745e+04 4.379119926349486923e+04 3.032175776728813071e+04 2.120068995269116931e+04 1.419985814283721447e+04 1.020714212594083619e+04 6.950664387088625517e+03 4.957671149530488037e+03 3.507245345694366733e+03 2.595588002553643946e+03 1.824052517322646281e+03 1.301216941283955521e+03 9.355773218305450882e+02 7.374716793424048547e+02 3.915605079442046872e+02 2.759033227379524078e+02 6.235798797405008145e+02 1.223325488178774378e+02 6.458725647975623474e+01 1.295417896068279973e+01 1.858987437600672621e+01 8.628148625776214942e-02 2.094283434534680133e+00
3.743172069909863785e+04 2.636291115218012055e+04 1.791861132447479395e+04 1.177054164476170808e+04 8.386671940089496275e+03 5.875138692009310944e+03 3.832290415927980121e+03 3.020226708787012740e+03 2.075162283581797965e+03 1.456029514779840611e+03 1.137441815766279888e+03 7.586930161969653454e+02 5.760203834582518994e+02 3.749411121788106129e+02 2.100218974813865032e+02 1.611992527039902257e+02 1.223325488178774378e+02 3.298976316186850113e+02 5.375354952082177107e+01 8.641812013413934679e+00 9.671228106322431017e+00 2.113849886871663752e+00 2.113846303624171252e+00
2.286552378292714275e+04 1.570865725556149846e+04 1.127060541601778823e+04 7.722099279983843189e+03 5.252643559171187917e+03 3.474056628967871802e+03 2.573709749818364799e+03 1.766554240602459004e+03 1.134985064836379479e+03 7.385542220316792736e+02 6.495575166175032109e+02 4.599152340202728055e+02 2.861590176749144234e+02 2.543527098633225876e+02 1.432574584832508435e+02 6.040833390040449302e+01 6.458725647975623474e+01 5.375354952082177107e+01 1.565911558588009314e+02 3.929639716552347561e+00 8.125901592422833275e+00 3.529564643303241933e+00 -4.862947487437803140e-01
3.409196090893577548e+03 2.520078752872072073e+03 1.529406993969454106e+03 1.256677504568615632e+03 8.964198411961167494e+02 4.404937957965423152e+02 4.028782124349812079e+02 2.945724912615135622e+02 2.187860984349541695e+02 1.215838122279969156e+02 1.029969067875074984e+02 5.573505178192960585e+01 7.202934259348880630e+01 4.098610431445210622e+01 3.122495865257867109e+01 3.088628263109213457e+00 1.295417896068279973e+01 8.641812013413934679e+00 3.929639716552347561e+00 2.222654104334730363e+01 2.517747512682728672e+00 -8.235562466656040637e-02 -8.235548506318202122e-02
4.084794719388698923e+03 2.772550082900670532e+03 1.895777716170975964e+03 1.259763612163323614e+03 9.654887738730899400e+02 6.692816084981856193e+02 3.991618221482601712e+02 2.799617224896757648e+02 1.929420033323043810e+02 1.517274391638630107e+02 1.039163331210032197e+02 8.063200968708530070e+01 3.456002093895448724e+01 4.379036187997127882e+01 2.659259604114689424e+01 1.280937835238457012e+01 1.858987437600672621e+01 9.671228106322431017e+00 8.125901592422833275e+00 2.517747512682728672e+00 1.377299688465590322e+01 -4.706000960322986176e-02 -4.705992983045958339e-02
6.900267143095724123e+02 4.535951280937269985e+02 2.608349751383721014e+02 2.175443783177841510e+02 1.612499996255962458e+02 1.029816943587894826e+02 6.803621543553374806e+01 1.095685685032351309e+01 4.907738329703792601e+01 2.512025320752205459e+01 1.464047288751331877e+01 8.081973775037274876e+00 6.429450624831511085e+00 6.628911704773485347e+00 1.921869727318126220e+00 2.941507499969039374e-01 8.628148625776214942e-02 2.113849886871663752e+00 3.529564643303241933e+00 -8.235562466656040637e-02 -4.706000960322986176e-02 2.000035779031169358e+00 -7.843264269463648408e-03
6.756637871505245130e+02 3.934627999584587883e+02 2.506887220001817980e+02 1.416910179348903114e+02 7.446358308180913355e+01 7.476934574737826722e+01 1.469233782686306178e+01 3.710553514760059812e+01 2.294252856316044742e+01 2.712982747549802909e+01 1.581372439620404524e+00 -9.996521490889405115e+00 8.437904118857900926e+00 6.628900467915374684e+00 3.930020821307438794e+00 -7.098826066483677755e-01 2.094283434534680133e+00 2.113846303624171252e+00 -4.862947487437803140e-01 -8.235548506318202122e-02 -4.705992983045958339e-02 -7.843264269463648408e-03 2.000028998401039093e+00
