1.858859652439409867e+07 1.226349821324246377e+07 8.445803951861426234e+06 5.949769642825939693e+06 4.203436474919979461e+06 2.935071863345754333e+06 2.045297482650351012e+06 1.360006335516843945e+06 9.703064957998455502e+05 6.555655349441006547e+05 4.227763071631831699e+05 2.677578401992128347e+05 1.615985226332392194e+05 1.033988624803405546e+05 5.257383876824027539e+04 2.919407206614596726e+04 8.967463043715251843e+03 3.652056014569307536e+03 1.495418278374170313e+03
1.226349821324246377e+07 8.764694023531351238e+06 5.821072454111193307e+06 4.042995850281517021e+06 2.836188575095284265e+06 1.991413140637879027e+06 1.389174923289084109e+06 9.236535912995326798e+05 6.552733479982258286e+05 4.506652191682227422e+05 2.865907279640155612e+05 1.862223491604620940e+05 1.087976488509383489e+05 6.974620981789326470e+04 3.631331579830343253e+04 2.025723057352420801e+04 5.977764566845428817e+03 2.476595611436146100e+03 1.092794374576439395e+03
8.445803951861426234e+06 5.821072454111193307e+06 4.245042163179471157e+06 2.786006670017334633e+06 1.962244082166487584e+06 1.382114244679287309e+06 9.648914474416846642e+05 6.370361442614771659e+05 4.548495098474387196e+05 3.111733063767580898e+05 1.984783644153565692e+05 1.271745208446960023e+05 7.439691163643979235e+04 4.800203864273399813e+04 2.326571815379822874e+04 1.393527432663116815e+04 4.101266002605809263e+03 1.586494931883429217e+03 7.374618306848157090e+02
5.949769642825939693e+06 4.042995850281517021e+06 2.786006670017334633e+06 2.149645303699103650e+06 1.385336128397322958e+06 9.789388457048210548e+05 6.836688937245892594e+05 4.512314021362083731e+05 3.235817500238607754e+05 2.212281835447118501e+05 1.401971562602330523e+05 8.907276664068727405e+04 5.322034077600487944e+04 3.309087782911439717e+04 1.748141157486152224e+04 9.236945117668092280e+03 2.799564541871247911e+03 1.084681343506839994e+03 4.165434263254408052e+02
4.203436474919979461e+06 2.836188575095284265e+06 1.962244082166487584e+06 1.385336128397322958e+06 1.084763774983840762e+06 6.902948381864913972e+05 4.829400101659742068e+05 3.168801865515926620e+05 2.247691428103124490e+05 1.520440812854039250e+05 9.795056749983623740e+04 6.219071354828900076e+04 3.752008812527835107e+04 2.379443889656511965e+04 1.190172929573360125e+04 6.617076838202521685e+03 2.140170164695573021e+03 8.902621591971668522e+02 2.706076516682804822e+02
2.935071863345754333e+06 1.991413140637879027e+06 1.382114244679287309e+06 9.789388457048210548e+05 6.902948381864913972e+05 5.509630347267071484e+05 3.342400222780666081e+05 2.249608923862625379e+05 1.587216565683975350e+05 1.067566470286864787e+05 6.770064659686356026e+04 4.435471930518434237e+04 2.539109047459165595e+04 1.714630318704776437e+04 7.972733529769124289e+03 4.388984837979222903e+03 1.576413610415935864e+03 5.854864980541508430e+02 1.823163223466131910e+02
2.045297482650351012e+06 1.389174923289084109e+06 9.648914474416846642e+05 6.836688937245892594e+05 4.829400101659742068e+05 3.342400222780666081e+05 2.819959263378464384e+05 1.570187083184381481e+05 1.115444615118388610e+05 7.696917706982273376e+04 4.961583397979747679e+04 3.127317083470601574e+04 1.787626005991504280e+04 1.181228147745383467e+04 6.015251866866336968e+03 3.234968564419162249e+03 9.738345963126341758e+02 3.930991181421312035e+02 1.589235998767918261e+02
1.360006335516843945e+06 9.236535912995326798e+05 6.370361442614771659e+05 4.512314021362083731e+05 3.168801865515926620e+05 2.249608923862625379e+05 1.570187083184381481e+05 1.339346924744340067e+05 7.310465526612254325e+04 4.978408631862346374e+04 3.176743096761957713e+04 2.085315820709511900e+04 1.210495718141602083e+04 8.140326136317894452e+03 4.000349847798387145e+03 2.172951582497446452e+03 6.380591562487627471e+02 3.112146350959715733e+02 1.313467479096958357e+02
9.703064957998455502e+05 6.552733479982258286e+05 4.548495098474387196e+05 3.235817500238607754e+05 2.247691428103124490e+05 1.587216565683975350e+05 1.115444615118388610e+05 7.310465526612254325e+04 6.978987822741517448e+04 3.632290989246042591e+04 2.354979031875992587e+04 1.526016808749727534e+04 8.214654618652732097e+03 5.336641962583877103e+03 2.898151551007044873e+03 1.402898325762158265e+03 4.517190777915706690e+02 1.747530956188412858e+02 8.730434036131282483e+01
6.555655349441006547e+05 4.506652191682227422e+05 3.111733063767580898e+05 2.212281835447118501e+05 1.520440812854039250e+05 1.067566470286864787e+05 7.696917706982273376e+04 4.978408631862346374e+04 3.632290989246042591e+04 3.463836592451664910e+04 1.538815252435514958e+04 1.072219590206775320e+04 6.242007003747108683e+03 3.824793322291514869e+03 1.810091375720184942e+03 1.094762188900195497e+03 3.523626769997817973e+02 1.133839979802702231e+02 5.444385634606706503e+01
4.227763071631831699e+05 2.865907279640155612e+05 1.984783644153565692e+05 1.401971562602330523e+05 9.795056749983623740e+04 6.770064659686356026e+04 4.961583397979747679e+04 3.176743096761957713e+04 2.354979031875992587e+04 1.538815252435514958e+04 1.681879381288720106e+04 6.786859673246963212e+03 3.850955225752248225e+03 2.636208234936183089e+03 1.262479673275321147e+03 7.244517596873821503e+02 2.028218554502143149e+02 9.408633110993008586e+01 3.468136674686639509e+01
2.677578401992128347e+05 1.862223491604620940e+05 1.271745208446960023e+05 8.907276664068727405e+04 6.219071354828900076e+04 4.435471930518434237e+04 3.127317083470601574e+04 2.085315820709511900e+04 1.526016808749727534e+04 1.072219590206775320e+04 6.786859673246963212e+03 7.591807670902987411e+03 2.419777451665422632e+03 1.666965640666796389e+03 8.275439855564244453e+02 5.065742069879875089e+02 1.730676533775384485e+02 5.491284580796273218e+01 3.200316148603626942e+01
1.615985226332392194e+05 1.087976488509383489e+05 7.439691163643979235e+04 5.322034077600487944e+04 3.752008812527835107e+04 2.539109047459165595e+04 1.787626005991504280e+04 1.210495718141602083e+04 8.214654618652732097e+03 6.242007003747108683e+03 3.850955225752248225e+03 2.419777451665422632e+03 3.299870656512867754e+03 9.807801062313824332e+02 3.967165206422425854e+02 2.535112162587348905e+02 8.410208766336575081e+01 2.314545333869091337e+01 1.433031560847261865e+01
1.033988624803405546e+05 6.974620981789326470e+04 4.800203864273399813e+04 3.309087782911439717e+04 2.379443889656511965e+04 1.714630318704776437e+04 1.181228147745383467e+04 8.140326136317894452e+03 5.336641962583877103e+03 3.824793322291514869e+03 2.636208234936183089e+03 1.666965640666796389e+03 9.807801062313824332e+02 1.707009682594808510e+03 3.024586450383380338e+02 1.493063530496177975e+02 6.898437367965968292e+01 2.643837287463746577e+01 1.720817700098249858e+01
5.257383876824027539e+04 3.631331579830343253e+04 2.326571815379822874e+04 1.748141157486152224e+04 1.190172929573360125e+04 7.972733529769124289e+03 6.015251866866336968e+03 4.000349847798387145e+03 2.898151551007044873e+03 1.810091375720184942e+03 1.262479673275321147e+03 8.275439855564244453e+02 3.967165206422425854e+02 3.024586450383380338e+02 6.650281269587134148e+02 1.078255015382306397e+02 3.124221300934554790e+01 2.065513480702307803e+01 6.681619192776840244e+00
2.919407206614596726e+04 2.025723057352420801e+04 1.393527432663116815e+04 9.236945117668092280e+03 6.617076838202521685e+03 4.388984837979222903e+03 3.234968564419162249e+03 2.172951582497446452e+03 1.402898325762158265e+03 1.094762188900195497e+03 7.244517596873821503e+02 5.065742069879875089e+02 2.535112162587348905e+02 1.493063530496177975e+02 1.078255015382306397e+02 2.328470710821695491e+02 1.334746509710153717e+01 1.404926474171166539e+01 6.355788742612563880e+00
8.967463043715251843e+03 5.977764566845428817e+03 4.101266002605809263e+03 2.799564541871247911e+03 2.140170164695573021e+03 1.576413610415935864e+03 9.738345963126341758e+02 6.380591562487627471e+02 4.517190777915706690e+02 3.523626769997817973e+02 2.028218554502143149e+02 1.730676533775384485e+02 8.410208766336575081e+01 6.898437367965968292e+01 3.124221300934554790e+01 1.334746509710153717e+01 6.475442955725387151e+01 5.569316805775556212e+00 1.400148817761602604e+00
3.652056014569307536e+03 2.476595611436146100e+03 1.586494931883429217e+03 1.084681343506839994e+03 8.902621591971668522e+02 5.854864980541508430e+02 3.930991181421312035e+02 3.112146350959715733e+02 1.747530956188412858e+02 1.133839979802702231e+02 9.408633110993008586e+01 5.491284580796273218e+01 2.314545333869091337e+01 2.643837287463746577e+01 2.065513480702307803e+01 1.404926474171166539e+01 5.569316805775556212e+00 1.176592304195729355e+01 1.890358568639644243e+00
1.495418278374170313e+03 1.092794374576439395e+03 7.374618306848157090e+02 4.165434263254408052e+02 2.706076516682804822e+02 1.823163223466131910e+02 1.589235998767918261e+02 1.313467479096958357e+02 8.730434036131282483e+01 5.444385634606706503e+01 3.468136674686639509e+01 3.200316148603626942e+01 1.433031560847261865e+01 1.720817700098249858e+01 6.681619192776840244e+00 6.355788742612563880e+00 1.400148817761602604e+00 1.890358568639644243e+00 4.970928577500484558e+00
