1.519098991605323926e+07 9.882119178118489683e+06 6.622497072865678929e+06 4.597855228369709104e+06 2.967509740824505221e+06 1.845567331034651259e+06 1.235296813065621071e+06 7.683699188684750115e+05 4.501730241192649119e+05 2.515632495943341055e+05 1.281936068203413161e+05 4.717958866398182727e+04 1.861057478671770150e+04 9.751974392838954373e+03 1.661858257805092990e+03 8.562816006487778395e+02
9.882119178118489683e+06 7.042864405943109654e+06 4.483526807629304007e+06 3.132845594138012733e+06 2.024427137156719342e+06 1.259884270025229547e+06 8.403855426688607549e+05 5.204276483446679194e+05 3.095029923748838482e+05 1.701513311393485346e+05 8.741359641996608116e+04 3.298078089799337613e+04 1.273400865206673370e+04 6.537352153637028096e+03 1.250531285269915543e+03 5.811377459445211571e+02
6.622497072865678929e+06 4.483526807629304007e+06 3.213961285753388423e+06 2.101832593109332956e+06 1.365362561522614211e+06 8.502075186737044714e+05 5.687759295932130190e+05 3.485958196879465249e+05 2.049778463777194847e+05 1.148513805264426337e+05 5.723274268260370445e+04 2.136877774560147736e+04 9.260107062207105628e+03 4.454760429099447720e+03 7.508733604268086310e+02 4.313279360988155986e+02
4.597855228369709104e+06 3.132845594138012733e+06 2.101832593109332956e+06 1.595343529735556105e+06 9.490546993368223775e+05 5.942986113569984445e+05 3.944590315257422626e+05 2.480652129204066878e+05 1.454200278344099061e+05 7.991699183331087988e+04 4.108153143684012321e+04 1.576124901988323472e+04 5.928745681038539260e+03 3.291643553394339506e+03 5.758948884624985567e+02 2.536282312258148295e+02
2.967509740824505221e+06 2.024427137156719342e+06 1.365362561522614211e+06 9.490546993368223775e+05 6.871221901153612416e+05 3.813829932874740334e+05 2.610037281411595759e+05 1.608630827090477978e+05 9.463935170543269487e+04 5.352013747934307321e+04 2.699917409117833085e+04 9.776230347291380895e+03 4.246873441902740524e+03 2.157382738640968910e+03 3.667566431802492275e+02 1.801743506290103483e+02
1.845567331034651259e+06 1.259884270025229547e+06 8.502075186737044714e+05 5.942986113569984445e+05 3.813829932874740334e+05 2.882601267209058278e+05 1.603272525120772771e+05 9.975275322752288776e+04 6.092510703080739040e+04 3.329130878655375273e+04 1.753931327893180787e+04 6.511234478960720480e+03 2.664616194886175890e+03 1.279221847330561104e+03 2.488974065174402313e+02 1.215427918235046292e+02
1.235296813065621071e+06 8.403855426688607549e+05 5.687759295932130190e+05 3.944590315257422626e+05 2.610037281411595759e+05 1.603272525120772771e+05 1.320082949641225277e+05 6.611197234219724487e+04 4.047422815069345233e+04 2.217052998162083531e+04 1.195597281899425070e+04 4.447118210417644150e+03 1.933313173759773690e+03 9.011075976721051575e+02 1.431727353337603006e+02 9.465651545283348867e+01
7.683699188684750115e+05 5.204276483446679194e+05 3.485958196879465249e+05 2.480652129204066878e+05 1.608630827090477978e+05 9.975275322752288776e+04 6.611197234219724487e+04 5.592770285061799223e+04 2.505729049451348692e+04 1.432761357437900551e+04 7.354079767458896640e+03 3.004679034668546592e+03 1.244512498258151254e+03 4.860901526664969197e+02 1.393193975792383696e+02 3.350320517295749312e+01
4.501730241192649119e+05 3.095029923748838482e+05 2.049778463777194847e+05 1.454200278344099061e+05 9.463935170543269487e+04 6.092510703080739040e+04 4.047422815069345233e+04 2.505729049451348692e+04 2.231542867291171206e+04 8.795325876285211052e+03 4.602239750565767281e+03 1.725879505312560696e+03 7.179634437196129966e+02 3.335828149812942911e+02 6.594178929361605412e+01 4.339697221640005864e+01
2.515632495943341055e+05 1.701513311393485346e+05 1.148513805264426337e+05 7.991699183331087988e+04 5.352013747934307321e+04 3.329130878655375273e+04 2.217052998162083531e+04 1.432761357437900551e+04 8.795325876285211052e+03 8.282991650311358171e+03 2.376606056993776747e+03 9.706986130661791776e+02 3.426852315915572262e+02 1.794602929804970586e+02 5.495893856791047938e+01 2.298783051745545336e+01
1.281936068203413161e+05 8.741359641996608116e+04 5.723274268260370445e+04 4.108153143684012321e+04 2.699917409117833085e+04 1.753931327893180787e+04 1.195597281899425070e+04 7.354079767458896640e+03 4.602239750565767281e+03 2.376606056993776747e+03 2.877273753170369673e+03 6.036991597800471254e+02 2.764541484956136514e+02 1.230283078797182270e+02 2.181291040030076189e+01 1.517987362713871313e+01
4.717958866398182727e+04 3.298078089799337613e+04 2.136877774560147736e+04 1.576124901988323472e+04 9.776230347291380895e+03 6.511234478960720480e+03 4.447118210417644150e+03 3.004679034668546592e+03 1.725879505312560696e+03 9.706986130661791776e+02 6.036991597800471254e+02 7.973661441172048399e+02 9.235554341649681476e+01 5.064872087776804932e+01 4.838139649581246537e+00 3.680482687883498194e+00
1.861057478671770150e+04 1.273400865206673370e+04 9.260107062207105628e+03 5.928745681038539260e+03 4.246873441902740524e+03 2.664616194886175890e+03 1.933313173759773690e+03 1.244512498258151254e+03 7.179634437196129966e+02 3.426852315915572262e+02 2.764541484956136514e+02 9.235554341649681476e+01 2.231644764870511324e+02 2.434415299849842995e+01 2.312830686032240735e+00 2.785511769125951775e-01
9.751974392838954373e+03 6.537352153637028096e+03 4.454760429099447720e+03 3.291643553394339506e+03 2.157382738640968910e+03 1.279221847330561104e+03 9.011075976721051575e+02 4.860901526664969197e+02 3.335828149812942911e+02 1.794602929804970586e+02 1.230283078797182270e+02 5.064872087776804932e+01 2.434415299849842995e+01 7.155801869865446463e+01 4.419251581223947234e+00 1.761369568067601810e+00
1.661858257805092990e+03 1.250531285269915543e+03 7.508733604268086310e+02 5.758948884624985567e+02 3.667566431802492275e+02 2.488974065174402313e+02 1.431727353337603006e+02 1.393193975792383696e+02 6.594178929361605412e+01 5.495893856791047938e+01 2.181291040030076189e+01 4.838139649581246537e+00 2.312830686032240735e+00 4.419251581223947234e+00 1.272341180197741650e+01 -5.099406712974140221e-02
8.562816006487778395e+02 5.811377459445211571e+02 4.313279360988155986e+02 2.536282312258148295e+02 1.801743506290103483e+02 1.215427918235046292e+02 9.465651545283348867e+01 3.350320517295749312e+01 4.339697221640005864e+01 2.298783051745545336e+01 1.517987362713871313e+01 3.680482687883498194e+00 2.785511769125951775e-01 1.761369568067601810e+00 -5.099406712974140221e-02 2.000474836133953271e+00
