1.914421174255624041e+07 1.266770980948410928e+07 8.805410126552622765e+06 6.268864277599098161e+06 4.306657897576839663e+06 3.050133930664499756e+06 2.165546749942727387e+06 1.492256846652758308e+06 1.042541042471713270e+06 7.388106774658421054e+05 4.838850174477907713e+05 3.417692779045705101e+05 2.192697505704774812e+05 1.453558746344212559e+05 8.288458529138429731e+04 5.280052663440947799e+04 2.694877319320692914e+04 9.848580372092441394e+03 2.733904669965463654e+03 1.126621680884206398e+03 4.073379662946286999e+02
1.266770980948410928e+07 9.017945503102513030e+06 6.013282711951567791e+06 4.260814533970830031e+06 2.924422894380805083e+06 2.073372303173371358e+06 1.467894131132458802e+06 1.012400457782816608e+06 7.057576371646679472e+05 5.024984560641064309e+05 3.300314911562973866e+05 2.304215579254275362e+05 1.516733959876201698e+05 9.681953757751555531e+04 5.511916850600884209e+04 3.636298250285081303e+04 1.819928224219094045e+04 6.749857918441181937e+03 1.815989610328624167e+03 7.190283365055004197e+02 2.994659611080802506e+02
8.805410126552622765e+06 6.013282711951567791e+06 4.440989640247568488e+06 2.954569234790948220e+06 2.047317587533681653e+06 1.439069571329205064e+06 1.020962368072978221e+06 7.117403638370508561e+05 4.926186289542875602e+05 3.474389237285078270e+05 2.295886989506568061e+05 1.637896816196943983e+05 1.032535881144446612e+05 6.959297960516429157e+04 3.840147040010529599e+04 2.372010215565721592e+04 1.271535682399338657e+04 4.612082666641073956e+03 1.251840363357103115e+03 4.548876522521860011e+02 1.901820501420767471e+02
6.268864277599098161e+06 4.260814533970830031e+06 2.954569234790948220e+06 2.274892348496910185e+06 1.457626738861468621e+06 1.038611903267144109e+06 7.346327592783230357e+05 4.989059861815542681e+05 3.523286385828334605e+05 2.543561830453285656e+05 1.627115316606536799e+05 1.137421956528434384e+05 7.281715926993147878e+04 4.872339449491762207e+04 2.687771143933161875e+04 1.745385258770172004e+04 8.732152899858889214e+03 3.449407485623933553e+03 9.167919070586118551e+02 3.232859302458149955e+02 1.091093758771717859e+02
4.306657897576839663e+06 2.924422894380805083e+06 2.047317587533681653e+06 1.457626738861468621e+06 1.108089421027027769e+06 7.118093507125790929e+05 5.056869501487348462e+05 3.467895922574267606e+05 2.414314034693277790e+05 1.701174230458263191e+05 1.109973062358322932e+05 7.790583184562658425e+04 5.030804525861070579e+04 3.335285892791130755e+04 1.806978282337977726e+04 1.234392189191376201e+04 6.083630383606232499e+03 2.328906611313544090e+03 6.575236728053721436e+02 2.084028470718011192e+02 7.316710083153755306e+01
3.050133930664499756e+06 2.073372303173371358e+06 1.439069571329205064e+06 1.038611903267144109e+06 7.118093507125790929e+05 5.839936165530851576e+05 3.579227802083575516e+05 2.449074165493814507e+05 1.719453428072371462e+05 1.199978831525539572e+05 7.855952308033515874e+04 5.470599874416137027e+04 3.553945690995896439e+04 2.300989504817320631e+04 1.300689677650572048e+04 8.666701048215698393e+03 4.009650276000353642e+03 1.570290263369244030e+03 4.189875723332147572e+02 1.734209530235783916e+02 4.067740082490360010e+01
2.165546749942727387e+06 1.467894131132458802e+06 1.020962368072978221e+06 7.346327592783230357e+05 5.056869501487348462e+05 3.579227802083575516e+05 3.089160256905857823e+05 1.756553947956907214e+05 1.231048071426102833e+05 8.783303625843416376e+04 5.625085094224601926e+04 3.928480601539832423e+04 2.605603298298371374e+04 1.687641535728149756e+04 9.456129160734813922e+03 6.090458561899817141e+03 3.007952761769926838e+03 1.159648268815058145e+03 2.892469985160579427e+02 1.143640682413205525e+02 2.805602054001669643e+01
1.492256846652758308e+06 1.012400457782816608e+06 7.117403638370508561e+05 4.989059861815542681e+05 3.467895922574267606e+05 2.449074165493814507e+05 1.756553947956907214e+05 1.504658736452339799e+05 8.556473454893786402e+04 6.087219647060693387e+04 3.910448499389526842e+04 2.752825326136604417e+04 1.837188747163935477e+04 1.101495894331161981e+04 6.759993004422897684e+03 4.105926742123555414e+03 2.247371509286091623e+03 6.810510616824925592e+02 1.856414983252422530e+02 7.123276977462178650e+01 3.145460966628894539e+01
1.042541042471713270e+06 7.057576371646679472e+05 4.926186289542875602e+05 3.523286385828334605e+05 2.414314034693277790e+05 1.719453428072371462e+05 1.231048071426102833e+05 8.556473454893786402e+04 7.910338690653321100e+04 4.263456145923351869e+04 2.802557168070955231e+04 1.912982410677021107e+04 1.253657200558376644e+04 8.267279963189497721e+03 4.338418236414292551e+03 2.825011266496870121e+03 1.365280567446063060e+03 4.356494003236233539e+02 1.224712187279959892e+02 4.627867589482493571e+01 1.375074171372799547e+01
7.388106774658421054e+05 5.024984560641064309e+05 3.474389237285078270e+05 2.543561830453285656e+05 1.701174230458263191e+05 1.199978831525539572e+05 8.783303625843416376e+04 6.087219647060693387e+04 4.263456145923351869e+04 4.299933805381403363e+04 1.931424810327822343e+04 1.368561055938065692e+04 9.377523586676998093e+03 5.718803745445669847e+03 3.272027996004877878e+03 1.825204945085982899e+03 1.052657240368703924e+03 3.528879932552894161e+02 9.265308750564895490e+01 4.055030039714891643e+01 1.686601813480207923e+01
4.838850174477907713e+05 3.300314911562973866e+05 2.295886989506568061e+05 1.627115316606536799e+05 1.109973062358322932e+05 7.855952308033515874e+04 5.625085094224601926e+04 3.910448499389526842e+04 2.802557168070955231e+04 1.931424810327822343e+04 1.968906925586139914e+04 8.448851258911417972e+03 6.015708863610725530e+03 3.740916146477245547e+03 2.052914512155803550e+03 1.309399792244744276e+03 7.174644063139541004e+02 2.341267591307512248e+02 6.319214203913961114e+01 3.961954393495099680e+01 6.174486773533772066e+00
3.417692779045705101e+05 2.304215579254275362e+05 1.637896816196943983e+05 1.137421956528434384e+05 7.790583184562658425e+04 5.470599874416137027e+04 3.928480601539832423e+04 2.752825326136604417e+04 1.912982410677021107e+04 1.368561055938065692e+04 8.448851258911417972e+03 1.136627943697764567e+04 4.321167330721234975e+03 2.757201390867792725e+03 1.476621299137495726e+03 1.031616997747466257e+03 5.218097995657634556e+02 1.769461196955774653e+02 5.595748241835385528e+01 1.739422347039849726e+01 1.048507500177817242e+01
2.192697505704774812e+05 1.516733959876201698e+05 1.032535881144446612e+05 7.281715926993147878e+04 5.030804525861070579e+04 3.553945690995896439e+04 2.605603298298371374e+04 1.837188747163935477e+04 1.253657200558376644e+04 9.377523586676998093e+03 6.015708863610725530e+03 4.321167330721234975e+03 5.549988451077169884e+03 1.666941654838510885e+03 9.525148577344111800e+02 6.799077775577195553e+02 4.085844617844973072e+02 1.023812825154155632e+02 4.220248964633145761e+01 9.893442574912485910e+00 4.636767573387977848e+00
1.453558746344212559e+05 9.681953757751555531e+04 6.959297960516429157e+04 4.872339449491762207e+04 3.335285892791130755e+04 2.300989504817320631e+04 1.687641535728149756e+04 1.101495894331161981e+04 8.267279963189497721e+03 5.718803745445669847e+03 3.740916146477245547e+03 2.757201390867792725e+03 1.666941654838510885e+03 2.953835064111173324e+03 5.941151916525918750e+02 3.585719475774142779e+02 2.399151061675773065e+02 7.093233640725370037e+01 1.450161685904410191e+01 4.891355774855190575e+00 9.610021923894178641e-01
8.288458529138429731e+04 5.511916850600884209e+04 3.840147040010529599e+04 2.687771143933161875e+04 1.806978282337977726e+04 1.300689677650572048e+04 9.456129160734813922e+03 6.759993004422897684e+03 4.338418236414292551e+03 3.272027996004877878e+03 2.052914512155803550e+03 1.476621299137495726e+03 9.525148577344111800e+02 5.941151916525918750e+02 1.106521316845261254e+03 2.857760165789384246e+02 1.203618245125155966e+02 5.116509227551392769e+01 2.074694422081816825e+01 4.324281314058644021e+00 1.441412152628438026e+00
5.280052663440947799e+04 3.636298250285081303e+04 2.372010215565721592e+04 1.745385258770172004e+04 1.234392189191376201e+04 8.666701048215698393e+03 6.090458561899817141e+03 4.105926742123555414e+03 2.825011266496870121e+03 1.825204945085982899e+03 1.309399792244744276e+03 1.031616997747466257e+03 6.799077775577195553e+02 3.585719475774142779e+02 2.857760165789384246e+02 5.263354171423375192e+02 7.173230417423769723e+01 3.328165382130346472e+01 1.765149201088008724e+01 2.837625073299715694e+00 3.288630190403118103e+00
2.694877319320692914e+04 1.819928224219094045e+04 1.271535682399338657e+04 8.732152899858889214e+03 6.083630383606232499e+03 4.009650276000353642e+03 3.007952761769926838e+03 2.247371509286091623e+03 1.365280567446063060e+03 1.052657240368703924e+03 7.174644063139541004e+02 5.218097995657634556e+02 4.085844617844973072e+02 2.399151061675773065e+02 1.203618245125155966e+02 7.173230417423769723e+01 2.167040009140957011e+02 2.336956167272150608e+01 9.850085466418025959e+00 2.041377732478082851e+00 6.804521856921652567e-01
9.848580372092441394e+03 6.749857918441181937e+03 4.612082666641073956e+03 3.449407485623933553e+03 2.328906611313544090e+03 1.570290263369244030e+03 1.159648268815058145e+03 6.810510616824925592e+02 4.356494003236233539e+02 3.528879932552894161e+02 2.341267591307512248e+02 1.769461196955774653e+02 1.023812825154155632e+02 7.093233640725370037e+01 5.116509227551392769e+01 3.328165382130346472e+01 2.336956167272150608e+01 5.330547024266096656e+01 7.633997102014116187e+00 6.804447770057741041e-01 8.961384364285641668e-01
2.733904669965463654e+03 1.815989610328624167e+03 1.251840363357103115e+03 9.167919070586118551e+02 6.575236728053721436e+02 4.189875723332147572e+02 2.892469985160579427e+02 1.856414983252422530e+02 1.224712187279959892e+02 9.265308750564895490e+01 6.319214203913961114e+01 5.595748241835385528e+01 4.220248964633145761e+01 1.450161685904410191e+01 2.074694422081816825e+01 1.765149201088008724e+01 9.850085466418025959e+00 7.633997102014116187e+00 1.272051452531120219e+01 9.275081705069563309e-01 -2.549150347128270599e-02
1.126621680884206398e+03 7.190283365055004197e+02 4.548876522521860011e+02 3.232859302458149955e+02 2.084028470718011192e+02 1.734209530235783916e+02 1.143640682413205525e+02 7.123276977462178650e+01 4.627867589482493571e+01 4.055030039714891643e+01 3.961954393495099680e+01 1.739422347039849726e+01 9.893442574912485910e+00 4.891355774855190575e+00 4.324281314058644021e+00 2.837625073299715694e+00 2.041377732478082851e+00 6.804447770057741041e-01 9.275081705069563309e-01 2.994273477019723906e+00 -5.882598069040701275e-03
4.073379662946286999e+02 2.994659611080802506e+02 1.901820501420767471e+02 1.091093758771717859e+02 7.316710083153755306e+01 4.067740082490360010e+01 2.805602054001669643e+01 3.145460966628894539e+01 1.375074171372799547e+01 1.686601813480207923e+01 6.174486773533772066e+00 1.048507500177817242e+01 4.636767573387977848e+00 9.610021923894178641e-01 1.441412152628438026e+00 3.288630190403118103e+00 6.804521856921652567e-01 8.961384364285641668e-01 -2.549150347128270599e-02 -5.882598069040701275e-03 1.001992143894167686e+00
