9.864210058726023883e+06 6.201804133630432189e+06 4.012498550414116122e+06 2.410553186153121758e+06 1.446694099549757084e+06 8.696674869801016757e+05 4.751495286204721197e+05 2.353982899004688370e+05 1.105237242079609277e+05 4.570394206858722464e+04 1.154059447593077857e+04 7.358065565656566832e+03 1.921035608086412140e+03
6.201804133630432189e+06 4.269922763403638266e+06 2.627793595725004096e+06 1.578163978309989907e+06 9.440594914002225269e+05 5.700775416223461507e+05 3.125871244878693251e+05 1.538827666151594021e+05 7.120733932902810920e+04 2.945037606430426604e+04 7.517193279486152278e+03 4.627253278836165919e+03 1.332655700677756158e+03
4.012498550414116122e+06 2.627793595725004096e+06 1.832347633639591979e+06 1.019675154897655942e+06 6.166768504090764327e+05 3.687203704960556352e+05 2.028028984163099085e+05 9.959582895911126980e+04 4.660292640664539067e+04 1.979449387917196145e+04 5.034046498841087669e+03 3.109537485023820864e+03 6.552819794217176650e+02
2.410553186153121758e+06 1.578163978309989907e+06 1.019675154897655942e+06 6.869860243191430345e+05 3.748323478555789334e+05 2.229897421391131356e+05 1.235595083844588662e+05 6.272051573717407155e+04 2.869572875586096416e+04 1.199792175292916909e+04 2.954195721720678193e+03 1.724686531381348686e+03 4.395368257908450573e+02
1.446694099549757084e+06 9.440594914002225269e+05 6.166768504090764327e+05 3.748323478555789334e+05 2.614496449590119591e+05 1.340310022797638376e+05 7.569828769747175102e+04 3.806847944499531150e+04 1.762910164568980690e+04 7.212203320167067432e+03 1.899556916376243407e+03 1.015825143918063418e+03 2.728552759776713401e+02
8.696674869801016757e+05 5.700775416223461507e+05 3.687203704960556352e+05 2.229897421391131356e+05 1.340310022797638376e+05 9.816312762693628611e+04 4.703849710313583637e+04 2.281031036039562241e+04 1.076025830135547403e+04 4.554811091481165931e+03 1.108463003295462386e+03 7.658268739218739256e+02 1.848580050732945494e+02
4.751495286204721197e+05 3.125871244878693251e+05 2.028028984163099085e+05 1.235595083844588662e+05 7.569828769747175102e+04 4.703849710313583637e+04 3.491937617850154493e+04 1.276061176123816585e+04 6.066585460486445299e+03 2.619086642083728293e+03 6.856393813901991052e+02 4.626115657766440563e+02 1.001415047592069385e+02
2.353982899004688370e+05 1.538827666151594021e+05 9.959582895911126980e+04 6.272051573717407155e+04 3.806847944499531150e+04 2.281031036039562241e+04 1.276061176123816585e+04 1.086677859355046348e+04 3.036114562743221541e+03 1.265641945965910509e+03 3.177721002893541140e+02 1.903176971878669974e+02 6.691068151038388123e+01
1.105237242079609277e+05 7.120733932902810920e+04 4.660292640664539067e+04 2.869572875586096416e+04 1.762910164568980690e+04 1.076025830135547403e+04 6.066585460486445299e+03 3.036114562743221541e+03 3.158438887560590956e+03 6.999980744729303979e+02 2.201328179079026768e+02 1.084872450607047796e+02 2.360996168747585600e+01
4.570394206858722464e+04 2.945037606430426604e+04 1.979449387917196145e+04 1.199792175292916909e+04 7.212203320167067432e+03 4.554811091481165931e+03 2.619086642083728293e+03 1.265641945965910509e+03 6.999980744729303979e+02 8.994769618460363745e+02 1.003766576789911795e+02 6.552633531822522173e+01 1.528510375964824597e+01
1.154059447593077857e+04 7.517193279486152278e+03 5.034046498841087669e+03 2.954195721720678193e+03 1.899556916376243407e+03 1.108463003295462386e+03 6.856393813901991052e+02 3.177721002893541140e+02 2.201328179079026768e+02 1.003766576789911795e+02 1.995768862763111144e+02 1.247810011511868389e+01 4.629888889604344193e+00
7.358065565656566832e+03 4.627253278836165919e+03 3.109537485023820864e+03 1.724686531381348686e+03 1.015825143918063418e+03 7.658268739218739256e+02 4.626115657766440563e+02 1.903176971878669974e+02 1.084872450607047796e+02 6.552633531822522173e+01 1.247810011511868389e+01 6.138522765235850187e+01 3.620376646020398326e+00
1.921035608086412140e+03 1.332655700677756158e+03 6.552819794217176650e+02 4.395368257908450573e+02 2.728552759776713401e+02 1.848580050732945494e+02 1.001415047592069385e+02 6.691068151038388123e+01 2.360996168747585600e+01 1.528510375964824597e+01 4.629888889604344193e+00 3.620376646020398326e+00 1.272763334235905397e+01
