1.960054219510889426e+07 1.293650527204888687e+07 8.928065411875050515e+06 6.441906017639826052e+06 4.397317855663076043e+06 3.075968842406006064e+06 2.219734323254036251e+06 1.554164913958530407e+06 1.096235645919226576e+06 7.171032360809684033e+05 5.626138210117104463e+05 3.640935761964585399e+05 2.524024882987071760e+05 1.578067348352253030e+05 1.042979445403176505e+05 6.903982005649892380e+04 3.663590897977819259e+04 1.627834209482860751e+04 5.926427308367276964e+03 1.956338809598315947e+03 4.622222500471361855e+02
1.293650527204888687e+07 9.241935871291538700e+06 6.115633037661131471e+06 4.394144007179933600e+06 2.979860335108555388e+06 2.084692418745451840e+06 1.509691582256540423e+06 1.058992973464131122e+06 7.349272048963102279e+05 4.863316703163818456e+05 3.811598439607730834e+05 2.481650223879632249e+05 1.703691156290711369e+05 1.054481834901785187e+05 7.118259857315574482e+04 4.765750629704329913e+04 2.454531211746024201e+04 1.111555412169164629e+04 4.009581485777836861e+03 1.396574010772030761e+03 2.619706609519378162e+02
8.928065411875050515e+06 6.115633037661131471e+06 4.465275227712956257e+06 3.028478423363126349e+06 2.054595048787765205e+06 1.430789041420245310e+06 1.048726828059183434e+06 7.316927589474804699e+05 5.138305625165763195e+05 3.397296451264953939e+05 2.648292159707901301e+05 1.727518281662727240e+05 1.200801220233972563e+05 7.317609842615104571e+04 4.865551542363724730e+04 3.271274429225096901e+04 1.638222699413250302e+04 7.739561499501955041e+03 2.908380493764776020e+03 7.951894037483582451e+02 1.960691849533178015e+02
6.441906017639826052e+06 4.394144007179933600e+06 3.028478423363126349e+06 2.355793333048352972e+06 1.493015471250019968e+06 1.046519346621534321e+06 7.597431220140907681e+05 5.331005966974152252e+05 3.643987689541460131e+05 2.474036211277501425e+05 1.894396286360667145e+05 1.237629995595245709e+05 8.345725223842990818e+04 5.179357850673096982e+04 3.547610001775377168e+04 2.406600062004423307e+04 1.228269939859928854e+04 5.768025630248162088e+03 2.019363569982344643e+03 6.215827480673791570e+02 9.645447760108183388e+01
4.397317855663076043e+06 2.979860335108555388e+06 2.054595048787765205e+06 1.493015471250019968e+06 1.125867296580547234e+06 7.044358572632243158e+05 5.189791110890104901e+05 3.604819599186239648e+05 2.517074033034913882e+05 1.705540663774818822e+05 1.272578542599155626e+05 8.135416824032610748e+04 5.768039965613176901e+04 3.621405904423763423e+04 2.353517505136713226e+04 1.501822712468152713e+04 7.986335728548255247e+03 3.854367449443653641e+03 1.374099963969454620e+03 4.097674028550122216e+02 7.900901152234064284e+01
3.075968842406006064e+06 2.084692418745451840e+06 1.430789041420245310e+06 1.046519346621534321e+06 7.044358572632243158e+05 5.847317942128576105e+05 3.573507819537571631e+05 2.530600594564477215e+05 1.743486665976392105e+05 1.119779027870377759e+05 9.057028347642702283e+04 5.810753176422120305e+04 3.908078156976303580e+04 2.477359409020171734e+04 1.569517403219525113e+04 1.112334251410987599e+04 5.675261682822200783e+03 2.285319731869973566e+03 9.202765859716027990e+02 2.788435890461408917e+02 6.128169263520257459e+01
2.219734323254036251e+06 1.509691582256540423e+06 1.048726828059183434e+06 7.597431220140907681e+05 5.189791110890104901e+05 3.573507819537571631e+05 3.183321779209925444e+05 1.858870573071193940e+05 1.276477935539795581e+05 8.345875089085997024e+04 6.823348296022167779e+04 4.361377326477064344e+04 2.981690017716960938e+04 1.851502122122115907e+04 1.222578543559435820e+04 8.276590839596443402e+03 3.761563115113211552e+03 1.878065846882200958e+03 6.947663255618743960e+02 2.509625363474253277e+02 3.326340357527656977e+01
1.554164913958530407e+06 1.058992973464131122e+06 7.316927589474804699e+05 5.331005966974152252e+05 3.604819599186239648e+05 2.530600594564477215e+05 1.858870573071193940e+05 1.660212748944596096e+05 9.037938338527575252e+04 6.016545653568115085e+04 4.639914528006746696e+04 3.024818175966476338e+04 2.098407511926385632e+04 1.270221564817996114e+04 8.403457013905332133e+03 5.967937229941845544e+03 2.752825043084995286e+03 1.207325173930475557e+03 4.141328701052233896e+02 1.376834877371417178e+02 8.462251171333395661e+00
1.096235645919226576e+06 7.349272048963102279e+05 5.138305625165763195e+05 3.643987689541460131e+05 2.517074033034913882e+05 1.743486665976392105e+05 1.276477935539795581e+05 9.037938338527575252e+04 8.361463735944051587e+04 4.086732519925433007e+04 3.236683217780093037e+04 2.103511761037545511e+04 1.431663337716686692e+04 8.842251499983120084e+03 5.620547276885969040e+03 3.810903063499790733e+03 1.997001318658406944e+03 8.738327159075032569e+02 2.804895046746274829e+02 6.507672842687526327e+01 3.011840464878840962e+01
7.171032360809684033e+05 4.863316703163818456e+05 3.397296451264953939e+05 2.474036211277501425e+05 1.705540663774818822e+05 1.119779027870377759e+05 8.345875089085997024e+04 6.016545653568115085e+04 4.086732519925433007e+04 4.389246166363102384e+04 2.089799575378686131e+04 1.434078157354257382e+04 9.452373907978608258e+03 6.113091143102748902e+03 4.092887129066607031e+03 2.617409707944471847e+03 1.204328677482746798e+03 5.206233499097548929e+02 1.398215561894848520e+02 4.104466293028942658e+01 6.150570379911476593e+00
5.626138210117104463e+05 3.811598439607730834e+05 2.648292159707901301e+05 1.894396286360667145e+05 1.272578542599155626e+05 9.057028347642702283e+04 6.823348296022167779e+04 4.639914528006746696e+04 3.236683217780093037e+04 2.089799575378686131e+04 2.443733901360457457e+04 1.060738902484255959e+04 7.780166881402720719e+03 4.845494485921033629e+03 2.930638383324974257e+03 1.997053513585459541e+03 1.068071781091340199e+03 4.534859112926937996e+02 1.776567158160552253e+02 4.867997897615781966e+01 1.500943550115000802e+00
3.640935761964585399e+05 2.481650223879632249e+05 1.727518281662727240e+05 1.237629995595245709e+05 8.135416824032610748e+04 5.810753176422120305e+04 4.361377326477064344e+04 3.024818175966476338e+04 2.103511761037545511e+04 1.434078157354257382e+04 1.060738902484255959e+04 1.208605020453449470e+04 4.795089657156490830e+03 2.936982684564190095e+03 1.913405807824115982e+03 1.434507928005152053e+03 6.500285122939354778e+02 2.726646348314839088e+02 1.164308243978229171e+02 2.725154582833639694e+01 1.034970485637889759e+01
2.524024882987071760e+05 1.703691156290711369e+05 1.200801220233972563e+05 8.345725223842990818e+04 5.768039965613176901e+04 3.908078156976303580e+04 2.981690017716960938e+04 2.098407511926385632e+04 1.431663337716686692e+04 9.452373907978608258e+03 7.780166881402720719e+03 4.795089657156490830e+03 6.979705273351158212e+03 2.059758460479990845e+03 1.447655616743529890e+03 9.930381903367565428e+02 4.888924427067066176e+02 2.207994575038293874e+02 9.090916236402159711e+01 2.802867965873609890e+01 5.582157905832445977e+00
1.578067348352253030e+05 1.054481834901785187e+05 7.317609842615104571e+04 5.179357850673096982e+04 3.621405904423763423e+04 2.477359409020171734e+04 1.851502122122115907e+04 1.270221564817996114e+04 8.842251499983120084e+03 6.113091143102748902e+03 4.845494485921033629e+03 2.936982684564190095e+03 2.059758460479990845e+03 3.256242550462022336e+03 8.327187021695383464e+02 5.481529079552786925e+02 3.012831742954039100e+02 8.950578151826172757e+01 5.160882765649984805e+01 1.358551368824093331e+01 -1.645468785161579239e+00
1.042979445403176505e+05 7.118259857315574482e+04 4.865551542363724730e+04 3.547610001775377168e+04 2.353517505136713226e+04 1.569517403219525113e+04 1.222578543559435820e+04 8.403457013905332133e+03 5.620547276885969040e+03 4.092887129066607031e+03 2.930638383324974257e+03 1.913405807824115982e+03 1.447655616743529890e+03 8.327187021695383464e+02 1.548435453453851096e+03 3.501038978623667504e+02 2.162318434777538414e+02 8.116124814199621085e+01 3.985832499697158227e+01 9.958554572240217340e+00 5.008657264100576434e+00
6.903982005649892380e+04 4.765750629704329913e+04 3.271274429225096901e+04 2.406600062004423307e+04 1.501822712468152713e+04 1.112334251410987599e+04 8.276590839596443402e+03 5.967937229941845544e+03 3.810903063499790733e+03 2.617409707944471847e+03 1.997053513585459541e+03 1.434507928005152053e+03 9.930381903367565428e+02 5.481529079552786925e+02 3.501038978623667504e+02 8.196132049247039504e+02 1.191856047143378277e+02 5.335726462105235868e+01 3.662472812382755194e+01 1.364484862357580042e+01 9.452096487351102638e-01
3.663590897977819259e+04 2.454531211746024201e+04 1.638222699413250302e+04 1.228269939859928854e+04 7.986335728548255247e+03 5.675261682822200783e+03 3.761563115113211552e+03 2.752825043084995286e+03 1.997001318658406944e+03 1.204328677482746798e+03 1.068071781091340199e+03 6.500285122939354778e+02 4.888924427067066176e+02 3.012831742954039100e+02 2.162318434777538414e+02 1.191856047143378277e+02 3.015784787646799145e+02 4.685279231360728147e+01 6.498738812848974256e+00 4.916144799214176686e+00 2.566887228283630584e+00
1.627834209482860751e+04 1.111555412169164629e+04 7.739561499501955041e+03 5.768025630248162088e+03 3.854367449443653641e+03 2.285319731869973566e+03 1.878065846882200958e+03 1.207325173930475557e+03 8.738327159075032569e+02 5.206233499097548929e+02 4.534859112926937996e+02 2.726646348314839088e+02 2.207994575038293874e+02 8.950578151826172757e+01 8.116124814199621085e+01 5.335726462105235868e+01 4.685279231360728147e+01 1.149293180207877327e+02 1.297367549171991463e+01 2.643328751290637157e+00 8.078957325309789050e-01
5.926427308367276964e+03 4.009581485777836861e+03 2.908380493764776020e+03 2.019363569982344643e+03 1.374099963969454620e+03 9.202765859716027990e+02 6.947663255618743960e+02 4.141328701052233896e+02 2.804895046746274829e+02 1.398215561894848520e+02 1.776567158160552253e+02 1.164308243978229171e+02 9.090916236402159711e+01 5.160882765649984805e+01 3.985832499697158227e+01 3.662472812382755194e+01 6.498738812848974256e+00 1.297367549171991463e+01 3.080222101846695892e+01 2.655055219120488363e+00 -5.098296065347642653e-02
1.956338809598315947e+03 1.396574010772030761e+03 7.951894037483582451e+02 6.215827480673791570e+02 4.097674028550122216e+02 2.788435890461408917e+02 2.509625363474253277e+02 1.376834877371417178e+02 6.507672842687526327e+01 4.104466293028942658e+01 4.867997897615781966e+01 2.725154582833639694e+01 2.802867965873609890e+01 1.358551368824093331e+01 9.958554572240217340e+00 1.364484862357580042e+01 4.916144799214176686e+00 2.643328751290637157e+00 2.655055219120488363e+00 6.931672970798934408e+00 -1.372598428523603802e-02
4.622222500471361855e+02 2.619706609519378162e+02 1.960691849533178015e+02 9.645447760108183388e+01 7.900901152234064284e+01 6.128169263520257459e+01 3.326340357527656977e+01 8.462251171333395661e+00 3.011840464878840962e+01 6.150570379911476593e+00 1.500943550115000802e+00 1.034970485637889759e+01 5.582157905832445977e+00 -1.645468785161579239e+00 5.008657264100576434e+00 9.452096487351102638e-01 2.566887228283630584e+00 8.078957325309789050e-01 -5.098296065347642653e-02 -1.372598428523603802e-02 1.001989494078064924e+00
