1.595278356928814901e+06 8.386475974500088487e+05 5.461373046749093337e+05 3.285731238362507429e+05 1.959982366697312100e+05 1.032612426643696090e+05 3.824109195206237928e+04 1.863328265153808388e+04 3.207637254570749519e+03 5.350853668781666101e+02 1.149813200291980593e+02
8.386475974500088487e+05 6.711856833285277244e+05 3.473373032648867811e+05 1.976285586991757737e+05 1.244075919192116125e+05 6.386803417997329962e+04 2.562684078759665135e+04 1.123081580832939107e+04 2.102116932564407762e+03 3.541250091982464596e+02 8.004743271564852591e+01
5.461373046749093337e+05 3.473373032648867811e+05 3.057139548682282330e+05 1.307467991913567093e+05 8.108080740871428861e+04 4.229823635078938241e+04 1.655547031918906578e+04 7.516387169874455140e+03 1.456662187836831208e+03 1.921577240740191712e+02 4.636013581131327754e+01
3.285731238362507429e+05 1.976285586991757737e+05 1.307467991913567093e+05 1.153783384653624962e+05 4.859677096111381979e+04 2.388958234619853829e+04 9.353639698929962833e+03 4.429671046756136093e+03 8.510077485681709959e+02 1.856700697815843455e+02 2.117864987959896439e+01
1.959982366697312100e+05 1.244075919192116125e+05 8.108080740871428861e+04 4.859677096111381979e+04 4.792478227510148281e+04 1.541901629643582601e+04 6.339911950835417883e+03 2.976785043926460276e+03 4.255776671967788047e+02 6.951708824612401827e+01 7.633056502912284991e+00
1.032612426643696090e+05 6.386803417997329962e+04 4.229823635078938241e+04 2.388958234619853829e+04 1.541901629643582601e+04 1.660646443262092362e+04 3.191603408438580118e+03 1.470463177139919480e+03 3.100866711433757246e+02 1.406136460000499255e+01 2.086498522809000988e+01
3.824109195206237928e+04 2.562684078759665135e+04 1.655547031918906578e+04 9.353639698929962833e+03 6.339911950835417883e+03 3.191603408438580118e+03 4.043278010137928050e+03 4.403247549120290500e+02 9.206722051029646536e+01 2.422930495475052481e+01 5.041829030615802232e+00
1.863328265153808388e+04 1.123081580832939107e+04 7.516387169874455140e+03 4.429671046756136093e+03 2.976785043926460276e+03 1.470463177139919480e+03 4.403247549120290500e+02 1.208014597902309333e+03 8.348776750823255099e+01 5.943391969983678358e+00 3.772753302251612983e-01
3.207637254570749519e+03 2.102116932564407762e+03 1.456662187836831208e+03 8.510077485681709959e+02 4.255776671967788047e+02 3.100866711433757246e+02 9.206722051029646536e+01 8.348776750823255099e+01 2.216642334781616057e+02 8.820615782359402246e+00 -1.586969271832811446e+00
5.350853668781666101e+02 3.541250091982464596e+02 1.921577240740191712e+02 1.856700697815843455e+02 6.951708824612401827e+01 1.406136460000499255e+01 2.422930495475052481e+01 5.943391969983678358e+00 8.820615782359402246e+00 3.129358157502614546e+01 7.617974629809174392e-01
1.149813200291980593e+02 8.004743271564852591e+01 4.636013581131327754e+01 2.117864987959896439e+01 7.633056502912284991e+00 2.086498522809000988e+01 5.041829030615802232e+00 3.772753302251612983e-01 -1.586969271832811446e+00 7.617974629809174392e-01 3.988743347561530594e+00
