2.057201531427829294e+06 1.150930257037953474e+06 7.840876874092405196e+05 5.206055199849642813e+05 3.299253855186253786e+05 2.240409851371468976e+05 1.193154979645522544e+05 5.490804658376671432e+04 2.666011750874084100e+04 9.363422964832374419e+03 1.862859532553817644e+03 1.227446279693713933e+02 -4.484296552195470298e+00
1.150930257037953474e+06 9.431727624818701297e+05 5.215861044650012627e+05 3.511651649618498050e+05 2.195314710345436179e+05 1.467945986113751424e+05 7.853646982051535451e+04 3.791393127324204397e+04 1.788424523496927577e+04 5.256834770087551078e+03 1.529590220625617349e+03 2.149011377867594774e+00 1.645679972119619450e+01
7.840876874092405196e+05 5.215861044650012627e+05 4.671181169802240329e+05 2.397845562172189821e+05 1.549462536678566830e+05 9.979353155050156056e+04 5.413969070278086292e+04 2.510000583637395903e+04 1.259069687999035159e+04 3.886322371620725789e+03 6.917463704565885791e+02 1.436857242427800330e+01 4.556845293944057573e+00
5.206055199849642813e+05 3.511651649618498050e+05 2.397845562172189821e+05 2.225704417492147186e+05 1.011270323260200239e+05 7.041485190390262869e+04 3.801997988672147039e+04 1.834027486107913137e+04 8.434289268193584576e+03 2.913808448956542634e+03 6.395269625958665074e+02 2.196070021177858678e+01 -9.678394307619566206e+00
3.299253855186253786e+05 2.195314710345436179e+05 1.549462536678566830e+05 1.011270323260200239e+05 9.893238778959671617e+04 4.749577889178385522e+04 2.459642541197947503e+04 1.119564928136910021e+04 5.483978998243034766e+03 1.448786608507386973e+03 5.104568686548246887e+02 1.883914353882602555e+01 -7.935263728311445774e+00
2.240409851371468976e+05 1.467945986113751424e+05 9.979353155050156056e+04 7.041485190390262869e+04 4.749577889178385522e+04 5.166207666177455394e+04 1.644976445402811078e+04 7.729939024436673208e+03 4.096799996936237221e+03 1.138223091976490650e+03 3.425712370893090224e+02 9.599963235434628928e+00 5.215666300297415070e+00
1.193154979645522544e+05 7.853646982051535451e+04 5.413969070278086292e+04 3.801997988672147039e+04 2.459642541197947503e+04 1.644976445402811078e+04 1.816770885528493818e+04 4.547537486453067686e+03 2.169889729282846019e+03 6.032212192815360368e+02 4.621550928497691757e+01 -4.784295403281105585e+00 1.158819091533060064e+00
5.490804658376671432e+04 3.791393127324204397e+04 2.510000583637395903e+04 1.834027486107913137e+04 1.119564928136910021e+04 7.729939024436673208e+03 4.547537486453067686e+03 5.711615381374876961e+03 9.282631117374896803e+02 2.630656592154618920e+02 4.983118171269239127e+01 -5.443116409633741881e+00 3.586260775655679023e+00
2.666011750874084100e+04 1.788424523496927577e+04 1.259069687999035159e+04 8.434289268193584576e+03 5.483978998243034766e+03 4.096799996936237221e+03 2.169889729282846019e+03 9.282631117374896803e+02 1.860134052795510570e+03 2.125168331922785114e+02 4.357630370594505820e+01 -6.274485774795204307e-01 -8.313693651602627188e-01
9.363422964832374419e+03 5.256834770087551078e+03 3.886322371620725789e+03 2.913808448956542634e+03 1.448786608507386973e+03 1.138223091976490650e+03 6.032212192815360368e+02 2.630656592154618920e+02 2.125168331922785114e+02 5.340528567215978910e+02 2.197638642621620164e+01 -6.274485774788840509e-02 2.431363237732477312e-01
1.862859532553817644e+03 1.529590220625617349e+03 6.917463704565885791e+02 6.395269625958665074e+02 5.104568686548246887e+02 3.425712370893090224e+02 4.621550928497691757e+01 4.983118171269239127e+01 4.357630370594505820e+01 2.197638642621620164e+01 8.243889997357547372e+01 -1.223524726084842085e+00 -1.529405907606053439e-01
1.227446279693713933e+02 2.149011377867594774e+00 1.436857242427800330e+01 2.196070021177858678e+01 1.883914353882602555e+01 9.599963235434628928e+00 -4.784295403281105585e+00 -5.443116409633741881e+00 -6.274485774795204307e-01 -6.274485774788840509e-02 -1.223524726084842085e+00 7.905852076240514670e+00 -1.568621443698514292e-02
-4.484296552195470298e+00 1.645679972119619450e+01 4.556845293944057573e+00 -9.678394307619566206e+00 -7.935263728311445774e+00 5.215666300297415070e+00 1.158819091533060064e+00 3.586260775655679023e+00 -8.313693651602627188e-01 2.431363237732477312e-01 -1.529405907606053439e-01 -1.568621443698514292e-02 1.001956947162427447e+00
