1.346923271678157384e+06 6.976899589838872198e+05 4.556671020353014464e+05 2.576808218444348895e+05 1.442091318367607018e+05 6.638541538300708635e+04 2.545659408108048592e+04 9.529875273529081824e+03 1.308077413081754685e+03 3.825540094128147075e+02 3.483395735219009914e+00
6.976899589838872198e+05 5.343450264769145288e+05 2.802119313251746935e+05 1.570618345918526757e+05 8.836309494228167750e+04 3.851877630821476487e+04 1.636480478961587687e+04 5.412298584135398414e+03 1.006405932878940575e+03 2.118235635012701152e+02 1.071224217809429113e+00
4.556671020353014464e+05 2.802119313251746935e+05 2.400552785767848254e+05 9.938282915854371095e+04 5.811308234733586141e+04 2.731847580350080534e+04 1.070611229689194261e+04 4.172756746411357199e+03 3.387887620062081169e+02 1.124441115602647301e+02 3.586174554998996733e+00
2.576808218444348895e+05 1.570618345918526757e+05 9.938282915854371095e+04 9.011499055362111540e+04 3.241544659375211631e+04 1.506941255518414800e+04 5.614264909939674908e+03 2.063935791220970714e+03 4.701539905659387841e+02 4.780880041315397477e+01 -8.128340931489196564e+00
1.442091318367607018e+05 8.836309494228167750e+04 5.811308234733586141e+04 3.241544659375211631e+04 3.390783666186834307e+04 8.994067096581242367e+03 3.583076471046617826e+03 1.198808871003840522e+03 1.762109406478382709e+02 5.172558761080444611e+01 -3.630413426226887008e+00
6.638541538300708635e+04 3.851877630821476487e+04 2.731847580350080534e+04 1.506941255518414800e+04 8.994067096581242367e+03 1.030794077797314640e+04 1.474610115360375175e+03 5.674845892625618262e+02 3.968737465693170208e+01 1.876693663627893116e+01 -2.398257776614282299e+00
2.545659408108048592e+04 1.636480478961587687e+04 1.070611229689194261e+04 5.614264909939674908e+03 3.583076471046617826e+03 1.474610115360375175e+03 2.367652392126859013e+03 2.522070071836906209e+02 3.182616404905709118e+01 6.874989374202149506e+00 3.181652507196176316e+00
9.529875273529081824e+03 5.412298584135398414e+03 4.172756746411357199e+03 2.063935791220970714e+03 1.198808871003840522e+03 5.674845892625618262e+02 2.522070071836906209e+02 6.595794691796721736e+02 2.355464666896068948e+01 5.227383523028679591e+00 -1.077761496416373310e+00
1.308077413081754685e+03 1.006405932878940575e+03 3.387887620062081169e+02 4.701539905659387841e+02 1.762109406478382709e+02 3.968737465693170208e+01 3.182616404905709118e+01 2.355464666896068948e+01 9.437812427532746540e+01 2.071784535798310234e+00 8.445213482799427407e-01
3.825540094128147075e+02 2.118235635012701152e+02 1.124441115602647301e+02 4.780880041315397477e+01 5.172558761080444611e+01 1.876693663627893116e+01 6.874989374202149506e+00 5.227383523028679591e+00 2.071784535798310234e+00 1.180939858219102412e+01 -2.360925426526267260e-02
3.483395735219009914e+00 1.071224217809429113e+00 3.586174554998996733e+00 -8.128340931489196564e+00 -3.630413426226887008e+00 -2.398257776614282299e+00 3.181652507196176316e+00 -1.077761496416373310e+00 8.445213482799427407e-01 -2.360925426526267260e-02 1.004954539863363472e+00
