1.278139858104079030e+06 6.665465297085472848e+05 4.375053362694364041e+05 2.483297156490846828e+05 1.393575839553269034e+05 6.428210676276770391e+04 2.468746623978892603e+04 9.252231233795981098e+03 1.271085328257745914e+03 3.719515167297597600e+02 3.388222318382033471e+00
6.665465297085472848e+05 5.139516297809825628e+05 2.708661783618264017e+05 1.523876379762993893e+05 8.596887469028795022e+04 3.755107580011513346e+04 1.597789371211248363e+04 5.290216995186903659e+03 9.845707392359598771e+02 2.073482255353140715e+02 1.049015590467486048e+00
4.375053362694364041e+05 2.708661783618264017e+05 2.332099617878797872e+05 9.690766024948058475e+04 5.682139807982150523e+04 2.676541906626052878e+04 1.050529310166646974e+04 4.099043125601207066e+03 3.330967635694540263e+02 1.106191842096453115e+02 3.529398248325204435e+00
2.483297156490846828e+05 1.523876379762993893e+05 9.690766024948058475e+04 8.819718184291420039e+04 3.181272914855723866e+04 1.481920207107228453e+04 5.529427843796822344e+03 2.035009853669555469e+03 4.639727329475792885e+02 4.720766234811085837e+01 -8.029381014932919669e+00
1.393575839553269034e+05 8.596887469028795022e+04 5.682139807982150523e+04 3.181272914855723866e+04 3.336877416982749128e+04 8.869024858207500074e+03 3.538625663964068281e+03 1.185254284412179913e+03 1.743718812351315250e+02 5.121549013675510764e+01 -3.596064659678740227e+00
6.428210676276770391e+04 3.755107580011513346e+04 2.676541906626052878e+04 1.481920207107228453e+04 8.869024858207500074e+03 1.018523942540116332e+04 1.459268921304716969e+03 5.622056900824043169e+02 3.935279046878675757e+01 1.861953653670127906e+01 -2.380383040812620976e+00
2.468746623978892603e+04 1.597789371211248363e+04 1.050529310166646974e+04 5.529427843796822344e+03 3.538625663964068281e+03 1.459268921304716969e+03 2.346577287923922086e+03 2.502402181364168996e+02 3.160576131371940534e+01 6.831346387306913570e+00 3.162732985857029000e+00
9.252231233795981098e+03 5.290216995186903659e+03 4.099043125601207066e+03 2.035009853669555469e+03 1.185254284412179913e+03 5.622056900824043169e+02 2.502402181364168996e+02 6.551641576127645976e+02 2.341755737761464218e+01 5.199980085860723911e+00 -1.072544912128900352e+00
1.271085328257745914e+03 9.845707392359598771e+02 3.330967635694540263e+02 4.639727329475792885e+02 1.743718812351315250e+02 3.935279046878675757e+01 3.160576131371940534e+01 2.341755737761464218e+01 9.391140505742546907e+01 2.062737198463545418e+00 8.411732491833289194e-01
3.719515167297597600e+02 2.073482255353140715e+02 1.106191842096453115e+02 4.720766234811085837e+01 5.121549013675510764e+01 1.861953653670127906e+01 6.831346387306913570e+00 5.199980085860723911e+00 2.062737198463545418e+00 1.176466082773886157e+01 -2.352932165547772653e-02
3.388222318382033471e+00 1.049015590467486048e+00 3.529398248325204435e+00 -8.029381014932919669e+00 -3.596064659678740227e+00 -2.380383040812620976e+00 3.162732985857029000e+00 -1.072544912128900352e+00 8.411732491833289194e-01 -2.352932165547772653e-02 1.001956947162427447e+00
