1.925236298695263686e+06 1.083185139500943478e+06 7.389718678832929581e+05 4.667792784749747370e+05 2.978584785860870034e+05 1.685408683448342781e+05 9.036260508855828084e+04 3.840634687974247208e+04 1.758124734055355657e+04 4.728657316118035851e+03 7.893370636031334016e+02 1.003372087870421225e+01
1.083185139500943478e+06 8.541851649689375190e+05 4.798160806599581265e+05 3.086875460591279552e+05 2.007976739874298219e+05 1.112193370702731772e+05 5.598135204599349527e+04 2.710066470264838790e+04 1.037893372646403986e+04 3.274841493262371841e+03 4.259882307124715908e+02 1.834751063904669977e+01
7.389718678832929581e+05 4.798160806599581265e+05 4.302190448343284661e+05 2.193113095028197858e+05 1.394233564283137093e+05 8.069480520460155094e+04 3.904054727776376967e+04 1.846372243584114767e+04 8.718211000695822804e+03 2.203628207854539596e+03 3.816863835906221425e+02 -4.062254313433300901e+00
4.667792784749747370e+05 3.086875460591279552e+05 2.193113095028197858e+05 1.907748578181740595e+05 9.154052083611387934e+04 5.309036693079461111e+04 2.617066541047567080e+04 1.178476576296797066e+04 5.221873077849953006e+03 1.428627757852073501e+03 2.709337373343124682e+02 -3.682257386510457309e+00
2.978584785860870034e+05 2.007976739874298219e+05 1.394233564283137093e+05 9.154052083611387934e+04 9.012612768606212921e+04 3.504606955468974047e+04 1.843964434836927830e+04 7.931323805992243251e+03 3.524195010120544339e+03 1.011421079127403004e+03 1.577295169727590007e+02 1.213233252461297695e+01
1.685408683448342781e+05 1.112193370702731772e+05 8.069480520460155094e+04 5.309036693079461111e+04 3.504606955468974047e+04 3.399197892128306557e+04 1.021932159512658291e+04 4.506359806665985161e+03 2.073889012085131526e+03 4.576741207705167653e+02 7.039668773312867245e+01 5.702373118567545696e+00
9.036260508855828084e+04 5.598135204599349527e+04 3.904054727776376967e+04 2.617066541047567080e+04 1.843964434836927830e+04 1.021932159512658291e+04 1.215455467146134833e+04 2.609084148420638940e+03 9.885570123486613738e+02 1.612073056992044258e+02 4.153533897101440608e+00 3.103187605981751140e+00
3.840634687974247208e+04 2.710066470264838790e+04 1.846372243584114767e+04 1.178476576296797066e+04 7.931323805992243251e+03 4.506359806665985161e+03 2.609084148420638940e+03 3.306094450125001913e+03 4.305819024381897293e+02 1.171696623436569098e+02 3.267899455643204476e+01 -7.798548133359742840e-01
1.758124734055355657e+04 1.037893372646403986e+04 8.718211000695822804e+03 5.221873077849953006e+03 3.524195010120544339e+03 2.073889012085131526e+03 9.885570123486613738e+02 4.305819024381897293e+02 1.079003930111396585e+03 1.082338943193403793e+02 1.472362975275131802e+01 -2.376972384324319787e+00
4.728657316118035851e+03 3.274841493262371841e+03 2.203628207854539596e+03 1.428627757852073501e+03 1.011421079127403004e+03 4.576741207705167653e+02 1.612073056992044258e+02 1.171696623436569098e+02 1.082338943193403793e+02 2.425649438335935599e+02 -9.599855729190175380e-01 2.045135726025914258e-01
7.893370636031334016e+02 4.259882307124715908e+02 3.816863835906221425e+02 2.709337373343124682e+02 1.577295169727590007e+02 7.039668773312867245e+01 4.153533897101440608e+00 3.267899455643204476e+01 1.472362975275131802e+01 -9.599855729190175380e-01 3.044561675169110160e+01 -1.179333881428054759e-01
1.003372087870421225e+01 1.834751063904669977e+01 -4.062254313433300901e+00 -3.682257386510457309e+00 1.213233252461297695e+01 5.702373118567545696e+00 3.103187605981751140e+00 -7.798548133359742840e-01 -2.376972384324319787e+00 2.045135726025914258e-01 -1.179333881428054759e-01 2.004147165548248122e+00
