1.144802439328828477e+05 3.569588682641190826e+04 1.302628736869040222e+04 3.927651625108624103e+03 1.051329307102812663e+03 3.781907085220919953e+02 3.627437088552718070e+00
3.569588682641190826e+04 3.042127173226047307e+04 6.775456405267676018e+03 2.057462708859095073e+03 5.145156766403208621e+02 1.667875965548494150e+02 -2.756852187300039780e+00
1.302628736869040222e+04 6.775456405267676018e+03 7.565241615955391353e+03 7.591578769995486482e+02 2.197168056188484968e+02 7.181933279973448236e+01 -2.580382274883984639e+00
3.927651625108624103e+03 2.057462708859095073e+03 7.591578769995486482e+02 1.525623569149981449e+03 6.961934122495112831e+01 2.957439654413102303e+01 2.433324014537230795e+00
1.051329307102812663e+03 5.145156766403208621e+02 2.197168056188484968e+02 6.961934122495112831e+01 2.709871975061402054e+02 1.023525492013309002e+00 -5.372528444667360459e-01
3.781907085220919953e+02 1.667875965548494150e+02 7.181933279973448236e+01 2.957439654413102303e+01 1.023525492013309002e+00 5.392724445755030871e+01 7.627421769984030764e-01
3.627437088552718070e+00 -2.756852187300039780e+00 -2.580382274883984639e+00 2.433324014537230795e+00 -5.372528444667360459e-01 7.627421769984030764e-01 2.994106180659540151e+00
