1.125958210880712839e+06 5.830581631447273539e+05 3.467547985752226086e+05 1.939904394746977196e+05 9.530732949732941051e+04 3.999907866544492572e+04 1.559724148946271453e+04 3.938402237116495144e+03 8.924969134536635238e+02 2.231869044912377547e+02
5.830581631447273539e+05 4.735796639962441404e+05 2.236098619666491286e+05 1.194680444601731724e+05 6.153716843921385589e+04 2.497659209203655337e+04 9.769299456441487564e+03 2.238705264308697224e+03 5.919459362360578325e+02 1.281256864487057499e+02
3.467547985752226086e+05 2.236098619666491286e+05 1.838514501363969466e+05 7.134104364355259167e+04 3.729762834004209435e+04 1.601544136881319173e+04 5.111200832034752239e+03 1.494092954381656455e+03 1.583209711643906701e+02 1.133098596901644157e+02
1.939904394746977196e+05 1.194680444601731724e+05 7.134104364355259167e+04 6.697829472414599149e+04 1.919290732952599137e+04 8.422073213955234678e+03 3.340821235958750094e+03 9.126143626436451086e+02 2.630242399031967580e+02 7.991064946900311661e+00
9.530732949732941051e+04 6.153716843921385589e+04 3.729762834004209435e+04 1.919290732952599137e+04 2.065727757928169376e+04 4.656272885927211064e+03 1.481426493026224307e+03 4.245554089982641699e+02 1.030198576841127220e+02 1.768873954551149552e+01
3.999907866544492572e+04 2.497659209203655337e+04 1.601544136881319173e+04 8.422073213955234678e+03 4.656272885927211064e+03 6.089434010135259086e+03 5.769793715672361714e+02 9.978573751570340278e+01 1.913473983698728276e+01 1.595346045113651989e+01
1.559724148946271453e+04 9.769299456441487564e+03 5.111200832034752239e+03 3.340821235958750094e+03 1.481426493026224307e+03 5.769793715672361714e+02 1.481433290883054497e+03 1.138837283098808939e+02 9.246532558781739297e+00 5.024122147410873929e+00
3.938402237116495144e+03 2.238705264308697224e+03 1.494092954381656455e+03 9.126143626436451086e+02 4.245554089982641699e+02 9.978573751570340278e+01 1.138837283098808939e+02 2.847338150938377908e+02 1.157364228060787781e+01 1.419251921920463289e-01
8.924969134536635238e+02 5.919459362360578325e+02 1.583209711643906701e+02 2.630242399031967580e+02 1.030198576841127220e+02 1.913473983698728276e+01 9.246532558781739297e+00 1.157364228060787781e+01 4.410876121923061532e+01 5.238841360316549567e-01
2.231869044912377547e+02 1.281256864487057499e+02 1.133098596901644157e+02 7.991064946900311661e+00 1.768873954551149552e+01 1.595346045113651989e+01 5.024122147410873929e+00 1.419251921920463289e-01 5.238841360316549567e-01 5.975887636297951389e+00
