2.328584956367134117e+06 1.293957097989511210e+06 8.749149587428472005e+05 5.988306902694613673e+05 3.696935747131374083e+05 2.540393858452585991e+05 1.486277982529254514e+05 8.155606489500557655e+04 3.146331021164807680e+04 1.537450081712051360e+04 4.112131257934278437e+03 4.740443882675748455e+02 -2.025533056514810100e-11
1.293957097989511210e+06 1.028737150058196159e+06 5.702848260783633450e+05 3.898447814919902594e+05 2.522003740636932489e+05 1.687619116917722276e+05 9.644269885558894021e+04 5.690127909800311318e+04 2.107665947177977432e+04 9.196750985938706435e+03 3.292748734901371336e+03 2.701005354876601245e+02 5.549168657038150876e+00
8.749149587428472005e+05 5.702848260783633450e+05 5.054146261426100391e+05 2.694888857977178995e+05 1.736479394960582140e+05 1.136825176353390416e+05 6.519776945401062403e+04 3.718248731245631643e+04 1.396385258547324884e+04 6.459721383182749378e+03 2.038502519694920466e+03 1.363346025499864425e+02 3.572125126112545068e+00
5.988306902694613673e+05 3.898447814919902594e+05 2.694888857977178995e+05 2.516124668845958367e+05 1.171081731272227917e+05 7.588125241869396996e+04 4.872379094786306086e+04 2.568615478485756103e+04 1.034848536632497235e+04 4.618659496058670811e+03 1.339456869841877278e+03 2.284039305864347114e+02 -8.828139500986676325e+00
3.696935747131374083e+05 2.522003740636932489e+05 1.736479394960582140e+05 1.171081731272227917e+05 1.146278108354478027e+05 5.270412720997433644e+04 3.097248612973905256e+04 1.598415795434407846e+04 6.901221985875556129e+03 2.777646425128307783e+03 1.053416466525146916e+03 8.446159967427193749e+01 -7.291566021807055487e-02
2.540393858452585991e+05 1.687619116917722276e+05 1.136825176353390416e+05 7.588125241869396996e+04 5.270412720997433644e+04 5.834872368447615008e+04 2.192961000871590295e+04 1.089774084280088027e+04 4.669540725867301262e+03 1.976283035000971950e+03 6.268546391390070767e+02 5.231303576869938610e+01 -2.355415730310331135e+00
1.486277982529254514e+05 9.644269885558894021e+04 6.519776945401062403e+04 4.872379094786306086e+04 3.097248612973905256e+04 2.192961000871590295e+04 2.345369309610124037e+04 7.172870009770572324e+03 3.174585962288582778e+03 1.146850700099575079e+03 2.775783803549951472e+02 1.789826905993142958e+01 3.789980400653088832e+00
8.155606489500557655e+04 5.690127909800311318e+04 3.718248731245631643e+04 2.568615478485756103e+04 1.598415795434407846e+04 1.089774084280088027e+04 7.172870009770572324e+03 9.292280421850420680e+03 1.412264622993879357e+03 5.441706215239174753e+02 1.784143501554111708e+02 7.198281175347341687e+00 4.478775975616592575e+00
3.146331021164807680e+04 2.107665947177977432e+04 1.396385258547324884e+04 1.034848536632497235e+04 6.901221985875556129e+03 4.669540725867301262e+03 3.174585962288582778e+03 1.412264622993879357e+03 2.391755760044042290e+03 3.082022060193131097e+02 6.289737714046328421e+01 -1.138904313006434549e-01 -7.323509124666589543e-01
1.537450081712051360e+04 9.196750985938706435e+03 6.459721383182749378e+03 4.618659496058670811e+03 2.777646425128307783e+03 1.976283035000971950e+03 1.146850700099575079e+03 5.441706215239174753e+02 3.082022060193131097e+02 8.065493079328629165e+02 6.839400120826560681e+01 7.875534930504977993e+00 -1.766496569194990762e-01
4.112131257934278437e+03 3.292748734901371336e+03 2.038502519694920466e+03 1.339456869841877278e+03 1.053416466525146916e+03 6.268546391390070767e+02 2.775783803549951472e+02 1.784143501554111708e+02 6.289737714046328421e+01 6.839400120826560681e+01 1.614180648033890293e+02 -2.001795636112124299e+00 -2.786500093192951777e-01
4.740443882675748455e+02 2.701005354876601245e+02 1.363346025499864425e+02 2.284039305864347114e+02 8.446159967427193749e+01 5.231303576869938610e+01 1.789826905993142958e+01 7.198281175347341687e+00 -1.138904313006434549e-01 7.875534930504977993e+00 -2.001795636112124299e+00 1.744811151741038202e+01 -3.531609127027009187e-02
-2.025533056514810100e-11 5.549168657038150876e+00 3.572125126112545068e+00 -8.828139500986676325e+00 -7.291566021807055487e-02 -2.355415730310331135e+00 3.789980400653088832e+00 4.478775975616592575e+00 -7.323509124666589543e-01 -1.766496569194990762e-01 -2.786500093192951777e-01 -3.531609127027009187e-02 1.002471828028504541e+00
