8.412975918443574337e+05 4.451209796530868043e+05 2.511942635023469629e+05 1.308564988645053236e+05 5.810270297678103088e+04 2.224176972361417938e+04 8.469991092252435919e+03 2.327344028247466667e+03 6.057016019393264514e+02 -1.454504233667874402e+01
4.451209796530868043e+05 3.815220349799301475e+05 1.600500596122013521e+05 8.460011914782322128e+04 3.727061020752767217e+04 1.438434883444760635e+04 5.611962821833410089e+03 1.259716744344540075e+03 3.218870025773400130e+02 -1.149407362870054428e+01
2.511942635023469629e+05 1.600500596122013521e+05 1.265111998192336905e+05 4.965739806449601019e+04 2.113479749234992778e+04 8.097925850467361670e+03 2.996004212606332658e+03 7.496794819259822589e+02 1.508680496781142892e+02 1.154897537922999007e+01
1.308564988645053236e+05 8.460011914782322128e+04 4.965739806449601019e+04 4.254144492399833689e+04 1.100436570019248029e+04 4.502767069672441721e+03 1.697499381512738637e+03 4.379826364022684402e+02 8.563496616510877857e+01 -1.127054507297350838e+01
5.810270297678103088e+04 3.727061020752767217e+04 2.113479749234992778e+04 1.100436570019248029e+04 1.250627367389102983e+04 2.233544387467837623e+03 6.994796741740567541e+02 2.141952581370334201e+02 1.224309036806557849e+01 1.364700656018329461e+00
2.224176972361417938e+04 1.438434883444760635e+04 8.097925850467361670e+03 4.502767069672441721e+03 2.233544387467837623e+03 3.439602513776974774e+03 2.169717180923747435e+02 6.711346846863915516e+01 1.870973226971346648e+01 2.360775272766192590e+00
8.469991092252435919e+03 5.611962821833410089e+03 2.996004212606332658e+03 1.697499381512738637e+03 6.994796741740567541e+02 2.169717180923747435e+02 8.874632679868710738e+02 3.250183631343334412e+01 1.336465470031147973e+01 -6.274485774794265058e-01
2.327344028247466667e+03 1.259716744344540075e+03 7.496794819259822589e+02 4.379826364022684402e+02 2.141952581370334201e+02 6.711346846863915516e+01 3.250183631343334412e+01 1.214662014927945108e+02 5.211744746688315111e+00 4.941157547650323334e-01
6.057016019393264514e+02 3.218870025773400130e+02 1.508680496781142892e+02 8.563496616510877857e+01 1.224309036806557849e+01 1.870973226971346648e+01 1.336465470031147973e+01 5.211744746688315111e+00 1.461759107846553896e+01 -5.882330413869429203e-02
-1.454504233667874402e+01 -1.149407362870054428e+01 1.154897537922999007e+01 -1.127054507297350838e+01 1.364700656018329461e+00 2.360775272766192590e+00 -6.274485774794265058e-01 4.941157547650323334e-01 -5.882330413869429203e-02 1.999992340715606831e+00
