1.206889372283835692e+05 3.737912563737784512e+04 1.357221346713014464e+04 4.077213739419207286e+03 1.088250294799715448e+03 3.907455552889149430e+02 3.740233921391440397e+00
3.737912563737784512e+04 3.164188683875448260e+04 7.012011628609863692e+03 2.121468253198463572e+03 5.290085356630092974e+02 1.711673739301483863e+02 -2.823490965014137100e+00
1.357221346713014464e+04 7.012011628609863692e+03 7.790152149922354511e+03 7.788534213261929153e+02 2.247741732101124228e+02 7.333607596274435991e+01 -2.629517319404472087e+00
4.077213739419207286e+03 2.121468253198463572e+03 7.788534213261929153e+02 1.559450202659398428e+03 7.095998814757071216e+01 3.008795605076559454e+01 2.470543016913136380e+00
1.088250294799715448e+03 5.290085356630092974e+02 2.247741732101124228e+02 7.095998814757071216e+01 2.754177344795776321e+02 1.038328945792926783e+00 -5.439145851615373450e-01
3.907455552889149430e+02 1.711673739301483863e+02 7.333607596274435991e+01 3.008795605076559454e+01 1.038328945792926783e+00 5.460566449705596170e+01 7.707666456248553066e-01
3.740233921391440397e+00 -2.823490965014137100e+00 -2.629517319404472087e+00 2.470543016913136380e+00 -5.439145851615373450e-01 7.707666456248553066e-01 3.019451318540959051e+00
