1.810006086865770631e+06 9.734624211143245921e+05 6.829174976797888521e+05 3.991117270141417976e+05 2.402113269563811482e+05 1.308731495445087930e+05 6.596179525564765208e+04 2.331984409315736775e+04 1.178849838569021085e+04 1.826526734690948388e+03 4.483375687562374878e+02
9.734624211143245921e+05 7.411067756847897545e+05 4.214846867445356911e+05 2.557152021951847128e+05 1.546827066747380595e+05 8.427107704948507308e+04 4.320451497597289563e+04 1.435212118106462367e+04 7.148629701040697910e+03 1.229346675193263081e+03 3.575817727378254745e+02
6.829174976797888521e+05 4.214846867445356911e+05 3.835542834625540418e+05 1.788388838228134846e+05 1.070496830050914286e+05 5.855679317557308968e+04 2.826368149943080789e+04 1.070067600994517306e+04 5.313947734532742288e+03 8.788324801658776551e+02 1.905236931770887736e+02
3.991117270141417976e+05 2.557152021951847128e+05 1.788388838228134846e+05 1.520762268517312768e+05 6.681505533292796463e+04 3.700153019250808575e+04 1.821108142527390737e+04 6.544556031354025436e+03 2.964074937135739219e+03 5.081022417266268008e+02 1.740317920205147573e+02
2.402113269563811482e+05 1.546827066747380595e+05 1.070496830050914286e+05 6.681505533292796463e+04 6.431999306019632786e+04 2.095983090879613883e+04 1.235889425938367640e+04 3.660278803485633944e+03 2.189322062346921030e+03 3.384181833300277731e+02 6.743368158656356570e+01
1.308731495445087930e+05 8.427107704948507308e+04 5.855679317557308968e+04 3.700153019250808575e+04 2.095983090879613883e+04 2.375720678923070955e+04 5.806895331988820544e+03 2.273552268420137352e+03 1.118703006450748035e+03 1.836330785043510048e+02 4.756325041846591262e+01
6.596179525564765208e+04 4.320451497597289563e+04 2.826368149943080789e+04 1.821108142527390737e+04 1.235889425938367640e+04 5.806895331988820544e+03 7.928888441561043692e+03 9.217481048102855539e+02 4.649242149082504056e+02 5.391828342597761292e+01 3.467827608891641944e+01
2.331984409315736775e+04 1.435212118106462367e+04 1.070067600994517306e+04 6.544556031354025436e+03 3.660278803485633944e+03 2.273552268420137352e+03 9.217481048102855539e+02 1.943221176231246318e+03 1.840249438109356106e+02 3.767331848824692031e+01 1.370747016213150182e+01
1.178849838569021085e+04 7.148629701040697910e+03 5.313947734532742288e+03 2.964074937135739219e+03 2.189322062346921030e+03 1.118703006450748035e+03 4.649242149082504056e+02 1.840249438109356106e+02 5.862650964929579231e+02 3.637454779449735298e+01 -3.928024494793326826e-01
1.826526734690948388e+03 1.229346675193263081e+03 8.788324801658776551e+02 5.081022417266268008e+02 3.384181833300277731e+02 1.836330785043510048e+02 5.391828342597761292e+01 3.767331848824692031e+01 3.637454779449735298e+01 8.734386057341959031e+01 -9.267069533125398273e-01
4.483375687562374878e+02 3.575817727378254745e+02 1.905236931770887736e+02 1.740317920205147573e+02 6.743368158656356570e+01 4.756325041846591262e+01 3.467827608891641944e+01 1.370747016213150182e+01 -3.928024494793326826e-01 -9.267069533125398273e-01 1.177729176738370676e+01
