1.907274951117998455e+06 1.073097089400664438e+06 7.323705670404793927e+05 4.628577308682470466e+05 2.955257998441003729e+05 1.673120424672889349e+05 8.974733366307296092e+04 3.816066971005577216e+04 1.747485579008550849e+04 4.701378695365157000e+03 7.849669783037951447e+02 9.980094156946282880e+00
1.073097089400664438e+06 8.462436215924678836e+05 4.755375716985024046e+05 3.060991487601532135e+05 1.992283656350657984e+05 1.104102354148837621e+05 5.560108355574352026e+04 2.692774529896772583e+04 1.031629411922232248e+04 3.256002557436951975e+03 4.236366763793425321e+02 1.824974629433873829e+01
7.323705670404793927e+05 4.755375716985024046e+05 4.265464400351942168e+05 2.175558143928825448e+05 1.383868045407963800e+05 8.013851018742617453e+04 3.879023602759053756e+04 1.835295347598220178e+04 8.668920206255006633e+03 2.191792462302537842e+03 3.797250708580160676e+02 -4.042159484618419008e+00
4.628577308682470466e+05 3.060991487601532135e+05 2.175558143928825448e+05 1.893493340063476062e+05 9.090871174313151278e+04 5.275266329845853033e+04 2.601682327285800056e+04 1.172035138615047617e+04 5.195135964288434479e+03 1.421717033991046264e+03 2.696861660746426423e+02 -3.666008393571617230e+00
2.955257998441003729e+05 1.992283656350657984e+05 1.383868045407963800e+05 9.090871174313151278e+04 8.955551118017021508e+04 3.484315421853051521e+04 1.834178182565604948e+04 7.892504522971275037e+03 3.508165064540850381e+03 1.007106883454570493e+03 1.570934349096516200e+02 1.208573587861521581e+01
1.673120424672889349e+05 1.104102354148837621e+05 8.013851018742617453e+04 5.275266329845853033e+04 3.484315421853051521e+04 3.381357833490230405e+04 1.017062374873038971e+04 4.486746807649871698e+03 2.065580558407391436e+03 4.559701985931643549e+02 7.015099367789753160e+01 5.683566737025448568e+00
8.974733366307296092e+04 5.560108355574352026e+04 3.879023602759053756e+04 2.601682327285800056e+04 1.834178182565604948e+04 1.017062374873038971e+04 1.210250892805306830e+04 2.598990082479320790e+03 9.850747474961328862e+02 1.606851197458938145e+02 4.141047375103318551e+00 3.094455227482273862e+00
3.816066971005577216e+04 2.692774529896772583e+04 1.835295347598220178e+04 1.172035138615047617e+04 7.892504522971275037e+03 4.486746807649871698e+03 2.598990082479320790e+03 3.294670356357706169e+03 4.292431892057218761e+02 1.168385867915028626e+02 3.259427322194184029e+01 -7.779829946541217955e-01
1.747485579008550849e+04 1.031629411922232248e+04 8.668920206255006633e+03 5.195135964288434479e+03 3.508165064540850381e+03 2.065580558407391436e+03 9.850747474961328862e+02 4.292431892057218761e+02 1.076023103043158017e+03 1.079655821304308461e+02 1.469056274671325824e+01 -2.372091362630890377e+00
4.701378695365157000e+03 3.256002557436951975e+03 2.191792462302537842e+03 1.421717033991046264e+03 1.007106883454570493e+03 4.559701985931643549e+02 1.606851197458938145e+02 1.168385867915028626e+02 1.079655821304308461e+02 2.420324281176254715e+02 -9.581019568485030780e-01 2.041516468844921661e-01
7.849669783037951447e+02 4.236366763793425321e+02 3.797250708580160676e+02 2.696861660746426423e+02 1.570934349096516200e+02 7.015099367789753160e+01 4.141047375103318551e+00 3.259427322194184029e+01 1.469056274671325824e+01 -9.581019568485030780e-01 3.039298080306954830e+01 -1.177521991338640606e-01
9.980094156946282880e+00 1.824974629433873829e+01 -4.042159484618419008e+00 -3.666008393571617230e+00 1.208573587861521581e+01 5.683566737025448568e+00 3.094455227482273862e+00 -7.779829946541217955e-01 -2.372091362630890377e+00 2.041516468844921661e-01 -1.177521991338640606e-01 2.001453900056024082e+00
