1.610294117186028278e+06 8.465307383079654537e+05 5.510604236066847807e+05 3.313569388652184862e+05 1.975461072681483056e+05 1.040199070678105199e+05 3.850350651375700545e+04 1.875316515750134204e+04 3.227212301926493637e+03 5.381942840280943301e+02 1.156243461806686668e+02
8.465307383079654537e+05 6.774861191612740513e+05 3.504639078162953374e+05 1.993004265234069317e+05 1.253884944516865944e+05 6.433645917957016354e+04 2.580236773454396098e+04 1.130292909473408872e+04 2.114918567456731125e+03 3.561780053322387971e+02 8.049407231732523371e+01
5.510604236066847807e+05 3.504639078162953374e+05 3.083481082511973218e+05 1.318025292658163817e+05 8.168889523152625770e+04 4.259219477368173830e+04 1.666250016055050583e+04 7.561761839897922982e+03 1.464973538960568703e+03 1.931979432963392185e+02 4.660101169616569194e+01
3.313569388652184862e+05 1.993004265234069317e+05 1.318025292658163817e+05 1.162474975948434731e+05 4.893493601896773180e+04 2.404268525472020337e+04 9.409053418691757543e+03 4.454018147925474295e+03 8.554036548117172742e+02 1.865748953952529803e+02 2.127725360926607934e+01
1.975461072681483056e+05 1.253884944516865944e+05 8.168889523152625770e+04 4.893493601896773180e+04 4.823075265883201064e+04 1.550898445112122317e+04 6.373834798081444205e+03 2.991439750865739370e+03 4.275320684341493802e+02 6.981603145111911601e+01 7.664221644330418748e+00
1.040199070678105199e+05 6.433645917957016354e+04 4.259219477368173830e+04 2.404268525472020337e+04 1.550898445112122317e+04 1.669424086134121535e+04 3.206928661077982269e+03 1.476895411478838696e+03 3.113406067517512952e+02 1.411412167376112947e+01 2.093873605887598899e+01
3.850350651375700545e+04 2.580236773454396098e+04 1.666250016055050583e+04 9.409053418691757543e+03 6.373834798081444205e+03 3.206928661077982269e+03 4.060737032054705651e+03 4.420379672438797911e+02 9.239502432149321010e+01 2.430850372015552452e+01 5.057214551111920642e+00
1.875316515750134204e+04 1.130292909473408872e+04 7.561761839897922982e+03 4.454018147925474295e+03 2.991439750865739370e+03 1.476895411478838696e+03 4.420379672438797911e+02 1.212198835070811811e+03 8.374938159411986760e+01 5.960282618048762693e+00 3.782656289884293588e-01
3.227212301926493637e+03 2.114918567456731125e+03 1.464973538960568703e+03 8.554036548117172742e+02 4.275320684341493802e+02 3.113406067517512952e+02 9.239502432149321010e+01 8.374938159411986760e+01 2.222856695481411577e+02 8.842772784985607260e+00 -1.590611330503696630e+00
5.381942840280943301e+02 3.561780053322387971e+02 1.931979432963392185e+02 1.865748953952529803e+02 6.981603145111911601e+01 1.411412167376112947e+01 2.430850372015552452e+01 5.960282618048762693e+00 8.842772784985607260e+00 3.136306884388325855e+01 7.633237851072209867e-01
1.156243461806686668e+02 8.049407231732523371e+01 4.660101169616569194e+01 2.127725360926607934e+01 7.664221644330418748e+00 2.093873605887598899e+01 5.057214551111920642e+00 3.782656289884293588e-01 -1.590611330503696630e+00 7.633237851072209867e-01 3.995870079099860916e+00
