1.195652711790434987e+05 3.703094327888518455e+04 1.345074181138077256e+04 4.042825980483760304e+03 1.079703442446407507e+03 3.878651222736135082e+02 3.715086640400776741e+00
3.703094327888518455e+04 3.134700520405236603e+04 6.949222685775212994e+03 2.103566047195829924e+03 5.248514706741083273e+02 1.699048264864180737e+02 -2.804494744988672572e+00
1.345074181138077256e+04 6.949222685775212994e+03 7.723238727335616204e+03 7.725654203212883431e+02 2.230899807107543040e+02 7.282195176189507890e+01 -2.612788055466557235e+00
4.042825980483760304e+03 2.103566047195829924e+03 7.725654203212883431e+02 1.547665347508943796e+03 7.046495932204895496e+01 2.989257631762242440e+01 2.456103029172219010e+00
1.079703442446407507e+03 5.248514706741083273e+02 2.230899807107543040e+02 7.046495932204895496e+01 2.736564548503350238e+02 1.032190233364803200e+00 -5.410519776914125556e-01
3.878651222736135082e+02 1.699048264864180737e+02 7.282195176189507890e+01 2.989257631762242440e+01 1.032190233364803200e+00 5.430920808035889280e+01 7.670826963919256114e-01
3.715086640400776741e+00 -2.804494744988672572e+00 -2.612788055466557235e+00 2.456103029172219010e+00 -5.410519776914125556e-01 7.670826963919256114e-01 3.006981841468726380e+00
