8.866888074007490650e+05 4.659632911302295979e+05 2.616426932792277075e+05 1.357973065312427934e+05 6.013174476978321036e+04 2.297176177250187175e+04 8.734812205167550928e+03 2.397431849041735859e+03 6.234038635509700725e+02 -1.496180368314762354e+01
4.659632911302295979e+05 3.966845857065847376e+05 1.655795863292017893e+05 8.720048363343221718e+04 3.831122435004865838e+04 1.475595185636976930e+04 5.748274025704536143e+03 1.288874544423428233e+03 3.290533125910233707e+02 -1.174343089113692784e+01
2.616426932792277075e+05 1.655795863292017893e+05 1.302282430540053028e+05 5.092805995499708661e+04 2.161637534945126390e+04 8.265632129370143957e+03 3.053446755979963200e+03 7.632004589084139070e+02 1.534565239333763031e+02 1.174058483130135322e+01
1.357973065312427934e+05 8.720048363343221718e+04 5.092805995499708661e+04 4.346927284750784747e+04 1.121364394994663053e+04 4.579085198317479808e+03 1.723671585610712555e+03 4.442391786332104857e+02 8.678330324566266540e+01 -1.141532186943413940e+01
6.013174476978321036e+04 3.831122435004865838e+04 2.161637534945126390e+04 1.121364394994663053e+04 1.270928987381703155e+04 2.265194193328994970e+03 7.083234272351444361e+02 2.166613402852626393e+02 1.237336175923726778e+01 1.378453913885049786e+00
2.297176177250187175e+04 1.475595185636976930e+04 8.265632129370143957e+03 4.579085198317479808e+03 2.265194193328994970e+03 3.481261158292091295e+03 2.192689463738377924e+02 6.774835461987319718e+01 1.887042681592637905e+01 2.379726205172992604e+00
8.734812205167550928e+03 5.748274025704536143e+03 3.053446755979963200e+03 1.723671585610712555e+03 7.083234272351444361e+02 2.192689463738377924e+02 8.955091824085966437e+02 3.275990410222050286e+01 1.345914734761730003e+01 -6.315331313195378105e-01
2.397431849041735859e+03 1.288874544423428233e+03 7.632004589084139070e+02 4.442391786332104857e+02 2.166613402852626393e+02 6.774835461987319718e+01 3.275990410222050286e+01 1.222940252165544592e+02 5.242736237462613857e+00 4.967773290071100245e-01
6.234038635509700725e+02 3.290533125910233707e+02 1.534565239333763031e+02 8.678330324566266540e+01 1.237336175923726778e+01 1.887042681592637905e+01 1.345914734761730003e+01 5.242736237462613857e+00 1.469182552860414859e+01 -5.908912572611532688e-02
-1.496180368314762354e+01 -1.174343089113692784e+01 1.174058483130135322e+01 -1.141532186943413940e+01 1.378453913885049786e+00 2.379726205172992604e+00 -6.315331313195378105e-01 4.967773290071100245e-01 -5.908912572611532688e-02 2.007912005283764678e+00
