1.755549145019534277e+06 9.426495013124223333e+05 6.437099590757432161e+05 3.897931115226135007e+05 2.226099113248595386e+05 1.230144233932507050e+05 6.335035333860744868e+04 2.712234416247081754e+04 1.116963357112839731e+04 2.556050773547633980e+03 2.599715036711623952e+02 1.404211826185627103e+02 0.000000000000000000e+00 0.000000000000000000e+00 0.000000000000000000e+00 0.000000000000000000e+00 0.000000000000000000e+00 0.000000000000000000e+00 0.000000000000000000e+00 0.000000000000000000e+00
9.426495013124223333e+05 7.442746175043546828e+05 4.155407807236404042e+05 2.461469294686613139e+05 1.459053466995489143e+05 7.804462803526771313e+04 4.277485825404444768e+04 1.750861117341367208e+04 7.823487059978050638e+03 1.730760311490337244e+03 2.036819588858137706e+02 4.197315943435071262e+01 0.000000000000000000e+00 0.000000000000000000e+00 0.000000000000000000e+00 0.000000000000000000e+00 0.000000000000000000e+00 0.000000000000000000e+00 0.000000000000000000e+00 0.000000000000000000e+00
6.437099590757432161e+05 4.155407807236404042e+05 3.598170041179884574e+05 1.686952040703209641e+05 1.002698535874424997e+05 5.495577899225638248e+04 2.869935243417399761e+04 1.144398153391663618e+04 5.264513805226672957e+03 8.542530691665189124e+02 1.258504389104502508e+02 5.197310371724048395e+01 0.000000000000000000e+00 0.000000000000000000e+00 0.000000000000000000e+00 0.000000000000000000e+00 0.000000000000000000e+00 0.000000000000000000e+00 0.000000000000000000e+00 0.000000000000000000e+00
3.897931115226135007e+05 2.461469294686613139e+05 1.686952040703209641e+05 1.544186779239651514e+05 6.330790581912695052e+04 3.294320102358364966e+04 1.907677808483103581e+04 7.103327069769325135e+03 3.059766221840585331e+03 7.111073385970864820e+02 7.101683298241728437e+01 4.977487432744434614e-01 0.000000000000000000e+00 0.000000000000000000e+00 0.000000000000000000e+00 0.000000000000000000e+00 0.000000000000000000e+00 0.000000000000000000e+00 0.000000000000000000e+00 0.000000000000000000e+00
2.226099113248595386e+05 1.459053466995489143e+05 1.002698535874424997e+05 6.330790581912695052e+04 5.977323708659222029e+04 1.881385631644021123e+04 1.070921922194551007e+04 4.355232796364241949e+03 1.800028471668745851e+03 4.394921927008770695e+02 5.186363388983413358e+01 1.746644654989814427e+01 0.000000000000000000e+00 0.000000000000000000e+00 0.000000000000000000e+00 0.000000000000000000e+00 0.000000000000000000e+00 0.000000000000000000e+00 0.000000000000000000e+00 0.000000000000000000e+00
1.230144233932507050e+05 7.804462803526771313e+04 5.495577899225638248e+04 3.294320102358364966e+04 1.881385631644021123e+04 2.100200018704716422e+04 5.932532683798455764e+03 2.350208893345400611e+03 1.087213597438820898e+03 2.563954162441727931e+02 1.674383200763775648e+01 2.152994758122721120e+00 0.000000000000000000e+00 0.000000000000000000e+00 0.000000000000000000e+00 0.000000000000000000e+00 0.000000000000000000e+00 0.000000000000000000e+00 0.000000000000000000e+00 0.000000000000000000e+00
6.335035333860744868e+04 4.277485825404444768e+04 2.869935243417399761e+04 1.907677808483103581e+04 1.070921922194551007e+04 5.932532683798455764e+03 7.921072933146315336e+03 1.554945294493976917e+03 6.116603101725581837e+02 1.888188756651147742e+02 2.992631722982412867e+01 3.853380714197486068e+00 0.000000000000000000e+00 0.000000000000000000e+00 0.000000000000000000e+00 0.000000000000000000e+00 0.000000000000000000e+00 0.000000000000000000e+00 0.000000000000000000e+00 0.000000000000000000e+00
2.712234416247081754e+04 1.750861117341367208e+04 1.144398153391663618e+04 7.103327069769325135e+03 4.355232796364241949e+03 2.350208893345400611e+03 1.554945294493976917e+03 1.856784619185939164e+03 2.469628406754067669e+02 5.753449510342857565e+01 6.637253831530073533e+00 3.151231948033903496e+00 0.000000000000000000e+00 0.000000000000000000e+00 0.000000000000000000e+00 0.000000000000000000e+00 0.000000000000000000e+00 0.000000000000000000e+00 0.000000000000000000e+00 0.000000000000000000e+00
1.116963357112839731e+04 7.823487059978050638e+03 5.264513805226672957e+03 3.059766221840585331e+03 1.800028471668745851e+03 1.087213597438820898e+03 6.116603101725581837e+02 2.469628406754067669e+02 5.564616986184006464e+02 2.915790298940211045e+01 3.988660446450241093e+00 -7.893878206002178377e-01 0.000000000000000000e+00 0.000000000000000000e+00 0.000000000000000000e+00 0.000000000000000000e+00 0.000000000000000000e+00 0.000000000000000000e+00 0.000000000000000000e+00 0.000000000000000000e+00
2.556050773547633980e+03 1.730760311490337244e+03 8.542530691665189124e+02 7.111073385970864820e+02 4.394921927008770695e+02 2.563954162441727931e+02 1.888188756651147742e+02 5.753449510342857565e+01 2.915790298940211045e+01 9.261166391046403135e+01 1.372337147373612343e+00 6.399535739706402326e-01 0.000000000000000000e+00 0.000000000000000000e+00 0.000000000000000000e+00 0.000000000000000000e+00 0.000000000000000000e+00 0.000000000000000000e+00 0.000000000000000000e+00 0.000000000000000000e+00
2.599715036711623952e+02 2.036819588858137706e+02 1.258504389104502508e+02 7.101683298241728437e+01 5.186363388983413358e+01 1.674383200763775648e+01 2.992631722982412867e+01 6.637253831530073533e+00 3.988660446450241093e+00 1.372337147373612343e+00 8.885393829318715575e+00 -3.532530479495127329e-02 0.000000000000000000e+00 0.000000000000000000e+00 0.000000000000000000e+00 0.000000000000000000e+00 0.000000000000000000e+00 0.000000000000000000e+00 0.000000000000000000e+00 0.000000000000000000e+00
1.404211826185627103e+02 4.197315943435071262e+01 5.197310371724048395e+01 4.977487432744434614e-01 1.746644654989814427e+01 2.152994758122721120e+00 3.853380714197486068e+00 3.151231948033903496e+00 -7.893878206002178377e-01 6.399535739706402326e-01 -3.532530479495127329e-02 2.001524034903617189e+00 0.000000000000000000e+00 0.000000000000000000e+00 0.000000000000000000e+00 0.000000000000000000e+00 0.000000000000000000e+00 0.000000000000000000e+00 0.000000000000000000e+00 0.000000000000000000e+00
0.000000000000000000e+00 0.000000000000000000e+00 0.000000000000000000e+00 0.000000000000000000e+00 0.000000000000000000e+00 0.000000000000000000e+00 0.000000000000000000e+00 0.000000000000000000e+00 0.000000000000000000e+00 0.000000000000000000e+00 0.000000000000000000e+00 0.000000000000000000e+00 0.000000000000000000e+00 0.000000000000000000e+00 0.000000000000000000e+00 0.000000000000000000e+00 0.000000000000000000e+00 0.000000000000000000e+00 0.000000000000000000e+00 0.000000000000000000e+00
0.000000000000000000e+00 0.000000000000000000e+00 0.000000000000000000e+00 0.000000000000000000e+00 0.000000000000000000e+00 0.000000000000000000e+00 0.000000000000000000e+00 0.000000000000000000e+00 0.000000000000000000e+00 0.000000000000000000e+00 0.000000000000000000e+00 0.000000000000000000e+00 0.000000000000000000e+00 0.000000000000000000e+00 0.000000000000000000e+00 0.000000000000000000e+00 0.000000000000000000e+00 0.000000000000000000e+00 0.000000000000000000e+00 0.000000000000000000e+00
0.000000000000000000e+00 0.000000000000000000e+00 0.000000000000000000e+00 0.000000000000000000e+00 0.000000000000000000e+00 0.000000000000000000e+00 0.000000000000000000e+00 0.000000000000000000e+00 0.000000000000000000e+00 0.000000000000000000e+00 0.000000000000000000e+00 0.000000000000000000e+00 0.000000000000000000e+00 0.000000000000000000e+00 0.000000000000000000e+00 0.000000000000000000e+00 0.000000000000000000e+00 0.000000000000000000e+00 0.000000000000000000e+00 0.000000000000000000e+00
0.000000000000000000e+00 0.000000000000000000e+00 0.000000000000000000e+00 0.000000000000000000e+00 0.000000000000000000e+00 0.000000000000000000e+00 0.000000000000000000e+00 0.000000000000000000e+00 0.000000000000000000e+00 0.000000000000000000e+00 0.000000000000000000e+00 0.000000000000000000e+00 0.000000000000000000e+00 0.000000000000000000e+00 0.000000000000000000e+00 0.000000000000000000e+00 0.000000000000000000e+00 0.000000000000000000e+00 0.000000000000000000e+00 0.000000000000000000e+00
0.000000000000000000e+00 0.000000000000000000e+00 0.000000000000000000e+00 0.000000000000000000e+00 0.000000000000000000e+00 0.000000000000000000e+00 0.000000000000000000e+00 0.000000000000000000e+00 0.000000000000000000e+00 0.000000000000000000e+00 0.000000000000000000e+00 0.000000000000000000e+00 0.000000000000000000e+00 0.000000000000000000e+00 0.000000000000000000e+00 0.000000000000000000e+00 0.000000000000000000e+00 0.000000000000000000e+00 0.000000000000000000e+00 0.000000000000000000e+00
0.000000000000000000e+00 0.000000000000000000e+00 0.000000000000000000e+00 0.000000000000000000e+00 0.000000000000000000e+00 0.000000000000000000e+00 0.000000000000000000e+00 0.000000000000000000e+00 0.000000000000000000e+00 0.000000000000000000e+00 0.000000000000000000e+00 0.000000000000000000e+00 0.000000000000000000e+00 0.000000000000000000e+00 0.000000000000000000e+00 0.000000000000000000e+00 0.000000000000000000e+00 0.000000000000000000e+00 0.000000000000000000e+00 0.000000000000000000e+00
0.000000000000000000e+00 0.000000000000000000e+00 0.000000000000000000e+00 0.000000000000000000e+00 0.000000000000000000e+00 0.000000000000000000e+00 0.000000000000000000e+00 0.000000000000000000e+00 0.000000000000000000e+00 0.000000000000000000e+00 0.000000000000000000e+00 0.000000000000000000e+00 0.000000000000000000e+00 0.000000000000000000e+00 0.000000000000000000e+00 0.000000000000000000e+00 0.000000000000000000e+00 0.000000000000000000e+00 0.000000000000000000e+00 0.000000000000000000e+00
0.000000000000000000e+00 0.000000000000000000e+00 0.000000000000000000e+00 0.000000000000000000e+00 0.000000000000000000e+00 0.000000000000000000e+00 0.000000000000000000e+00 0.000000000000000000e+00 0.000000000000000000e+00 0.000000000000000000e+00 0.000000000000000000e+00 0.000000000000000000e+00 0.000000000000000000e+00 0.000000000000000000e+00 0.000000000000000000e+00 0.000000000000000000e+00 0.000000000000000000e+00 0.000000000000000000e+00 0.000000000000000000e+00 0.000000000000000000e+00
