2.132764792554496322e+06 1.263477976826144848e+06 8.498762950557086151e+05 5.895564578436363954e+05 4.137895837188934674e+05 2.851493049740624265e+05 1.800238919043384376e+05 1.028464144760572672e+05 5.640668095019180328e+04 2.242961448624456534e+04 8.280007289592802408e+03 2.297382861034903272e+03 4.625170171532517998e+02 7.040424054897451356e+01 0.000000000000000000e+00 0.000000000000000000e+00 0.000000000000000000e+00 0.000000000000000000e+00 0.000000000000000000e+00 0.000000000000000000e+00
1.263477976826144848e+06 1.072544029905273579e+06 6.008717869723590557e+05 4.206860923382573528e+05 2.836247247529469314e+05 1.954894642798744026e+05 1.256817453606434283e+05 7.169025651262147585e+04 3.671810109946740704e+04 1.630436253062874857e+04 5.394504200196531201e+03 1.641558978046549100e+03 3.636041719644386490e+02 4.637766947924475858e+01 0.000000000000000000e+00 0.000000000000000000e+00 0.000000000000000000e+00 0.000000000000000000e+00 0.000000000000000000e+00 0.000000000000000000e+00
8.498762950557086151e+05 6.008717869723590557e+05 5.279273275990528055e+05 2.763775978244675207e+05 1.983606496411596600e+05 1.280870836253183952e+05 8.689651201825246972e+04 4.676939020898285526e+04 2.442062168667973310e+04 1.154089576301809575e+04 4.378881674719486000e+03 1.076455592271825026e+03 1.340776502231366578e+02 2.528510676011682179e+01 0.000000000000000000e+00 0.000000000000000000e+00 0.000000000000000000e+00 0.000000000000000000e+00 0.000000000000000000e+00 0.000000000000000000e+00
5.895564578436363954e+05 4.206860923382573528e+05 2.763775978244675207e+05 2.688910297072186368e+05 1.335417206002352759e+05 9.534313068176044908e+04 5.889959246598338359e+04 3.344550296857972717e+04 1.779258132671914063e+04 7.793014110868501120e+03 2.823639289642380845e+03 8.534276377695244946e+02 3.103538193451024796e+01 1.419844297381396991e+01 0.000000000000000000e+00 0.000000000000000000e+00 0.000000000000000000e+00 0.000000000000000000e+00 0.000000000000000000e+00 0.000000000000000000e+00
4.137895837188934674e+05 2.836247247529469314e+05 1.983606496411596600e+05 1.335417206002352759e+05 1.427828406544033205e+05 6.433519238771233358e+04 4.186876754844638344e+04 2.325008817954246479e+04 1.080322824576190396e+04 4.966374650612280675e+03 1.668562268491346231e+03 5.091886066183554362e+02 5.092311147081596800e+01 2.487943553246120487e+01 0.000000000000000000e+00 0.000000000000000000e+00 0.000000000000000000e+00 0.000000000000000000e+00 0.000000000000000000e+00 0.000000000000000000e+00
2.851493049740624265e+05 1.954894642798744026e+05 1.280870836253183952e+05 9.534313068176044908e+04 6.433519238771233358e+04 7.155165218392998213e+04 2.760122987119304526e+04 1.511483945968813896e+04 9.167360241187447173e+03 3.660550982919923172e+03 1.446496247017642872e+03 4.188150119869454215e+02 6.662860430323171101e+01 8.425132144525353084e+00 0.000000000000000000e+00 0.000000000000000000e+00 0.000000000000000000e+00 0.000000000000000000e+00 0.000000000000000000e+00 0.000000000000000000e+00
1.800238919043384376e+05 1.256817453606434283e+05 8.689651201825246972e+04 5.889959246598338359e+04 4.186876754844638344e+04 2.760122987119304526e+04 3.220143546689287905e+04 9.953201927193545998e+03 5.616998004255732667e+03 2.335448906433115098e+03 6.597001635434880882e+02 1.863263500586074031e+02 2.513160028897759446e+01 -3.361124843283472163e+00 0.000000000000000000e+00 0.000000000000000000e+00 0.000000000000000000e+00 0.000000000000000000e+00 0.000000000000000000e+00 0.000000000000000000e+00
1.028464144760572672e+05 7.169025651262147585e+04 4.676939020898285526e+04 3.344550296857972717e+04 2.325008817954246479e+04 1.511483945968813896e+04 9.953201927193545998e+03 1.324857755398951122e+04 3.332254594822928993e+03 1.231260707738054407e+03 5.721759492677045955e+02 1.858155071965288982e+02 1.605635588888350185e+01 8.037428073738084322e+00 0.000000000000000000e+00 0.000000000000000000e+00 0.000000000000000000e+00 0.000000000000000000e+00 0.000000000000000000e+00 0.000000000000000000e+00
5.640668095019180328e+04 3.671810109946740704e+04 2.442062168667973310e+04 1.779258132671914063e+04 1.080322824576190396e+04 9.167360241187447173e+03 5.616998004255732667e+03 3.332254594822928993e+03 4.558359920066654013e+03 8.609017814142735006e+02 1.821716745707768723e+02 1.106478116783014372e+02 1.349633015007045245e+01 -4.633266604138515099e-01 0.000000000000000000e+00 0.000000000000000000e+00 0.000000000000000000e+00 0.000000000000000000e+00 0.000000000000000000e+00 0.000000000000000000e+00
2.242961448624456534e+04 1.630436253062874857e+04 1.154089576301809575e+04 7.793014110868501120e+03 4.966374650612280675e+03 3.660550982919923172e+03 2.335448906433115098e+03 1.231260707738054407e+03 8.609017814142735006e+02 1.511646342246772520e+03 1.397902936762808963e+02 3.754074334214163144e+01 1.350156123249288953e+01 2.665186304938088391e+00 0.000000000000000000e+00 0.000000000000000000e+00 0.000000000000000000e+00 0.000000000000000000e+00 0.000000000000000000e+00 0.000000000000000000e+00
8.280007289592802408e+03 5.394504200196531201e+03 4.378881674719486000e+03 2.823639289642380845e+03 1.668562268491346231e+03 1.446496247017642872e+03 6.597001635434880882e+02 5.721759492677045955e+02 1.821716745707768723e+02 1.397902936762808963e+02 3.748170307010458941e+02 1.471861588254920328e+01 4.466169719912311820e+00 -2.354579362605740134e-01 0.000000000000000000e+00 0.000000000000000000e+00 0.000000000000000000e+00 0.000000000000000000e+00 0.000000000000000000e+00 0.000000000000000000e+00
2.297382861034903272e+03 1.641558978046549100e+03 1.076455592271825026e+03 8.534276377695244946e+02 5.091886066183554362e+02 4.188150119869454215e+02 1.863263500586074031e+02 1.858155071965288982e+02 1.106478116783014372e+02 3.754074334214163144e+01 1.471861588254920328e+01 7.055732578024685608e+01 1.830515484753661326e+00 7.415709100978972179e-01 0.000000000000000000e+00 0.000000000000000000e+00 0.000000000000000000e+00 0.000000000000000000e+00 0.000000000000000000e+00 0.000000000000000000e+00
4.625170171532517998e+02 3.636041719644386490e+02 1.340776502231366578e+02 3.103538193451024796e+01 5.092311147081596800e+01 6.662860430323171101e+01 2.513160028897759446e+01 1.605635588888350185e+01 1.349633015007045245e+01 1.350156123249288953e+01 4.466169719912311820e+00 1.830515484753661326e+00 8.880951835245644688e+00 -3.530942517315358020e-02 0.000000000000000000e+00 0.000000000000000000e+00 0.000000000000000000e+00 0.000000000000000000e+00 0.000000000000000000e+00 0.000000000000000000e+00
7.040424054897451356e+01 4.637766947924475858e+01 2.528510676011682179e+01 1.419844297381396991e+01 2.487943553246120487e+01 8.425132144525353084e+00 -3.361124843283472163e+00 8.037428073738084322e+00 -4.633266604138515099e-01 2.665186304938088391e+00 -2.354579362605740134e-01 7.415709100978972179e-01 -3.530942517315358020e-02 2.000725171896625909e+00 0.000000000000000000e+00 0.000000000000000000e+00 0.000000000000000000e+00 0.000000000000000000e+00 0.000000000000000000e+00 0.000000000000000000e+00
0.000000000000000000e+00 0.000000000000000000e+00 0.000000000000000000e+00 0.000000000000000000e+00 0.000000000000000000e+00 0.000000000000000000e+00 0.000000000000000000e+00 0.000000000000000000e+00 0.000000000000000000e+00 0.000000000000000000e+00 0.000000000000000000e+00 0.000000000000000000e+00 0.000000000000000000e+00 0.000000000000000000e+00 0.000000000000000000e+00 0.000000000000000000e+00 0.000000000000000000e+00 0.000000000000000000e+00 0.000000000000000000e+00 0.000000000000000000e+00
0.000000000000000000e+00 0.000000000000000000e+00 0.000000000000000000e+00 0.000000000000000000e+00 0.000000000000000000e+00 0.000000000000000000e+00 0.000000000000000000e+00 0.000000000000000000e+00 0.000000000000000000e+00 0.000000000000000000e+00 0.000000000000000000e+00 0.000000000000000000e+00 0.000000000000000000e+00 0.000000000000000000e+00 0.000000000000000000e+00 0.000000000000000000e+00 0.000000000000000000e+00 0.000000000000000000e+00 0.000000000000000000e+00 0.000000000000000000e+00
0.000000000000000000e+00 0.000000000000000000e+00 0.000000000000000000e+00 0.000000000000000000e+00 0.000000000000000000e+00 0.000000000000000000e+00 0.000000000000000000e+00 0.000000000000000000e+00 0.000000000000000000e+00 0.000000000000000000e+00 0.000000000000000000e+00 0.000000000000000000e+00 0.000000000000000000e+00 0.000000000000000000e+00 0.000000000000000000e+00 0.000000000000000000e+00 0.000000000000000000e+00 0.000000000000000000e+00 0.000000000000000000e+00 0.000000000000000000e+00
0.000000000000000000e+00 0.000000000000000000e+00 0.000000000000000000e+00 0.000000000000000000e+00 0.000000000000000000e+00 0.000000000000000000e+00 0.000000000000000000e+00 0.000000000000000000e+00 0.000000000000000000e+00 0.000000000000000000e+00 0.000000000000000000e+00 0.000000000000000000e+00 0.000000000000000000e+00 0.000000000000000000e+00 0.000000000000000000e+00 0.000000000000000000e+00 0.000000000000000000e+00 0.000000000000000000e+00 0.000000000000000000e+00 0.000000000000000000e+00
0.000000000000000000e+00 0.000000000000000000e+00 0.000000000000000000e+00 0.000000000000000000e+00 0.000000000000000000e+00 0.000000000000000000e+00 0.000000000000000000e+00 0.000000000000000000e+00 0.000000000000000000e+00 0.000000000000000000e+00 0.000000000000000000e+00 0.000000000000000000e+00 0.000000000000000000e+00 0.000000000000000000e+00 0.000000000000000000e+00 0.000000000000000000e+00 0.000000000000000000e+00 0.000000000000000000e+00 0.000000000000000000e+00 0.000000000000000000e+00
0.000000000000000000e+00 0.000000000000000000e+00 0.000000000000000000e+00 0.000000000000000000e+00 0.000000000000000000e+00 0.000000000000000000e+00 0.000000000000000000e+00 0.000000000000000000e+00 0.000000000000000000e+00 0.000000000000000000e+00 0.000000000000000000e+00 0.000000000000000000e+00 0.000000000000000000e+00 0.000000000000000000e+00 0.000000000000000000e+00 0.000000000000000000e+00 0.000000000000000000e+00 0.000000000000000000e+00 0.000000000000000000e+00 0.000000000000000000e+00
