1.668630464619786246e+06 9.622150797523751389e+05 6.339079409775251988e+05 4.201457949073700584e+05 2.742362046713865129e+05 1.530190571267635387e+05 7.297832443962311663e+04 4.584732638125543599e+04 1.408478527579078946e+04 3.598539160006326711e+03 1.126470195809623874e+03 2.097168439152693793e+02
9.622150797523751389e+05 8.398349935242356732e+05 4.471640757503504865e+05 2.931627596402241616e+05 1.957715404582690098e+05 1.052039873009137227e+05 5.501605597405519802e+04 3.173251965181165724e+04 1.007669474305073345e+04 2.725622895133105885e+03 7.966185178518794601e+02 8.447418629672539225e+01
6.339079409775251988e+05 4.471640757503504865e+05 3.845877036316278391e+05 1.886139913986368338e+05 1.299809296686136804e+05 7.476556465393013787e+04 3.576293755002290709e+04 2.147460011259061866e+04 5.570331608717501695e+03 1.574221422252474213e+03 4.773785639607556277e+02 6.729385993466438265e+01
4.201457949073700584e+05 2.931627596402241616e+05 1.886139913986368338e+05 1.807972683928500628e+05 8.649212366681221465e+04 4.787842840675749176e+04 2.399281791966376477e+04 1.395404067846061298e+04 4.575025616476936193e+03 1.224630604202770655e+03 2.829244066927046219e+02 8.145851157127233932e+01
2.742362046713865129e+05 1.957715404582690098e+05 1.299809296686136804e+05 8.649212366681221465e+04 8.511110934776879731e+04 3.360005171548631188e+04 1.449851702467368887e+04 1.041256404502086843e+04 3.095941084784295526e+03 8.636280651498484531e+02 1.988776697393105906e+02 2.279206957693876845e+01
1.530190571267635387e+05 1.052039873009137227e+05 7.476556465393013787e+04 4.787842840675749176e+04 3.360005171548631188e+04 3.331679593751366338e+04 8.036471183856882817e+03 5.855881495551650005e+03 1.430641579957108888e+03 4.812707059179323323e+02 1.714601276802659413e+02 1.878032023467994449e+01
7.297832443962311663e+04 5.501605597405519802e+04 3.576293755002290709e+04 2.399281791966376477e+04 1.449851702467368887e+04 8.036471183856882817e+03 1.107911051198433779e+04 2.827142114192203735e+03 8.334713178947283723e+02 3.004380651115711771e+02 4.010965031536964176e+01 6.933306781147195785e+00
4.584732638125543599e+04 3.173251965181165724e+04 2.147460011259061866e+04 1.395404067846061298e+04 1.041256404502086843e+04 5.855881495551650005e+03 2.827142114192203735e+03 4.352263724480148085e+03 5.778134734471559568e+02 1.597660548174966380e+02 3.367242006579292735e+01 1.125093730492746857e+01
1.408478527579078946e+04 1.007669474305073345e+04 5.570331608717501695e+03 4.575025616476936193e+03 3.095941084784295526e+03 1.430641579957108888e+03 8.334713178947283723e+02 5.778134734471559568e+02 1.027125478226529822e+03 3.241164058041985641e+01 8.235262579435698171e-02 -4.603903937255037881e+00
3.598539160006326711e+03 2.725622895133105885e+03 1.574221422252474213e+03 1.224630604202770655e+03 8.636280651498484531e+02 4.812707059179323323e+02 3.004380651115711771e+02 1.597660548174966380e+02 3.241164058041985641e+01 2.342245931962576151e+02 3.864691081912218440e+00 -4.274493434078455167e-01
1.126470195809623874e+03 7.966185178518794601e+02 4.773785639607556277e+02 2.829244066927046219e+02 1.988776697393105906e+02 1.714601276802659413e+02 4.010965031536964176e+01 3.367242006579292735e+01 8.235262579435698171e-02 3.864691081912218440e+00 3.474300420111747911e+01 5.921545949961894983e-01
2.097168439152693793e+02 8.447418629672539225e+01 6.729385993466438265e+01 8.145851157127233932e+01 2.279206957693876845e+01 1.878032023467994449e+01 6.933306781147195785e+00 1.125093730492746857e+01 -4.603903937255037881e+00 -4.274493434078455167e-01 5.921545949961894983e-01 5.952918378835863500e+00
