1.192804584908808582e+06 6.461558234840887599e+05 4.183589037112825899e+05 2.233146702716412256e+05 1.164492599216394156e+05 6.457359976408917282e+04 2.409375478800892597e+04 8.718786217883467543e+03 2.007074666533807203e+03 6.756993730875486790e+02 -2.954890644566293290e+01
6.461558234840887599e+05 5.171749841031258693e+05 2.705653991214669077e+05 1.481039151657714392e+05 8.061918537382593786e+04 4.335655160634114873e+04 1.623483586536447547e+04 6.216772270326621765e+03 1.099031085205677755e+03 4.719040751222478320e+02 1.823522428299471976e+00
4.183589037112825899e+05 2.705653991214669077e+05 2.399761456795791164e+05 9.517583354843602865e+04 5.279061547711344610e+04 2.810225512310253907e+04 1.003167334683892841e+04 3.552247180425883016e+03 7.123149191370807785e+02 3.425555508748713009e+02 2.398030032053994010e+00
2.233146702716412256e+05 1.481039151657714392e+05 9.517583354843602865e+04 8.264499918429763056e+04 2.883306408906332945e+04 1.636599026505023903e+04 6.673478364436805350e+03 2.190185729987410014e+03 4.075396157337478940e+02 1.253955982092625590e+02 -6.782326967192201295e+00
1.164492599216394156e+05 8.061918537382593786e+04 5.279061547711344610e+04 2.883306408906332945e+04 3.094135405424895362e+04 9.075100539596120143e+03 3.229601357225072206e+03 1.076903718965516873e+03 3.599790135607527759e+02 5.010176891172915248e+01 2.943125983739255602e+00
6.457359976408917282e+04 4.335655160634114873e+04 2.810225512310253907e+04 1.636599026505023903e+04 9.075100539596120143e+03 1.079878021300417822e+04 1.917935792218873758e+03 7.750538945546136347e+02 1.599797794891972558e+02 5.788213127247347245e+01 -5.229391737929780959e+00
2.409375478800892597e+04 1.623483586536447547e+04 1.003167334683892841e+04 6.673478364436805350e+03 3.229601357225072206e+03 1.917935792218873758e+03 2.467894470379601444e+03 2.754165923077774210e+02 6.071741453196052873e+01 1.772542231379300048e+01 -7.745068378261446007e-01
8.718786217883467543e+03 6.216772270326621765e+03 3.552247180425883016e+03 2.190185729987410014e+03 1.076903718965516873e+03 7.750538945546136347e+02 2.754165923077774210e+02 6.167015598132779814e+02 1.958816027818490113e+01 -4.611747044473713864e+00 -1.041172483254930281e+00
2.007074666533807203e+03 1.099031085205677755e+03 7.123149191370807785e+02 4.075396157337478940e+02 3.599790135607527759e+02 1.599797794891972558e+02 6.071741453196052873e+01 1.958816027818490113e+01 9.712119668659353522e+01 6.274485774794069659e-02 8.196047043324741210e-01
6.756993730875486790e+02 4.719040751222478320e+02 3.425555508748713009e+02 1.253955982092625590e+02 5.010176891172915248e+01 5.788213127247347245e+01 1.772542231379300048e+01 -4.611747044473713864e+00 6.274485774794069659e-02 1.957639561735746270e+01 -3.137242887397030666e-02
-2.954890644566293290e+01 1.823522428299471976e+00 2.398030032053994010e+00 -6.782326967192201295e+00 2.943125983739255602e+00 -5.229391737929780959e+00 -7.745068378261446007e-01 -1.041172483254930281e+00 8.196047043324741210e-01 -3.137242887397030666e-02 1.001956947162426781e+00
