1.016305370644445065e+06 5.277086653314272407e+05 3.159109627184512210e+05 1.757864483668600733e+05 9.392824028707503749e+04 3.780790226753452589e+04 1.388954680780322997e+04 5.299120882656859976e+03 8.516751697489355593e+02 3.935279046879075793e+01
5.277086653314272407e+05 4.296353566047680215e+05 2.013517543820566498e+05 1.101097822388796194e+05 6.241963350323824852e+04 2.484822640844594207e+04 9.273391937071108259e+03 3.629333159722868004e+03 5.927938082344796840e+02 1.963384637773236534e+02
3.159109627184512210e+05 2.013517543820566498e+05 1.690017370950535988e+05 6.544197683066121681e+04 3.720643790426448686e+04 1.511576956276933197e+04 5.183540933130490885e+03 1.663232846075184170e+03 2.766263915962252895e+02 5.569390435851420307e+01
1.757864483668600733e+05 1.101097822388796194e+05 6.544197683066121681e+04 6.104067603907454031e+04 2.207548408592068154e+04 9.673155111997650238e+03 3.127768413877042804e+03 1.191485633097298887e+03 8.431340259879246446e+01 3.389006629110539848e+01
9.392824028707503749e+04 6.241963350323824852e+04 3.720643790426448686e+04 2.207548408592068154e+04 2.281438909930515365e+04 4.914185101925793788e+03 1.936259251458092422e+03 7.805283833931337085e+02 8.594084734662996539e+01 3.866063625675342053e+01
3.780790226753452589e+04 2.484822640844594207e+04 1.511576956276933197e+04 9.673155111997650238e+03 4.914185101925793788e+03 5.927349849303580413e+03 6.120760873311589876e+02 2.735754228882477719e+02 3.609397941950216193e+01 1.031368599231743488e+01
1.388954680780322997e+04 9.273391937071108259e+03 5.183540933130490885e+03 3.127768413877042804e+03 1.936259251458092422e+03 6.120760873311589876e+02 1.461578716380567812e+03 1.021015697703401059e+02 2.387441837309111392e+01 8.643104154778841419e+00
5.299120882656859976e+03 3.629333159722868004e+03 1.663232846075184170e+03 1.191485633097298887e+03 7.805283833931337085e+02 2.735754228882477719e+02 1.021015697703401059e+02 2.967655301565297350e+02 8.890162032161487815e+00 -1.156858314727532422e-01
8.516751697489355593e+02 5.927938082344796840e+02 2.766263915962252895e+02 8.431340259879246446e+01 8.594084734662996539e+01 3.609397941950216193e+01 2.387441837309111392e+01 8.890162032161487815e+00 4.604688247976990567e+01 2.199991574787167448e+00
3.935279046879075793e+01 1.963384637773236534e+02 5.569390435851420307e+01 3.389006629110539848e+01 3.866063625675342053e+01 1.031368599231743488e+01 8.643104154778841419e+00 -1.156858314727532422e-01 2.199991574787167448e+00 1.088427204246307234e+01
