1.758428227065359708e+06 1.007173197375516640e+06 6.602319467561119236e+05 4.359891921150031267e+05 2.837943255451648729e+05 1.580313123071709124e+05 7.525421773110491631e+04 4.722337154348211334e+04 1.449526703971822644e+04 3.701106393691203266e+03 1.158029061382492728e+03 2.155288843650797901e+02
1.007173197375516640e+06 8.731593127590317745e+05 4.625990870163590880e+05 3.021704743467320222e+05 2.012315158343807270e+05 1.079188597276981018e+05 5.635000173204639577e+04 3.246497378426974319e+04 1.030057848120176459e+04 2.784444898331144032e+03 8.134252944139232113e+02 8.623105658497605930e+01
6.602319467561119236e+05 4.625990870163590880e+05 3.958873286767058889e+05 1.934440927966522577e+05 1.329426773549356440e+05 7.631415623565527494e+04 3.644819335845830210e+04 2.186119638861191561e+04 5.665821712748188475e+03 1.600210143126992989e+03 4.850299211512070201e+02 6.835235335146452940e+01
4.359891921150031267e+05 3.021704743467320222e+05 1.934440927966522577e+05 1.847475938920843764e+05 8.813871253245600383e+04 4.869100463695646613e+04 2.436292565719789127e+04 1.415318504196881622e+04 4.636398367468034849e+03 1.240285507628861296e+03 2.864055243513154778e+02 8.243656022472760014e+01
2.837943255451648729e+05 2.012315158343807270e+05 1.329426773549356440e+05 8.813871253245600383e+04 8.649273063975629339e+04 3.407626682445299957e+04 1.468165383467155334e+04 1.053210308297699157e+04 3.128838284735297748e+03 8.722611367238062030e+02 2.007706452964039556e+02 2.300225263635580220e+01
1.580313123071709124e+05 1.079188597276981018e+05 7.631415623565527494e+04 4.869100463695646613e+04 3.407626682445299957e+04 3.372049959721398773e+04 8.121485929187932925e+03 5.911101300962999630e+03 1.442912447397104643e+03 4.850962428997434017e+02 1.727412437476708078e+02 1.891508545521439189e+01
7.525421773110491631e+04 5.635000173204639577e+04 3.644819335845830210e+04 2.436292565719789127e+04 1.468165383467155334e+04 8.121485929187932925e+03 1.117929281447185713e+04 2.849463482098479290e+03 8.393423348322560287e+02 3.023658730936817278e+02 4.034791599443125421e+01 6.972444469847614457e+00
4.722337154348211334e+04 3.246497378426974319e+04 2.186119638861191561e+04 1.415318504196881622e+04 1.053210308297699157e+04 5.911101300962999630e+03 2.849463482098479290e+03 4.381639844994369014e+03 5.812221442495641668e+02 1.606084332015160783e+02 3.383394049312613561e+01 1.130158537092713722e+01
1.449526703971822644e+04 1.030057848120176459e+04 5.665821712748188475e+03 4.636398367468034849e+03 3.128838284735297748e+03 1.442912447397104643e+03 8.393423348322560287e+02 5.812221442495641668e+02 1.032312067220086647e+03 3.255501221620746577e+01 8.267776265504585276e-02 -4.620722980819105707e+00
3.701106393691203266e+03 2.784444898331144032e+03 1.600210143126992989e+03 1.240285507628861296e+03 8.722611367238062030e+02 4.850962428997434017e+02 3.023658730936817278e+02 1.606084332015160783e+02 3.255501221620746577e+01 2.351141071902754049e+02 3.877532048686798127e+00 -4.287436296107560163e-01
1.158029061382492728e+03 8.134252944139232113e+02 4.850299211512070201e+02 2.864055243513154778e+02 2.007706452964039556e+02 1.727412437476708078e+02 4.034791599443125421e+01 3.383394049312613561e+01 8.267776265504585276e-02 3.877532048686798127e+00 3.484194541948335200e+01 5.936665040310188379e-01
2.155288843650797901e+02 8.623105658497605930e+01 6.835235335146452940e+01 8.243656022472760014e+01 2.300225263635580220e+01 1.891508545521439189e+01 6.972444469847614457e+00 1.130158537092713722e+01 -4.620722980819105707e+00 -4.287436296107560163e-01 5.936665040310188379e-01 5.966364540335774791e+00
