1.071138923714420991e+06 5.524347716309287352e+05 3.290696518584148143e+05 1.824367061418405501e+05 9.721453136369287677e+04 3.905071382066623482e+04 1.432448124971933612e+04 5.458938648462136371e+03 8.766271261241179218e+02 4.048002021442857057e+01
5.524347716309287352e+05 4.467370735582874622e+05 2.083261331403254298e+05 1.135057688251188229e+05 6.416843025268049678e+04 2.549218084961173372e+04 9.499366486948034435e+03 3.713611119372896155e+03 6.060518458414956058e+02 2.006022390537347633e+02
3.290696518584148143e+05 2.083261331403254298e+05 1.739866224384067173e+05 6.712507666508266993e+04 3.805876121098500880e+04 1.543043650685142711e+04 5.283465964071754570e+03 1.693397810053564854e+03 2.814077703830438963e+02 5.662059205335440737e+01
1.824367061418405501e+05 1.135057688251188229e+05 6.712507666508266993e+04 6.238086836946762924e+04 2.249834058713800914e+04 9.838294018799295372e+03 3.176366941617278826e+03 1.208644129525021754e+03 8.545604434901029833e+01 3.432755377121532803e+01
9.721453136369287677e+04 6.416843025268049678e+04 3.805876121098500880e+04 2.249834058713800914e+04 2.318767823696306004e+04 4.984382085389594067e+03 1.960955569201616754e+03 7.895988506039801678e+02 8.686682956181792292e+01 3.905238884000817023e+01
3.905071382066623482e+04 2.549218084961173372e+04 1.543043650685142711e+04 9.838294018799295372e+03 4.984382085389594067e+03 5.999730890416208240e+03 6.186158667546812922e+02 2.761889382814386522e+02 3.640830833175196091e+01 1.039690096050741097e+01
1.432448124971933612e+04 9.499366486948034435e+03 5.283465964071754570e+03 3.176366941617278826e+03 1.960955569201616754e+03 6.186158667546812922e+02 1.474966935166789426e+03 1.029214871622921663e+02 2.404600685321896592e+01 8.699698083189783659e+00
5.458938648462136371e+03 3.713611119372896155e+03 1.693397810053564854e+03 1.208644129525021754e+03 7.895988506039801678e+02 2.761889382814386522e+02 1.029214871622921663e+02 2.988137984976149255e+02 8.944033187981668576e+00 -1.163129755043652291e-01
8.766271261241179218e+02 6.060518458414956058e+02 2.814077703830438963e+02 8.545604434901029833e+01 8.686682956181792292e+01 3.640830833175196091e+01 2.404600685321896592e+01 8.944033187981668576e+00 4.628715528121965406e+01 2.210067529633661376e+00
4.048002021442857057e+01 2.006022390537347633e+02 5.662059205335440737e+01 3.432755377121532803e+01 3.905238884000817023e+01 1.039690096050741097e+01 8.699698083189783659e+00 -1.163129755043652291e-01 2.210067529633661376e+00 1.092718214548721889e+01
