1.061155728727677604e+06 5.472895730284213787e+05 3.261269712573862053e+05 1.809004924797179119e+05 9.645041875649246504e+04 3.876470472174549650e+04 1.422638361562951104e+04 5.423779832817121132e+03 8.712810055858590204e+02 4.024472363292477439e+01
5.472895730284213787e+05 4.425792093374943943e+05 2.064645453424676089e+05 1.125507277031489648e+05 6.366447936906311224e+04 2.530564085542283283e+04 9.434374270760858053e+03 3.689717431242095245e+03 6.023597790328433348e+02 1.994375134301336345e+02
3.261269712573862053e+05 2.064645453424676089e+05 1.724965075330899854e+05 6.658522706509089039e+04 3.777401448394389445e+04 1.532326382099817965e+04 5.249284241046212628e+03 1.683132849063306139e+03 2.797982475201948773e+02 5.631293960545237098e+01
1.809004924797179119e+05 1.125507277031489648e+05 6.658522706509089039e+04 6.191175963904045057e+04 2.234177236163368798e+04 9.775106676914123454e+03 3.157479098530103329e+03 1.201950245252208106e+03 8.501201926711097201e+01 3.415901112094054071e+01
9.645041875649246504e+04 6.366447936906311224e+04 3.777401448394389445e+04 2.234177236163368798e+04 2.303932784778502537e+04 4.955168630412184939e+03 1.950396794810211532e+03 7.856696101497444715e+02 8.646431814717433895e+01 3.888261296626409802e+01
3.876470472174549650e+04 2.530564085542283283e+04 1.532326382099817965e+04 9.775106676914123454e+03 4.955168630412184939e+03 5.967788951180359618e+03 6.156173464223246583e+02 2.749630272886611237e+02 3.625918373731484223e+01 1.035729431014909174e+01
1.422638361562951104e+04 9.434374270760858053e+03 5.249284241046212628e+03 3.157479098530103329e+03 1.950396794810211532e+03 6.156173464223246583e+02 1.468521086824840268e+03 1.025137644541419490e+02 2.395899505603347635e+01 8.670710776448169455e+00
5.423779832817121132e+03 3.689717431242095245e+03 1.683132849063306139e+03 1.201950245252208106e+03 7.856696101497444715e+02 2.749630272886611237e+02 1.025137644541419490e+02 2.977522168242633143e+02 8.915326648129047626e+00 -1.159730052643994508e-01
8.712810055858590204e+02 6.023597790328433348e+02 2.797982475201948773e+02 8.501201926711097201e+01 8.646431814717433895e+01 3.625918373731484223e+01 2.395899505603347635e+01 8.915326648129047626e+00 4.615447880363769428e+01 2.204366447045765565e+00
4.024472363292477439e+01 1.994375134301336345e+02 5.631293960545237098e+01 3.415901112094054071e+01 3.888261296626409802e+01 1.035729431014909174e+01 8.670710776448169455e+00 -1.159730052643994508e-01 2.204366447045765565e+00 1.090212903699040758e+01
