1.722437462479004171e+05 6.525062266152235679e+04 2.634612067202505568e+04 1.023767255793303411e+04 2.808436303476124522e+03 9.637492503475092462e+02 8.469771485249856369e+01 3.962729922143233718e+00
6.525062266152235679e+04 5.393492874184584070e+04 1.345739748239306027e+04 4.981657392549874203e+03 1.524221613734604034e+03 3.085909750651941295e+02 4.003906235040304296e+01 6.766640752754240928e+00
2.634612067202505568e+04 1.345739748239306027e+04 1.290187804121478075e+04 2.132029089962179569e+03 6.243034914847869459e+02 1.537837247865949166e+02 2.925478992497234643e+00 2.837244036289726434e+00
1.023767255793303411e+04 4.981657392549874203e+03 2.132029089962179569e+03 3.026668801054158394e+03 2.224540500381128254e+02 6.730562459549761911e+01 6.345073739760554332e+00 -3.319595130227019908e+00
2.808436303476124522e+03 1.524221613734604034e+03 6.243034914847869459e+02 2.224540500381128254e+02 5.225078028959784433e+02 2.232148314382985532e+01 -3.450967176136638948e-01 5.490175052942751488e-02
9.637492503475092462e+02 3.085909750651941295e+02 1.537837247865949166e+02 6.730562459549761911e+01 2.232148314382985532e+01 1.130583905545704795e+02 5.348999123011935808e+00 -2.235285557270384749e-01
8.469771485249856369e+01 4.003906235040304296e+01 2.925478992497234643e+00 6.345073739760554332e+00 -3.450967176136638948e-01 5.348999123011935808e+00 1.176466082773886157e+01 -2.352932165547773000e-02
3.962729922143233718e+00 6.766640752754240928e+00 2.837244036289726434e+00 -3.319595130227019908e+00 5.490175052942751488e-02 -2.235285557270384749e-01 -2.352932165547773000e-02 1.001956947162427225e+00
