1.742031137611123268e+06 9.977928488004911924e+05 6.543304281952965539e+05 4.323208963607356418e+05 2.815672635191310546e+05 1.568756571754523320e+05 7.474018417295292602e+04 4.692050670671348780e+04 1.440735953674600569e+04 3.679710712849070660e+03 1.151605592373800391e+03 2.143667816155670494e+02
9.977928488004911924e+05 8.650369878454713617e+05 4.584693566800622502e+05 2.996315154750690563e+05 1.996546417268277728e+05 1.071308917082558619e+05 5.596573504318617051e+04 3.225712964629760972e+04 1.023822687803371628e+04 2.768379953395737630e+03 8.089225463171798083e+02 8.576708990456660331e+01
6.543304281952965539e+05 4.584693566800622502e+05 3.925016604057371151e+05 1.918913028570258175e+05 1.319508488647548074e+05 7.578562446372871636e+04 3.621334477965271071e+04 2.172946049712156673e+04 5.633656885792102003e+03 1.591579883912274227e+03 4.825275923477238393e+02 6.801031614983510565e+01
4.323208963607356418e+05 2.996315154750690563e+05 1.918913028570258175e+05 1.833616602623938525e+05 8.752747343905012531e+04 4.837938958303282561e+04 2.421876512953843849e+04 1.407534748006128757e+04 4.612518863284458348e+03 1.234249653651492963e+03 2.850788084435536121e+02 8.206748155985090420e+01
2.815672635191310546e+05 1.996546417268277728e+05 1.319508488647548074e+05 8.752747343905012531e+04 8.594195852975831076e+04 3.387751978052017512e+04 1.460311427763010033e+04 1.048016185138120272e+04 3.114501012109189560e+03 8.685119857962623655e+02 1.999547417018401916e+02 2.291234613893595906e+01
1.568756571754523320e+05 1.071308917082558619e+05 7.578562446372871636e+04 4.837938958303282561e+04 3.387751978052017512e+04 3.354189204464932845e+04 8.082392911142890625e+03 5.885119012113683311e+03 1.437074549962074116e+03 4.832714766560000612e+02 1.721319520310791802e+02 1.885130670504447536e+01
7.474018417295292602e+04 5.596573504318617051e+04 3.621334477965271071e+04 2.421876512953843849e+04 1.460311427763010033e+04 8.082392911142890625e+03 1.113088513111236716e+04 2.838316681982922091e+03 8.363524885698979006e+02 3.013747971797675405e+02 4.022513089698981048e+01 6.952309894015653136e+00
4.692050670671348780e+04 3.225712964629760972e+04 2.172946049712156673e+04 1.407534748006128757e+04 1.048016185138120272e+04 5.885119012113683311e+03 2.838316681982922091e+03 4.366332618243512115e+03 5.793950252927960491e+02 1.601492425609658028e+02 3.374514697813270914e+01 1.127368284503464224e+01
1.440735953674600569e+04 1.023822687803371628e+04 5.633656885792102003e+03 4.612518863284458348e+03 3.114501012109189560e+03 1.437074549962074116e+03 8.363524885698979006e+02 5.793950252927960491e+02 1.029428255273631748e+03 3.247333380797656588e+01 8.248973895202613149e-02 -4.610933367615547951e+00
3.679710712849070660e+03 2.768379953395737630e+03 1.591579883912274227e+03 1.234249653651492963e+03 8.685119857962623655e+02 4.832714766560000612e+02 3.013747971797675405e+02 1.601492425609658028e+02 3.247333380797656588e+01 2.345911565163204386e+02 3.869818027983974673e+00 -4.279573875348892109e-01
1.151605592373800391e+03 8.089225463171798083e+02 4.825275923477238393e+02 2.850788084435536121e+02 1.999547417018401916e+02 1.721319520310791802e+02 4.022513089698981048e+01 3.374514697813270914e+01 8.248973895202613149e-02 3.869818027983974673e+00 3.478081408096783633e+01 5.927172852033923967e-01
2.143667816155670494e+02 8.576708990456660331e+01 6.801031614983510565e+01 8.206748155985090420e+01 2.291234613893595906e+01 1.885130670504447536e+01 6.952309894015653136e+00 1.127368284503464224e+01 -4.610933367615547951e+00 -4.279573875348892109e-01 5.927172852033923967e-01 5.957753517632320417e+00
