1.891646061121428618e+06 1.095325349414501339e+06 7.399252115638786927e+05 4.928268736587557942e+05 3.389665503268526518e+05 1.988760610382804007e+05 1.101133743710998970e+05 5.895194498265217408e+04 2.923453070752391795e+04 6.075151949846077514e+03 2.714734078107128880e+03 2.275506200378381152e+02
1.095325349414501339e+06 9.298949948884265032e+05 5.194577489572816994e+05 3.412648197851245059e+05 2.252058616886849341e+05 1.382559007695934561e+05 7.490685980733271572e+04 4.071644824863784015e+04 2.132221005691167738e+04 4.000980325755946978e+03 1.578471392185000241e+03 2.288043120284279723e+02
7.399252115638786927e+05 5.194577489572816994e+05 4.533900593681400642e+05 2.348094629557382723e+05 1.527720212458388705e+05 9.735462635616786429e+04 5.376814880779636587e+04 2.813146169730055772e+04 1.433675186651543299e+04 2.705951426620730672e+03 1.133757414804452310e+03 2.075394817111502164e+02
4.928268736587557942e+05 3.412648197851245059e+05 2.348094629557382723e+05 2.170515281828081934e+05 9.946934791024681181e+04 6.806546513444760058e+04 3.406816653120203409e+04 1.734815392106121726e+04 9.257032714411279812e+03 2.122115304029675826e+03 9.483071974316688966e+02 1.041495528992921180e+02
3.389665503268526518e+05 2.252058616886849341e+05 1.527720212458388705e+05 9.946934791024681181e+04 1.033390520606106293e+05 4.334208748083508544e+04 2.363334652467817796e+04 1.256335297866659312e+04 6.483681436273187501e+03 1.630325433704992747e+03 4.972147695476480180e+02 2.516266909480732039e+01
1.988760610382804007e+05 1.382559007695934561e+05 9.735462635616786429e+04 6.806546513444760058e+04 4.334208748083508544e+04 4.648074721991204569e+04 1.522744624123548238e+04 7.983125993991443465e+03 4.057040329097733320e+03 8.523908943350204481e+02 3.165401685046028888e+02 4.382994203080395579e+01
1.101133743710998970e+05 7.490685980733271572e+04 5.376814880779636587e+04 3.406816653120203409e+04 2.363334652467817796e+04 1.522744624123548238e+04 1.669062288628807437e+04 4.331981211561373129e+03 2.301882207058340555e+03 6.633912807765893831e+02 2.092150297104095671e+02 -2.654224363322223113e+00
5.895194498265217408e+04 4.071644824863784015e+04 2.813146169730055772e+04 1.734815392106121726e+04 1.256335297866659312e+04 7.983125993991443465e+03 4.331981211561373129e+03 6.237765841658714635e+03 1.117709941217449114e+03 3.348444447055106821e+02 1.083341478861787976e+02 2.013413342235209669e+01
2.923453070752391795e+04 2.132221005691167738e+04 1.433675186651543299e+04 9.257032714411279812e+03 6.483681436273187501e+03 4.057040329097733320e+03 2.301882207058340555e+03 1.117709941217449114e+03 2.099757244112842727e+03 1.449179046694812598e+02 3.891942229219370830e+01 6.880922878628441097e+00
6.075151949846077514e+03 4.000980325755946978e+03 2.705951426620730672e+03 2.122115304029675826e+03 1.630325433704992747e+03 8.523908943350204481e+02 6.633912807765893831e+02 3.348444447055106821e+02 1.449179046694812598e+02 4.447049408728693152e+02 1.861076652984163715e+01 -4.204878055640056900e+00
2.714734078107128880e+03 1.578471392185000241e+03 1.133757414804452310e+03 9.483071974316688966e+02 4.972147695476480180e+02 3.165401685046028888e+02 2.092150297104095671e+02 1.083341478861787976e+02 3.891942229219370830e+01 1.861076652984163715e+01 1.071566534662019450e+02 3.493415925823585289e-01
2.275506200378381152e+02 2.288043120284279723e+02 2.075394817111502164e+02 1.041495528992921180e+02 2.516266909480732039e+01 4.382994203080395579e+01 -2.654224363322223113e+00 2.013413342235209669e+01 6.880922878628441097e+00 -4.204878055640056900e+00 3.493415925823585289e-01 1.368106395757242844e+01
