1.909460227021867177e+06 1.105625160337067442e+06 7.465992768689512741e+05 4.970085751906235819e+05 3.416476708938702359e+05 2.003402697381241887e+05 1.108704233313391596e+05 5.933240244093466026e+04 2.941302652368219788e+04 6.110477597327545482e+03 2.729874501897730624e+03 2.287788916535671717e+02
1.105625160337067442e+06 9.386263085664568935e+05 5.241360204987108009e+05 3.441557726913080551e+05 2.269840544368761475e+05 1.392718866311692982e+05 7.542082239041890716e+04 4.097865696005200880e+04 2.145210152439575904e+04 4.024189887254545738e+03 1.587252942450305227e+03 2.300361929587720340e+02
7.465992768689512741e+05 5.241360204987108009e+05 4.572995108997870120e+05 2.367086337911872251e+05 1.539197852413816436e+05 9.803278533917908499e+04 5.411650263714761240e+04 2.830186776183464463e+04 1.441860883807630671e+04 2.720614517621217601e+03 1.139631726343661512e+03 2.085775969695145307e+02
4.970085751906235819e+05 3.441557726913080551e+05 2.367086337911872251e+05 2.186911015350137022e+05 1.001635378261221631e+05 6.850327348777514999e+04 3.427071455143402272e+04 1.744398989140368576e+04 9.304952284859984502e+03 2.132483859315383143e+03 9.527154280360307439e+02 1.046150344341912017e+02
3.416476708938702359e+05 2.269840544368761475e+05 1.539197852413816436e+05 1.001635378261221631e+05 1.040008715409494325e+05 4.359598087554922677e+04 2.376029025194534552e+04 1.262554813496674979e+04 6.513525848106100966e+03 1.637356316957325362e+03 4.992410554098068474e+02 2.526070804173800965e+01
2.003402697381241887e+05 1.392718866311692982e+05 9.803278533917908499e+04 6.850327348777514999e+04 4.359598087554922677e+04 4.672764069528587424e+04 1.530092609109580553e+04 8.018290515974406844e+03 4.073501879157945496e+03 8.556020595045645223e+02 3.176575813282483978e+02 4.397682110924100840e+01
1.108704233313391596e+05 7.542082239041890716e+04 5.411650263714761240e+04 3.427071455143402272e+04 2.376029025194534552e+04 1.530092609109580553e+04 1.676305140379123259e+04 4.348958444591653461e+03 2.310104264457280806e+03 6.655683603831438404e+02 2.098520256663285863e+02 -2.661830871643903862e+00
5.933240244093466026e+04 4.097865696005200880e+04 2.830186776183464463e+04 1.744398989140368576e+04 1.262554813496674979e+04 8.018290515974406844e+03 4.348958444591653461e+03 6.259590500028796669e+03 1.121232714913848440e+03 3.358026884408885735e+02 1.086185043613712509e+02 2.018338153792888079e+01
2.941302652368219788e+04 2.145210152439575904e+04 1.441860883807630671e+04 9.304952284859984502e+03 6.513525848106100966e+03 4.073501879157945496e+03 2.310104264457280806e+03 1.121232714913848440e+03 2.105646815536793838e+03 1.452823677172628720e+02 3.900808445186503093e+01 6.895368339196267904e+00
6.110477597327545482e+03 4.024189887254545738e+03 2.720614517621217601e+03 2.132483859315383143e+03 1.637356316957325362e+03 8.556020595045645223e+02 6.655683603831438404e+02 3.358026884408885735e+02 1.452823677172628720e+02 4.456944654416634535e+02 1.864777083577827099e+01 -4.212487343310368892e+00
2.729874501897730624e+03 1.587252942450305227e+03 1.139631726343661512e+03 9.527154280360307439e+02 4.992410554098068474e+02 3.176575813282483978e+02 2.098520256663285863e+02 1.086185043613712509e+02 3.900808445186503093e+01 1.864777083577827099e+01 1.073443475185164147e+02 3.498910836163111604e-01
2.287788916535671717e+02 2.300361929587720340e+02 2.085775969695145307e+02 1.046150344341912017e+02 2.526070804173800965e+01 4.397682110924100840e+01 -2.661830871643903862e+00 2.018338153792888079e+01 6.895368339196267904e+00 -4.212487343310368892e+00 3.498910836163111604e-01 1.370013964162615672e+01
