1.746789531042081071e+06 9.930323894509290112e+05 6.520956910004490055e+05 3.939124860299751745e+05 2.446369254462874669e+05 1.333965390086624539e+05 7.199245527380562271e+04 3.507463635083706322e+04 1.393531759412615247e+04 3.031890951996662807e+03 1.046816348955532249e+03 2.176189395794355619e+01
9.930323894509290112e+05 8.252873296217641328e+05 4.367563540674214601e+05 2.648038114470109576e+05 1.741895248244388204e+05 8.848112781504867598e+04 5.333427411994880822e+04 2.322194880303088212e+04 9.670825686129177484e+03 2.682857224239352490e+03 8.154864739307882928e+02 1.042808130952436185e+00
6.520956910004490055e+05 4.367563540674214601e+05 3.858315194452629075e+05 1.764244701454811438e+05 1.105656787088298006e+05 6.111009326944376517e+04 3.393624836767037777e+04 1.492627039366253484e+04 6.910523544560497612e+03 1.304984188529049334e+03 4.436512707041758858e+02 1.163710691351641557e+01
3.939124860299751745e+05 2.648038114470109576e+05 1.764244701454811438e+05 1.548156868384064583e+05 7.019169331373523164e+04 3.814390422502234287e+04 1.949689930591545271e+04 1.017113897312661538e+04 4.139621460078217751e+03 8.294324032442381167e+02 2.588628655636400708e+02 -5.643378378697895492e+00
2.446369254462874669e+05 1.741895248244388204e+05 1.105656787088298006e+05 7.019169331373523164e+04 6.939716445254204154e+04 2.414176462501917558e+04 1.310310542312240614e+04 6.749936232667142576e+03 2.660102263908217992e+03 5.822996476265891488e+02 1.983839459891996171e+02 3.660945581504895241e+00
1.333965390086624539e+05 8.848112781504867598e+04 6.111009326944376517e+04 3.814390422502234287e+04 2.414176462501917558e+04 2.600919049846717462e+04 6.957137047361867189e+03 3.399619825436174324e+03 1.499872906060332070e+03 3.506714876879408962e+02 1.201360435074580835e+02 -4.686274873782780404e+00
7.199245527380562271e+04 5.333427411994880822e+04 3.393624836767037777e+04 1.949689930591545271e+04 1.310310542312240614e+04 6.957137047361867189e+03 9.926348203105624634e+03 1.940033987413072509e+03 7.503219342533427607e+02 2.441517940149012702e+02 4.709142480958637123e+01 2.760568165787495420e+00
3.507463635083706322e+04 2.322194880303088212e+04 1.492627039366253484e+04 1.017113897312661538e+04 6.749936232667142576e+03 3.399619825436174324e+03 1.940033987413072509e+03 2.797368645741024920e+03 3.397183411451707684e+02 6.543142066432038462e+01 4.043293035285180537e+01 -1.215235478487425747e+00
1.393531759412615247e+04 9.670825686129177484e+03 6.910523544560497612e+03 4.139621460078217751e+03 2.660102263908217992e+03 1.499872906060332070e+03 7.503219342533427607e+02 3.397183411451707684e+02 8.239519302857650018e+02 2.998591245648283632e+01 1.258433274222116083e+01 6.080920434043985967e-01
3.031890951996662807e+03 2.682857224239352490e+03 1.304984188529049334e+03 8.294324032442381167e+02 5.822996476265891488e+02 3.506714876879408962e+02 2.441517940149012702e+02 6.543142066432038462e+01 2.998591245648283632e+01 1.802719436366085972e+02 6.925579677257610811e+00 -2.989334190616227960e-01
1.046816348955532249e+03 8.154864739307882928e+02 4.436512707041758858e+02 2.588628655636400708e+02 1.983839459891996171e+02 1.201360435074580835e+02 4.709142480958637123e+01 4.043293035285180537e+01 1.258433274222116083e+01 6.925579677257610811e+00 2.303294462648990049e+01 -4.717881803453454620e-02
2.176189395794355619e+01 1.042808130952436185e+00 1.163710691351641557e+01 -5.643378378697895492e+00 3.660945581504895241e+00 -4.686274873782780404e+00 2.760568165787495420e+00 -1.215235478487425747e+00 6.080920434043985967e-01 -2.989334190616227960e-01 -4.717881803453454620e-02 1.004093439770564311e+00
