1.874973868539700750e+06 1.083869720096466364e+06 7.120167077585539082e+05 4.679366199926046538e+05 2.988538736403936637e+05 1.756262367039403180e+05 1.044985644737315015e+05 4.428121102265561785e+04 2.510599687968864964e+04 7.284634309641277468e+03 1.557738240340658194e+03 2.761697721613587078e+02
1.083869720096466364e+06 9.428175012608019169e+05 4.889668936854210333e+05 3.132303978683373425e+05 2.062231959282851312e+05 1.198996364488975232e+05 6.848088902928806783e+04 3.242453179372166414e+04 1.628763655325844957e+04 5.662590460473957137e+03 1.153927071800734666e+03 1.308781574433338903e+02
7.120167077585539082e+05 4.889668936854210333e+05 4.275715224500543554e+05 2.171004404015833570e+05 1.425633305404162384e+05 8.144234219013641996e+04 4.782405220454165828e+04 2.105536500499354588e+04 1.187882663649059032e+04 3.298309157890690130e+03 6.671221399728705137e+02 1.006925092505982633e+02
4.679366199926046538e+05 3.132303978683373425e+05 2.171004404015833570e+05 2.008523373570808617e+05 9.001680106911914481e+04 5.574002211065909796e+04 2.957658586476164419e+04 1.395705227409494910e+04 7.913770370084680508e+03 2.191815824209497805e+03 4.327911490349664518e+02 9.717736603149941743e+01
2.988538736403936637e+05 2.062231959282851312e+05 1.425633305404162384e+05 9.001680106911914481e+04 9.206795335810666438e+04 3.443569707897800254e+04 1.919148049892770723e+04 9.249579893029185769e+03 5.449327638248379117e+03 1.546651926586668651e+03 3.870356173142070588e+02 6.221292250661314682e+01
1.756262367039403180e+05 1.198996364488975232e+05 8.144234219013641996e+04 5.574002211065909796e+04 3.443569707897800254e+04 3.815211140869466180e+04 1.112643853709423638e+04 5.929282974175222989e+03 3.138216822957696877e+03 1.118687472337206373e+03 1.968614741070890659e+02 2.347612546813233081e+01
1.044985644737315015e+05 6.848088902928806783e+04 4.782405220454165828e+04 2.957658586476164419e+04 1.919148049892770723e+04 1.112643853709423638e+04 1.424530838332936219e+04 2.970962531905331616e+03 1.827758334655134604e+03 3.685162579664936970e+02 8.803151048530494904e+01 1.944756544868671000e+01
4.428121102265561785e+04 3.242453179372166414e+04 2.105536500499354588e+04 1.395705227409494910e+04 9.249579893029185769e+03 5.929282974175222989e+03 2.970962531905331616e+03 4.494252135285845725e+03 7.101037746461498728e+02 3.537047160873555072e+02 6.294801080860791842e+01 1.490741423555540024e+01
2.510599687968864964e+04 1.628763655325844957e+04 1.187882663649059032e+04 7.913770370084680508e+03 5.449327638248379117e+03 3.138216822957696877e+03 1.827758334655134604e+03 7.101037746461498728e+02 1.594191362695231874e+03 8.766353282198664942e+01 2.708090050863234666e+01 -1.186625633969609517e+00
7.284634309641277468e+03 5.662590460473957137e+03 3.298309157890690130e+03 2.191815824209497805e+03 1.546651926586668651e+03 1.118687472337206373e+03 3.685162579664936970e+02 3.537047160873555072e+02 8.766353282198664942e+01 3.917551258299962456e+02 1.999670416946840845e+01 2.924355813248964875e+00
1.557738240340658194e+03 1.153927071800734666e+03 6.671221399728705137e+02 4.327911490349664518e+02 3.870356173142070588e+02 1.968614741070890659e+02 8.803151048530494904e+01 6.294801080860791842e+01 2.708090050863234666e+01 1.999670416946840845e+01 6.541359836958699248e+01 -5.897124573660393887e-01
2.761697721613587078e+02 1.308781574433338903e+02 1.006925092505982633e+02 9.717736603149941743e+01 6.221292250661314682e+01 2.347612546813233081e+01 1.944756544868671000e+01 1.490741423555540024e+01 -1.186625633969609517e+00 2.924355813248964875e+00 -5.897124573660393887e-01 4.981068226092733475e+00
