1.371903027125936933e+05 4.219812140406971594e+04 1.459189761585641645e+04 5.450887238805902598e+03 9.582775694070674035e+02 3.157806953330786541e+02 1.016023669247339285e+02
4.219812140406971594e+04 3.633537109856729512e+04 6.754641288920338411e+03 2.599641104665678085e+03 7.957438646959817561e+02 2.128188946280894527e+02 6.192253163111301717e+01
1.459189761585641645e+04 6.754641288920338411e+03 7.308830636514855541e+03 7.639472868067508671e+02 2.260008127313020054e+02 1.210786308077490219e+02 6.223858486967405845e+00
5.450887238805902598e+03 2.599641104665678085e+03 7.639472868067508671e+02 1.940687518910862082e+03 2.731467677976227293e+01 5.066821605384355998e+00 -5.647632245738562595e+00
9.582775694070674035e+02 7.957438646959817561e+02 2.260008127313020054e+02 2.731467677976227293e+01 3.321205314270600297e+02 7.816791484456403261e+00 1.485838323158723995e+00
3.157806953330786541e+02 2.128188946280894527e+02 1.210786308077490219e+02 5.066821605384355998e+00 7.816791484456403261e+00 5.452905092422933109e+01 3.944242800764798940e+00
1.016023669247339285e+02 6.192253163111301717e+01 6.223858486967405845e+00 -5.647632245738562595e+00 1.485838323158723995e+00 3.944242800764798940e+00 1.086233974352661313e+01
