1.302550167349562515e+06 7.175564510611807927e+05 4.312605842904340825e+05 2.586171754165387829e+05 1.436040446679437300e+05 7.045728029286451056e+04 3.052604875394201736e+04 1.365264280235381921e+04 3.335262831523254135e+03 1.024094484577399498e+03 1.602085646711553863e+02
7.175564510611807927e+05 5.960155530574568547e+05 2.804302654217734234e+05 1.765172519722181023e+05 9.518118129675593809e+04 4.717246654769081215e+04 1.965690046923215414e+04 8.969709627346845082e+03 2.108753096633236964e+03 4.748338675155093256e+02 1.243223719340346918e+02
4.312605842904340825e+05 2.804302654217734234e+05 2.376329477055589668e+05 1.038605274445112300e+05 5.831031129058766965e+04 2.908794799145839352e+04 1.264667292128932968e+04 5.693456342407667762e+03 1.377322364390625808e+03 3.090814260692021094e+02 5.860629683279375968e+01
2.586171754165387829e+05 1.765172519722181023e+05 1.038605274445112300e+05 9.534139327274083917e+04 3.462210619781236164e+04 1.727998072814610350e+04 6.990814084402456501e+03 3.471240498147745257e+03 1.029700073879614592e+03 1.773164884650676640e+02 7.372369574040284590e+01
1.436040446679437300e+05 9.518118129675593809e+04 5.831031129058766965e+04 3.462210619781236164e+04 3.537315192428615410e+04 9.640399702311777219e+03 3.677788299380444187e+03 2.120991674468297333e+03 5.418700003793628639e+02 1.300165853686404489e+02 1.459815243229398618e+01
7.045728029286451056e+04 4.717246654769081215e+04 2.908794799145839352e+04 1.727998072814610350e+04 9.640399702311777219e+03 1.159079258219169242e+04 2.044567215335466017e+03 1.135367940088750629e+03 1.318463205832925667e+02 5.474985537818080417e+01 1.315481658176194024e+01
3.052604875394201736e+04 1.965690046923215414e+04 1.264667292128932968e+04 6.990814084402456501e+03 3.677788299380444187e+03 2.044567215335466017e+03 3.222168592982725841e+03 3.231355579188081038e+02 1.086936942934774208e+02 4.216621451806125975e+01 1.373890359386965621e+01
1.365264280235381921e+04 8.969709627346845082e+03 5.693456342407667762e+03 3.471240498147745257e+03 2.120991674468297333e+03 1.135367940088750629e+03 3.231355579188081038e+02 1.017041627683135289e+03 1.435412441790782978e+01 9.639594584240994024e+00 3.450924424863053730e+00
3.335262831523254135e+03 2.108753096633236964e+03 1.377322364390625808e+03 1.029700073879614592e+03 5.418700003793628639e+02 1.318463205832925667e+02 1.086936942934774208e+02 1.435412441790782978e+01 2.123341759025087754e+02 3.658250858752803758e+00 -1.066586949475374579e+00
1.024094484577399498e+03 4.748338675155093256e+02 3.090814260692021094e+02 1.773164884650676640e+02 1.300165853686404489e+02 5.474985537818080417e+01 4.216621451806125975e+01 9.639594584240994024e+00 3.658250858752803758e+00 1.746416082015262461e+01 8.993243970899506001e-01
1.602085646711553863e+02 1.243223719340346918e+02 5.860629683279375968e+01 7.372369574040284590e+01 1.459815243229398618e+01 1.315481658176194024e+01 1.373890359386965621e+01 3.450924424863053730e+00 -1.066586949475374579e+00 8.993243970899506001e-01 2.997730340885689237e+00
