1.247497134278678801e+06 6.918635798117039958e+05 4.177355649219880579e+05 2.512979278112287284e+05 1.398455271847071708e+05 6.871648585904434731e+04 2.980303488420981739e+04 1.333887440688378774e+04 3.260220847806149322e+03 1.001388321889080999e+03 1.566915567878511979e+02
6.918635798117039958e+05 5.785505196442513261e+05 2.734675919286628487e+05 1.726783936029761680e+05 9.331517988978986978e+04 4.631726967957917077e+04 1.932076130223324799e+04 8.822672094547182496e+03 2.075209699717902367e+03 4.674374255614145568e+02 1.224132566894598142e+02
4.177355649219880579e+05 2.734675919286628487e+05 2.328010457067663665e+05 1.020701267534916115e+05 5.743066633476108109e+04 2.869225874594496054e+04 1.248770903910398374e+04 5.625939238896793540e+03 1.361661451970503549e+03 3.056694176263024474e+02 5.797232700548622120e+01
2.512979278112287284e+05 1.726783936029761680e+05 1.020701267534916115e+05 9.399385964360815706e+04 3.420753958509462245e+04 1.709876589014265483e+04 6.924749951171756948e+03 3.440912312682539323e+03 1.021207853830187560e+03 1.759130518035649970e+02 7.315658258048742368e+01
1.398455271847071708e+05 9.331517988978986978e+04 5.743066633476108109e+04 3.420753958509462245e+04 3.502615605791752023e+04 9.560198681837029653e+03 3.651013468851451307e+03 2.107066440462417631e+03 5.385783295866514209e+02 1.292700931751909366e+02 1.451759146142934753e+01
6.871648585904434731e+04 4.631726967957917077e+04 2.869225874594496054e+04 1.709876589014265483e+04 9.560198681837029653e+03 1.151166571819249111e+04 2.032737313352830370e+03 1.129611360250644566e+03 1.312426346406498965e+02 5.451743827574572521e+01 1.310191060849282785e+01
2.980303488420981739e+04 1.932076130223324799e+04 1.248770903910398374e+04 6.924749951171756948e+03 3.651013468851451307e+03 2.032737313352830370e+03 3.206881836389936325e+03 3.218340616036226152e+02 1.083093891337716457e+02 4.203121158390163714e+01 1.369798675709730951e+01
1.333887440688378774e+04 8.822672094547182496e+03 5.625939238896793540e+03 3.440912312682539323e+03 2.107066440462417631e+03 1.129611360250644566e+03 3.218340616036226152e+02 1.013674549346862477e+03 1.431367067374880975e+01 9.615649449871796151e+00 3.443124068918227643e+00
3.260220847806149322e+03 2.075209699717902367e+03 1.361661451970503549e+03 1.021207853830187560e+03 5.385783295866514209e+02 1.312426346406498965e+02 1.083093891337716457e+02 1.431367067374880975e+01 2.118403651946798334e+02 3.650966410208293933e+00 -1.064701804910367366e+00
1.001388321889080999e+03 4.674374255614145568e+02 3.056694176263024474e+02 1.759130518035649970e+02 1.292700931751909366e+02 5.451743827574572521e+01 4.203121158390163714e+01 9.615649449871796151e+00 3.650966410208293933e+00 1.743522734670899155e+01 8.980357765174004081e-01
1.566915567878511979e+02 1.224132566894598142e+02 5.797232700548622120e+01 7.315658258048742368e+01 1.451759146142934753e+01 1.310191060849282785e+01 1.369798675709730951e+01 3.443124068918227643e+00 -1.064701804910367366e+00 8.980357765174004081e-01 2.994106180659540151e+00
