1.070810887397170998e+06 5.732184753581929253e+05 3.371390304418405285e+05 1.761672116145481123e+05 1.000240051776799373e+05 4.741184980143820576e+04 1.801788001731138502e+04 6.154992114766899249e+03 1.436245480064883395e+03 3.959788756936429195e+02
5.732184753581929253e+05 4.751862566702523036e+05 2.172374072709463071e+05 1.162885958310448914e+05 7.093030679263232742e+04 3.160656915376372854e+04 1.192257590925257682e+04 4.628439137411200136e+03 7.824362192240156446e+02 2.348677279881673599e+02
3.371390304418405285e+05 2.172374072709463071e+05 1.891768676743624383e+05 7.183167392894072691e+04 3.988192961883344833e+04 1.681996695784698022e+04 7.627206084535398986e+03 2.731507186323465248e+03 6.647347091961008800e+02 1.330779217297690025e+02
1.761672116145481123e+05 1.162885958310448914e+05 7.183167392894072691e+04 6.546338655259067309e+04 2.271591104506976990e+04 1.028834491289470316e+04 4.179005564470034187e+03 1.510356960949076438e+03 2.833322482680362100e+02 7.158207880637507969e+01
1.000240051776799373e+05 7.093030679263232742e+04 3.988192961883344833e+04 2.271591104506976990e+04 2.334521059585270268e+04 5.716127128802329025e+03 2.224409128335099467e+03 9.263591974601413312e+02 1.840698833107970529e+02 5.649194051799580052e+01
4.741184980143820576e+04 3.160656915376372854e+04 1.681996695784698022e+04 1.028834491289470316e+04 5.716127128802329025e+03 7.559218109612232183e+03 1.170403360894039452e+03 2.627989935700304045e+02 7.588990544613677969e+01 2.526264835076372961e+01
1.801788001731138502e+04 1.192257590925257682e+04 7.627206084535398986e+03 4.179005564470034187e+03 2.224409128335099467e+03 1.170403360894039452e+03 1.864179135343416192e+03 1.964678750464335621e+02 2.101168423834251087e+01 1.013525530309688527e+01
6.154992114766899249e+03 4.628439137411200136e+03 2.731507186323465248e+03 1.510356960949076438e+03 9.263591974601413312e+02 2.627989935700304045e+02 1.964678750464335621e+02 4.531414018788069598e+02 1.467445360579950631e+01 1.303916575074382855e+00
1.436245480064883395e+03 7.824362192240156446e+02 6.647347091961008800e+02 2.833322482680362100e+02 1.840698833107970529e+02 7.588990544613677969e+01 2.101168423834251087e+01 1.467445360579950631e+01 7.727029231658886488e+01 1.074505688933482750e+00
3.959788756936429195e+02 2.348677279881673599e+02 1.330779217297690025e+02 7.158207880637507969e+01 5.649194051799580052e+01 2.526264835076372961e+01 1.013525530309688527e+01 1.303916575074382855e+00 1.074505688933482750e+00 6.931346004342811007e+00
