9.373350807318410370e+05 4.940067921062157839e+05 2.630906780100142350e+05 1.430633894763952121e+05 7.056076470856973901e+04 3.240214359533533934e+04 1.049335621402083962e+04 2.056666460756231118e+03 8.542819461279680127e+02 1.416581821476409289e+02
4.940067921062157839e+05 4.105535235153511749e+05 1.723470827211115975e+05 9.376986522120665177e+04 4.810864033489946451e+04 2.147905021471188957e+04 7.073952532167864774e+03 1.780454037918782660e+03 4.888370459220968200e+02 8.592074594632559581e+01
2.630906780100142350e+05 1.723470827211115975e+05 1.413997102263729030e+05 5.157916347805452824e+04 2.558316796163865729e+04 9.906538614958357357e+03 4.123350767389350040e+03 1.070293959591473822e+03 1.992028689171427516e+02 4.343512392338481476e+01
1.430633894763952121e+05 9.376986522120665177e+04 5.157916347805452824e+04 4.958501137346120231e+04 1.300981371800759734e+04 6.783051605600286166e+03 2.100960218904753219e+03 4.712940403216639993e+02 1.609957658899580224e+02 2.637153265842437477e+01
7.056076470856973901e+04 4.810864033489946451e+04 2.558316796163865729e+04 1.300981371800759734e+04 1.493418699994982489e+04 3.451413212241329802e+03 1.017429869689973771e+03 3.290539879495989339e+02 8.110430165429573890e+01 1.778873954901155585e+01
3.240214359533533934e+04 2.147905021471188957e+04 9.906538614958357357e+03 6.783051605600286166e+03 3.451413212241329802e+03 4.778093999958376116e+03 5.374061806048491690e+02 5.264027621586460981e+01 5.245517032146184988e+01 7.618978846359883761e+00
1.049335621402083962e+04 7.073952532167864774e+03 4.123350767389350040e+03 2.100960218904753219e+03 1.017429869689973771e+03 5.374061806048491690e+02 1.068830308795060091e+03 3.901579745411282119e+01 -3.515115133057962193e-01 3.367453485411120440e+00
2.056666460756231118e+03 1.780454037918782660e+03 1.070293959591473822e+03 4.712940403216639993e+02 3.290539879495989339e+02 5.264027621586460981e+01 3.901579745411282119e+01 1.901695390332301088e+02 2.374932175348571040e+00 1.317055916233625279e+00
8.542819461279680127e+02 4.888370459220968200e+02 1.992028689171427516e+02 1.609957658899580224e+02 8.110430165429573890e+01 5.245517032146184988e+01 -3.515115133057962193e-01 2.374932175348571040e+00 2.527934891972224207e+01 -8.666877061801936399e-02
1.416581821476409289e+02 8.592074594632559581e+01 4.343512392338481476e+01 2.637153265842437477e+01 1.778873954901155585e+01 7.618978846359883761e+00 3.367453485411120440e+00 1.317055916233625279e+00 -8.666877061801936399e-02 2.008228648115608639e+00
