1.872077379605559167e+06 1.114649590098024812e+06 7.461603581482351292e+05 4.994419382892271969e+05 3.404842646895371145e+05 2.094592527448821347e+05 1.282192579838412057e+05 6.576279128833253344e+04 3.404024610812599713e+04 1.214738877378649704e+04 4.223497550943671740e+03 5.835663925918059931e+02 1.332543916424128483e+01
1.114649590098024812e+06 9.932718176783416420e+05 5.341286250589443371e+05 3.387646222556267167e+05 2.413818951979986159e+05 1.475533898230995983e+05 8.758285282301591360e+04 4.455359408090589568e+04 2.283690862090698647e+04 9.214109811159876699e+03 2.509139410464741104e+03 4.862040203584238043e+02 2.480578735527914702e+01
7.461603581482351292e+05 5.341286250589443371e+05 4.738236207123776549e+05 2.364469886068892956e+05 1.722955362456681323e+05 9.831903915810331819e+04 6.141252559542118979e+04 3.105172421981237130e+04 1.563343032540716376e+04 6.255105456857798345e+03 1.960957196089466379e+03 2.528735413850694727e+02 3.521947296464517052e+01
4.994419382892271969e+05 3.387646222556267167e+05 2.364469886068892956e+05 2.187868621214609593e+05 1.097081876984381379e+05 6.877075035712332465e+04 4.114379929611684929e+04 2.022010295610481262e+04 1.085235843919262152e+04 4.225093623263139307e+03 1.168454348750478857e+03 1.239073686145918174e+02 -9.758786156606520379e+00
3.404842646895371145e+05 2.413818951979986159e+05 1.722955362456681323e+05 1.097081876984381379e+05 1.168439682139631186e+05 4.862758240049355663e+04 2.736991086890605948e+04 1.426129440374430123e+04 8.070761248616284320e+03 3.020372746734109569e+03 9.451022629355470599e+02 9.377611145790379510e+01 4.513708204242349531e+00
2.094592527448821347e+05 1.475533898230995983e+05 9.831903915810331819e+04 6.877075035712332465e+04 4.862758240049355663e+04 5.036071497887666192e+04 1.694250374347432080e+04 8.992145955323621820e+03 5.059988465117531632e+03 2.087917494188411638e+03 5.830056104258012510e+02 1.271348072349564120e+02 -5.864683422627655851e+00
1.282192579838412057e+05 8.758285282301591360e+04 6.141252559542118979e+04 4.114379929611684929e+04 2.736991086890605948e+04 1.694250374347432080e+04 2.112511909804158495e+04 5.593500147441305671e+03 3.177948613860917703e+03 1.117744739028977392e+03 2.937635808686321752e+02 4.383904779776315763e+01 -3.462731836964366483e+00
6.576279128833253344e+04 4.455359408090589568e+04 3.105172421981237130e+04 2.022010295610481262e+04 1.426129440374430123e+04 8.992145955323621820e+03 5.593500147441305671e+03 8.012737941415018213e+03 1.360528122977541670e+03 7.157462785452164553e+02 2.118736984003689372e+02 3.550574637811745049e+01 -6.823503280091194334e-01
3.404024610812599713e+04 2.283690862090698647e+04 1.563343032540716376e+04 1.085235843919262152e+04 8.070761248616284320e+03 5.059988465117531632e+03 3.177948613860917703e+03 1.360528122977541670e+03 2.615174298505254683e+03 2.500539443399722472e+02 9.027416408484938870e+01 2.013325622987054686e+01 1.137250546681380925e+00
1.214738877378649704e+04 9.214109811159876699e+03 6.255105456857798345e+03 4.225093623263139307e+03 3.020372746734109569e+03 2.087917494188411638e+03 1.117744739028977392e+03 7.157462785452164553e+02 2.500539443399722472e+02 7.489775238299137072e+02 2.002345272881093763e+01 1.243132494130995358e+00 -2.078423412900491096e-01
4.223497550943671740e+03 2.509139410464741104e+03 1.960957196089466379e+03 1.168454348750478857e+03 9.451022629355470599e+02 5.830056104258012510e+02 2.937635808686321752e+02 2.118736984003689372e+02 9.027416408484938870e+01 2.002345272881093763e+01 1.887914338563347769e+02 3.274497263720646867e+00 -2.941165206934716059e-01
5.835663925918059931e+02 4.862040203584238043e+02 2.528735413850694727e+02 1.239073686145918174e+02 9.377611145790379510e+01 1.271348072349564120e+02 4.383904779776315763e+01 3.550574637811745049e+01 2.013325622987054686e+01 1.243132494130995358e+00 3.274497263720646867e+00 2.205285672159649835e+01 -4.509786650633232363e-02
1.332543916424128483e+01 2.480578735527914702e+01 3.521947296464517052e+01 -9.758786156606520379e+00 4.513708204242349531e+00 -5.864683422627655851e+00 -3.462731836964366483e+00 -6.823503280091194334e-01 1.137250546681380925e+00 -2.078423412900491096e-01 -2.941165206934716059e-01 -4.509786650633232363e-02 1.001956947162426781e+00
