1.573781203449252760e+06 8.602604823456112063e+05 5.473798025037187617e+05 3.227366865118114511e+05 1.906046291061330994e+05 1.100103792787041748e+05 4.269117169538293820e+04 2.399334475770404242e+04 7.500404337735730223e+03 1.708101792320517006e+03 4.379945264131185354e+02
8.602604823456112063e+05 7.119146152106757509e+05 3.628419032659073710e+05 2.146515581643966143e+05 1.271940039674118161e+05 7.246143473374836321e+04 2.900153740630167522e+04 1.534693031957634048e+04 5.283077682098082732e+03 1.298821618845656531e+03 2.570552756159040086e+02
5.473798025037187617e+05 3.628419032659073710e+05 3.029627344731520279e+05 1.367351303339528386e+05 8.168301246682755300e+04 4.617905378513156757e+04 1.856344611098394307e+04 1.072057178497884706e+04 3.068423349466739182e+03 6.710485707157644129e+02 1.561935130438815236e+02
3.227366865118114511e+05 2.146515581643966143e+05 1.367351303339528386e+05 1.191161613825437234e+05 5.027960993850507657e+04 2.729924189449163896e+04 1.056762448921217583e+04 6.881697492907074775e+03 1.971426280872094594e+03 3.661764444497217710e+02 1.211737791323117506e+02
1.906046291061330994e+05 1.271940039674118161e+05 8.168301246682755300e+04 5.027960993850507657e+04 4.843904331326561805e+04 1.732897382992918938e+04 6.527380522684740754e+03 4.039442960451203362e+03 1.343791397351387332e+03 2.682155518844953690e+02 7.510227229250759251e+01
1.100103792787041748e+05 7.246143473374836321e+04 4.617905378513156757e+04 2.729924189449163896e+04 1.732897382992918938e+04 1.865095066479990419e+04 3.612977991952359844e+03 2.163002656137034592e+03 6.024368612740464641e+02 1.945432277831287990e+02 2.441923023488444144e+01
4.269117169538293820e+04 2.900153740630167522e+04 1.856344611098394307e+04 1.056762448921217583e+04 6.527380522684740754e+03 3.612977991952359844e+03 5.155508723540379833e+03 9.335448748610619987e+02 2.351030098465527658e+02 6.396404015952087718e+01 1.978966123201432126e+01
2.399334475770404242e+04 1.534693031957634048e+04 1.072057178497884706e+04 6.881697492907074775e+03 4.039442960451203362e+03 2.163002656137034592e+03 9.335448748610619987e+02 1.695324023238064001e+03 1.101414926413480799e+02 2.749401915455231205e+01 8.149518316271228358e+00
7.500404337735730223e+03 5.283077682098082732e+03 3.068423349466739182e+03 1.971426280872094594e+03 1.343791397351387332e+03 6.024368612740464641e+02 2.351030098465527658e+02 1.101414926413480799e+02 4.190083117491890903e+02 1.937380888378527288e+01 2.330999464071420224e+00
1.708101792320517006e+03 1.298821618845656531e+03 6.710485707157644129e+02 3.661764444497217710e+02 2.682155518844953690e+02 1.945432277831287990e+02 6.396404015952087718e+01 2.749401915455231205e+01 1.937380888378527288e+01 6.777458989842534720e+01 1.573987318981265662e-02
4.379945264131185354e+02 2.570552756159040086e+02 1.561935130438815236e+02 1.211737791323117506e+02 7.510227229250759251e+01 2.441923023488444144e+01 1.978966123201432126e+01 8.149518316271228358e+00 2.330999464071420224e+00 1.573987318981265662e-02 7.929133785944106450e+00
