1.559105920843365602e+06 8.522462785127017414e+05 5.424819124693704071e+05 3.200168325277986005e+05 1.891049198506707908e+05 1.092035763544009824e+05 4.239857374369351601e+04 2.383894749043502816e+04 7.454692698008554544e+03 1.698187428958578039e+03 4.355541683415850684e+02
8.522462785127017414e+05 7.052886947710149689e+05 3.595984438183431048e+05 2.128444867560722632e+05 1.261943456703443517e+05 7.193065279969027324e+04 2.880302274317390402e+04 1.524830875969939916e+04 5.250926497451667274e+03 1.291294363937615344e+03 2.556253300179297128e+02
5.424819124693704071e+05 3.595984438183431048e+05 3.003661119441900519e+05 1.356343912229987036e+05 8.107115439749561483e+04 4.585782540553925355e+04 1.844323082300967144e+04 1.065563802303766533e+04 3.050883155008122685e+03 6.674074588780532622e+02 1.553823592363572459e+02
3.200168325277986005e+05 2.128444867560722632e+05 1.356343912229987036e+05 1.182193032939113036e+05 4.992918802684775437e+04 2.712357969186225819e+04 1.050470268863766614e+04 6.843607288709769819e+03 1.961186208429892304e+03 3.643808094530444350e+02 1.206077911088847969e+02
1.891049198506707908e+05 1.261943456703443517e+05 8.107115439749561483e+04 4.992918802684775437e+04 4.812858108672938397e+04 1.722717884749989025e+04 6.492175049700381351e+03 4.019350500327363079e+03 1.337565451524147420e+03 2.670508386585947846e+02 7.479364272756957632e+01
1.092035763544009824e+05 7.193065279969027324e+04 4.585782540553925355e+04 2.712357969186225819e+04 1.722717884749989025e+04 1.855137504669815462e+04 3.595426555399947574e+03 2.153402773462559708e+03 5.999686237800306117e+02 1.938027446007157835e+02 2.433197678700419431e+01
4.239857374369351601e+04 2.880302274317390402e+04 1.844323082300967144e+04 1.050470268863766614e+04 6.492175049700381351e+03 3.595426555399947574e+03 5.132944933108849909e+03 9.298510541961701392e+02 2.342530015352091368e+02 6.375139121962214972e+01 1.972848596158334189e+01
2.383894749043502816e+04 1.524830875969939916e+04 1.065563802303766533e+04 6.843607288709769819e+03 4.019350500327363079e+03 2.153402773462559708e+03 9.298510541961701392e+02 1.689328132998397450e+03 1.097895595128836845e+02 2.741417115915373515e+01 8.127752066414727139e+00
7.454692698008554544e+03 5.250926497451667274e+03 3.050883155008122685e+03 1.961186208429892304e+03 1.337565451524147420e+03 5.999686237800306117e+02 2.342530015352091368e+02 1.097895595128836845e+02 4.178125773720410621e+02 1.932416276093806218e+01 2.325570271707426251e+00
1.698187428958578039e+03 1.291294363937615344e+03 6.674074588780532622e+02 3.643808094530444350e+02 2.670508386585947846e+02 1.938027446007157835e+02 6.375139121962214972e+01 2.741417115915373515e+01 1.932416276093806218e+01 6.762065575030318598e+01 1.570779868798073339e-02
4.355541683415850684e+02 2.556253300179297128e+02 1.553823592363572459e+02 1.206077911088847969e+02 7.479364272756957632e+01 2.433197678700419431e+01 1.972848596158334189e+01 8.127752066414727139e+00 2.325570271707426251e+00 1.570779868798073339e-02 7.914827629925377472e+00
