1.730500970748652471e+06 9.837812798799751326e+05 6.462618307464035461e+05 3.905941582949543372e+05 2.427126098563371343e+05 1.324188917151093774e+05 7.149928032481600530e+04 3.484893525245966885e+04 1.385043837516876010e+04 3.014307305134737362e+03 1.040975757415722683e+03 2.164530589969865204e+01
9.837812798799751326e+05 8.176062284488155274e+05 4.328528501267377869e+05 2.625754399802422267e+05 1.728208902855079505e+05 8.783344357214012416e+04 5.296938703726670792e+04 2.307272411541051770e+04 9.612006970030271987e+03 2.667321610285160205e+03 8.109437934986912069e+02 1.037230598998719611e+00
6.462618307464035461e+05 4.328528501267377869e+05 3.825258498306897236e+05 1.750051091275399958e+05 1.097378824741434801e+05 6.068540332423477230e+04 3.371665049666526465e+04 1.483588815266118763e+04 6.871056324008664888e+03 1.297911582492727803e+03 4.413445397685291027e+02 1.157918444051171925e+01
3.905941582949543372e+05 2.625754399802422267e+05 1.750051091275399958e+05 1.536511058627609164e+05 6.970288911748224928e+04 3.789878262511748471e+04 1.938094565276438880e+04 1.011487813372622077e+04 4.118148544138466605e+03 8.253718954646521979e+02 2.576526437856103939e+02 -5.618248413613290637e+00
2.427126098563371343e+05 1.728208902855079505e+05 1.097378824741434801e+05 6.970288911748224928e+04 6.895267501860533957e+04 2.400012267454903485e+04 1.303250750791150676e+04 6.716377065070322715e+03 2.647793090396432035e+03 5.797750736932410973e+02 1.975675920489181294e+02 3.646694439145389044e+00
1.324188917151093774e+05 8.783344357214012416e+04 6.068540332423477230e+04 3.789878262511748471e+04 2.400012267454903485e+04 2.587059054204360655e+04 6.923399042844294854e+03 3.384549029130944291e+03 1.493740747976048624e+03 3.493401680844494308e+02 1.197064533929489585e+02 -4.670559581278395100e+00
7.149928032481600530e+04 5.296938703726670792e+04 3.371665049666526465e+04 1.938094565276438880e+04 1.303250750791150676e+04 6.923399042844294854e+03 9.882973005531657691e+03 1.932364690949912529e+03 7.476144882087111228e+02 2.433421199549303253e+02 4.694565123364746739e+01 2.752636928438294994e+00
3.484893525245966885e+04 2.307272411541051770e+04 1.483588815266118763e+04 1.011487813372622077e+04 6.716377065070322715e+03 3.384549029130944291e+03 1.932364690949912529e+03 2.787475821400678797e+03 3.386341186418096072e+02 6.524171498897295862e+01 4.032463140190176887e+01 -1.212250991296011327e+00
1.385043837516876010e+04 9.612006970030271987e+03 6.871056324008664888e+03 4.118148544138466605e+03 2.647793090396432035e+03 1.493740747976048624e+03 7.476144882087111228e+02 3.386341186418096072e+02 8.216065735358534994e+02 2.990932413356429009e+01 1.255497040535190933e+01 6.068086185602760141e-01
3.014307305134737362e+03 2.667321610285160205e+03 1.297911582492727803e+03 8.253718954646521979e+02 5.797750736932410973e+02 3.493401680844494308e+02 2.433421199549303253e+02 6.524171498897295862e+01 2.990932413356429009e+01 1.798642174479135747e+02 6.911446192041176495e+00 -2.983899486693525338e-01
1.040975757415722683e+03 8.109437934986912069e+02 4.413445397685291027e+02 2.576526437856103939e+02 1.975675920489181294e+02 1.197064533929489585e+02 4.694565123364746739e+01 4.032463140190176887e+01 1.255497040535190933e+01 6.911446192041176495e+00 2.299103033528406570e+01 -4.710347485431511799e-02
2.164530589969865204e+01 1.037230598998719611e+00 1.157918444051171925e+01 -5.618248413613290637e+00 3.646694439145389044e+00 -4.670559581278395100e+00 2.752636928438294994e+00 -1.212250991296011327e+00 6.068086185602760141e-01 -2.983899486693525338e-01 -4.710347485431511799e-02 1.002713677479365462e+00
