1.118066616950910771e+06 5.945227736822251463e+05 3.480589542652019300e+05 1.813001943020742910e+05 1.027139688398750295e+05 4.861343398381018778e+04 1.845514601349926306e+04 6.299867275544315817e+03 1.469315963691602065e+03 4.049360702749621055e+02
5.945227736822251463e+05 4.895596327900399338e+05 2.227777439619191864e+05 1.188786128777722042e+05 7.235199679847419611e+04 3.219142263017357982e+04 1.213046095990844697e+04 4.705782708010685383e+03 7.951130496035052602e+02 2.385784460641559974e+02
3.480589542652019300e+05 2.227777439619191864e+05 1.931081854189588921e+05 7.309338106942783634e+04 4.049396543201600434e+04 1.705231763278911239e+04 7.724460401853741132e+03 2.764363319099483761e+03 6.723938822663695873e+02 1.345579403113422359e+02
1.813001943020742910e+05 1.188786128777722042e+05 7.309338106942783634e+04 6.640334307529131183e+04 2.299183933814600459e+04 1.039760230927703742e+04 4.218956341381165657e+03 1.523708138852399998e+03 2.856938007491518761e+02 7.215011689081333657e+01
1.027139688398750295e+05 7.235199679847419611e+04 4.049396543201600434e+04 2.299183933814600459e+04 2.357726546941664128e+04 5.764234585018487451e+03 2.240777996139178413e+03 9.325104006751945462e+02 1.851994218967606116e+02 5.681608522349834800e+01
4.861343398381018778e+04 3.219142263017357982e+04 1.705231763278911239e+04 1.039760230927703742e+04 5.764234585018487451e+03 7.611333901835879260e+03 1.177236863775635129e+03 2.641448176536241590e+02 7.624037638987492471e+01 2.536926122494165270e+01
1.845514601349926306e+04 1.213046095990844697e+04 7.724460401853741132e+03 4.218956341381165657e+03 2.240777996139178413e+03 1.177236863775635129e+03 1.873097268379698562e+03 1.972669544150658965e+02 2.108658643504540819e+01 1.016735602313633002e+01
6.299867275544315817e+03 4.705782708010685383e+03 2.764363319099483761e+03 1.523708138852399998e+03 9.325104006751945462e+02 2.641448176536241590e+02 1.972669544150658965e+02 4.546598869039867168e+02 1.471626020999913997e+01 1.307113344214772432e+00
1.469315963691602065e+03 7.951130496035052602e+02 6.723938822663695873e+02 2.856938007491518761e+02 1.851994218967606116e+02 7.624037638987492471e+01 2.108658643504540819e+01 1.471626020999913997e+01 7.745165408324110956e+01 1.076601014355869523e+00
4.049360702749621055e+02 2.385784460641559974e+02 1.345579403113422359e+02 7.215011689081333657e+01 5.681608522349834800e+01 2.536926122494165270e+01 1.016735602313633002e+01 1.307113344214772432e+00 1.076601014355869523e+00 6.942111229711056986e+00
