4.256601199999999953e+05 1.943540599999999977e+05 9.172907200000001467e+04 3.700729599999999482e+04 1.130704520000000048e+04 2.211660320000000411e+03 2.274954240000000141e+02 8.146634399999999943e+00 0.000000000000000000e+00 0.000000000000000000e+00
1.943540599999999977e+05 1.226367520000000077e+05 4.839577200000000448e+04 1.913675159999999960e+04 5.839104000000000269e+03 1.156453399999999874e+03 1.355837879999999984e+02 6.516700799999999738e+00 0.000000000000000000e+00 0.000000000000000000e+00
9.172907200000001467e+04 4.839577200000000448e+04 3.151072000000000116e+04 9.520890800000001036e+03 2.961122399999999743e+03 5.935974000000001070e+02 6.854850799999999822e+01 3.892694800000000566e+00 0.000000000000000000e+00 0.000000000000000000e+00
3.700729599999999482e+04 1.913675159999999960e+04 9.520890800000001036e+03 6.426764000000000124e+03 1.212195719999999937e+03 2.282420119999999883e+02 2.869876000000000360e+01 1.809583999999999859e+00 0.000000000000000000e+00 0.000000000000000000e+00
1.130704520000000048e+04 5.839104000000000269e+03 2.961122399999999743e+03 1.212195719999999937e+03 9.969058400000000120e+02 8.795428400000000124e+01 1.159785040000000045e+01 8.449091999999999159e-01 0.000000000000000000e+00 0.000000000000000000e+00
2.211660320000000411e+03 1.156453399999999874e+03 5.935974000000001070e+02 2.282420119999999883e+02 8.795428400000000124e+01 1.092539320000000060e+02 3.031099040000000411e+00 4.475616400000000106e-02 0.000000000000000000e+00 0.000000000000000000e+00
2.274954240000000141e+02 1.355837879999999984e+02 6.854850799999999822e+01 2.869876000000000360e+01 1.159785040000000045e+01 3.031099040000000411e+00 7.669210799999999217e+00 -1.504867599999999868e-02 0.000000000000000000e+00 0.000000000000000000e+00
8.146634399999999943e+00 6.516700799999999738e+00 3.892694800000000566e+00 1.809583999999999859e+00 8.449091999999999159e-01 4.475616400000000106e-02 -1.504867599999999868e-02 1.985957600000000101e-01 0.000000000000000000e+00 0.000000000000000000e+00
0.000000000000000000e+00 0.000000000000000000e+00 0.000000000000000000e+00 0.000000000000000000e+00 0.000000000000000000e+00 0.000000000000000000e+00 0.000000000000000000e+00 0.000000000000000000e+00 0.000000000000000000e+00 0.000000000000000000e+00
0.000000000000000000e+00 0.000000000000000000e+00 0.000000000000000000e+00 0.000000000000000000e+00 0.000000000000000000e+00 0.000000000000000000e+00 0.000000000000000000e+00 0.000000000000000000e+00 0.000000000000000000e+00 0.000000000000000000e+00
