1.739741730614035157e+06 9.512087249172825832e+05 6.557225933063088451e+05 4.448240115659860312e+05 2.905782256806467776e+05 1.645116802803637402e+05 9.260030767560380627e+04 5.176941060039956210e+04 1.500001085917443925e+04 5.943131108527615652e+03 1.959991563100308667e+03 2.919714491928779054e+01 5.597622236525906914e+01 0.000000000000000000e+00 0.000000000000000000e+00 0.000000000000000000e+00 0.000000000000000000e+00 0.000000000000000000e+00 0.000000000000000000e+00 0.000000000000000000e+00
9.512087249172825832e+05 7.982271367447896628e+05 4.462501899596580188e+05 2.968213741181741934e+05 1.995703079847013869e+05 1.155993828910556913e+05 6.337680969794199336e+04 3.206120939765255025e+04 1.069495045500037850e+04 4.303267848716212029e+03 1.158609801335739348e+03 1.102388103073741092e+02 4.040282533428332812e+01 0.000000000000000000e+00 0.000000000000000000e+00 0.000000000000000000e+00 0.000000000000000000e+00 0.000000000000000000e+00 0.000000000000000000e+00 0.000000000000000000e+00
6.557225933063088451e+05 4.462501899596580188e+05 4.177840679061230621e+05 2.030372017901418149e+05 1.440444434084079112e+05 8.141481127407620079e+04 4.148904253410857200e+04 2.236050988155166851e+04 8.235072994598765945e+03 2.808154777814720546e+03 9.524185452116558963e+02 1.038661814763744644e+02 1.551774177647676467e+01 0.000000000000000000e+00 0.000000000000000000e+00 0.000000000000000000e+00 0.000000000000000000e+00 0.000000000000000000e+00 0.000000000000000000e+00 0.000000000000000000e+00
4.448240115659860312e+05 2.968213741181741934e+05 2.030372017901418149e+05 1.987126627121587808e+05 9.259652447611380194e+04 5.534916183329727210e+04 3.002824680381875805e+04 1.441962014681493747e+04 5.178885528797290135e+03 1.689365390121390192e+03 6.011301415885326378e+02 8.455988305409458405e+01 1.385519565945460307e+01 0.000000000000000000e+00 0.000000000000000000e+00 0.000000000000000000e+00 0.000000000000000000e+00 0.000000000000000000e+00 0.000000000000000000e+00 0.000000000000000000e+00
2.905782256806467776e+05 1.995703079847013869e+05 1.440444434084079112e+05 9.259652447611380194e+04 9.802308579628686130e+04 3.623500822614291974e+04 1.885962666139718567e+04 9.633624073508342917e+03 3.607889296856501915e+03 1.262027240208441299e+03 3.135330977462044189e+02 4.292143930085472192e+01 3.197813950252832171e+01 0.000000000000000000e+00 0.000000000000000000e+00 0.000000000000000000e+00 0.000000000000000000e+00 0.000000000000000000e+00 0.000000000000000000e+00 0.000000000000000000e+00
1.645116802803637402e+05 1.155993828910556913e+05 8.141481127407620079e+04 5.534916183329727210e+04 3.623500822614291974e+04 3.916726752744402620e+04 1.110429777810358610e+04 6.428036407596347999e+03 2.353164170419768652e+03 8.092505944617091700e+02 2.344805827531424427e+02 1.626429647927214717e+01 1.236002415144728950e+01 0.000000000000000000e+00 0.000000000000000000e+00 0.000000000000000000e+00 0.000000000000000000e+00 0.000000000000000000e+00 0.000000000000000000e+00 0.000000000000000000e+00
9.260030767560380627e+04 6.337680969794199336e+04 4.148904253410857200e+04 3.002824680381875805e+04 1.885962666139718567e+04 1.110429777810358610e+04 1.503049713600588802e+04 2.717675908168546357e+03 1.236919915222908912e+03 4.751254390218052208e+02 1.090870210965560574e+02 2.658120715207260076e+01 -4.521384035051468353e-01 0.000000000000000000e+00 0.000000000000000000e+00 0.000000000000000000e+00 0.000000000000000000e+00 0.000000000000000000e+00 0.000000000000000000e+00 0.000000000000000000e+00
5.176941060039956210e+04 3.206120939765255025e+04 2.236050988155166851e+04 1.441962014681493747e+04 9.633624073508342917e+03 6.428036407596347999e+03 2.717675908168546357e+03 5.333615650072481913e+03 8.181472047773301028e+02 2.535570391126169909e+02 8.268242035553873848e+01 -1.776055724753109022e+00 -3.477018295390996716e-01 0.000000000000000000e+00 0.000000000000000000e+00 0.000000000000000000e+00 0.000000000000000000e+00 0.000000000000000000e+00 0.000000000000000000e+00 0.000000000000000000e+00
1.500001085917443925e+04 1.069495045500037850e+04 8.235072994598765945e+03 5.178885528797290135e+03 3.607889296856501915e+03 2.353164170419768652e+03 1.236919915222908912e+03 8.181472047773301028e+02 1.344890216213629856e+03 1.612428737969178272e+01 2.306918444191622442e+01 4.288692855101544410e+00 -2.102845343985889404e+00 0.000000000000000000e+00 0.000000000000000000e+00 0.000000000000000000e+00 0.000000000000000000e+00 0.000000000000000000e+00 0.000000000000000000e+00 0.000000000000000000e+00
5.943131108527615652e+03 4.303267848716212029e+03 2.808154777814720546e+03 1.689365390121390192e+03 1.262027240208441299e+03 8.092505944617091700e+02 4.751254390218052208e+02 2.535570391126169909e+02 1.612428737969178272e+01 2.971161024650426157e+02 8.984291237055693102e+00 7.538051422409102198e-01 -5.338783720475348549e-01 0.000000000000000000e+00 0.000000000000000000e+00 0.000000000000000000e+00 0.000000000000000000e+00 0.000000000000000000e+00 0.000000000000000000e+00 0.000000000000000000e+00
1.959991563100308667e+03 1.158609801335739348e+03 9.524185452116558963e+02 6.011301415885326378e+02 3.135330977462044189e+02 2.344805827531424427e+02 1.090870210965560574e+02 8.268242035553873848e+01 2.306918444191622442e+01 8.984291237055693102e+00 6.380976124785426862e+01 -1.036241202763670710e+00 8.752000722981445602e-01 0.000000000000000000e+00 0.000000000000000000e+00 0.000000000000000000e+00 0.000000000000000000e+00 0.000000000000000000e+00 0.000000000000000000e+00 0.000000000000000000e+00
2.919714491928779054e+01 1.102388103073741092e+02 1.038661814763744644e+02 8.455988305409458405e+01 4.292143930085472192e+01 1.626429647927214717e+01 2.658120715207260076e+01 -1.776055724753109022e+00 4.288692855101544410e+00 7.538051422409102198e-01 -1.036241202763670710e+00 7.911840491783189933e+00 -1.569612825183214211e-02 0.000000000000000000e+00 0.000000000000000000e+00 0.000000000000000000e+00 0.000000000000000000e+00 0.000000000000000000e+00 0.000000000000000000e+00 0.000000000000000000e+00
5.597622236525906914e+01 4.040282533428332812e+01 1.551774177647676467e+01 1.385519565945460307e+01 3.197813950252832171e+01 1.236002415144728950e+01 -4.521384035051468353e-01 -3.477018295390996716e-01 -2.102845343985889404e+00 -5.338783720475348549e-01 8.752000722981445602e-01 -1.569612825183214211e-02 1.002464504270123236e+00 0.000000000000000000e+00 0.000000000000000000e+00 0.000000000000000000e+00 0.000000000000000000e+00 0.000000000000000000e+00 0.000000000000000000e+00 0.000000000000000000e+00
0.000000000000000000e+00 0.000000000000000000e+00 0.000000000000000000e+00 0.000000000000000000e+00 0.000000000000000000e+00 0.000000000000000000e+00 0.000000000000000000e+00 0.000000000000000000e+00 0.000000000000000000e+00 0.000000000000000000e+00 0.000000000000000000e+00 0.000000000000000000e+00 0.000000000000000000e+00 0.000000000000000000e+00 0.000000000000000000e+00 0.000000000000000000e+00 0.000000000000000000e+00 0.000000000000000000e+00 0.000000000000000000e+00 0.000000000000000000e+00
0.000000000000000000e+00 0.000000000000000000e+00 0.000000000000000000e+00 0.000000000000000000e+00 0.000000000000000000e+00 0.000000000000000000e+00 0.000000000000000000e+00 0.000000000000000000e+00 0.000000000000000000e+00 0.000000000000000000e+00 0.000000000000000000e+00 0.000000000000000000e+00 0.000000000000000000e+00 0.000000000000000000e+00 0.000000000000000000e+00 0.000000000000000000e+00 0.000000000000000000e+00 0.000000000000000000e+00 0.000000000000000000e+00 0.000000000000000000e+00
0.000000000000000000e+00 0.000000000000000000e+00 0.000000000000000000e+00 0.000000000000000000e+00 0.000000000000000000e+00 0.000000000000000000e+00 0.000000000000000000e+00 0.000000000000000000e+00 0.000000000000000000e+00 0.000000000000000000e+00 0.000000000000000000e+00 0.000000000000000000e+00 0.000000000000000000e+00 0.000000000000000000e+00 0.000000000000000000e+00 0.000000000000000000e+00 0.000000000000000000e+00 0.000000000000000000e+00 0.000000000000000000e+00 0.000000000000000000e+00
0.000000000000000000e+00 0.000000000000000000e+00 0.000000000000000000e+00 0.000000000000000000e+00 0.000000000000000000e+00 0.000000000000000000e+00 0.000000000000000000e+00 0.000000000000000000e+00 0.000000000000000000e+00 0.000000000000000000e+00 0.000000000000000000e+00 0.000000000000000000e+00 0.000000000000000000e+00 0.000000000000000000e+00 0.000000000000000000e+00 0.000000000000000000e+00 0.000000000000000000e+00 0.000000000000000000e+00 0.000000000000000000e+00 0.000000000000000000e+00
0.000000000000000000e+00 0.000000000000000000e+00 0.000000000000000000e+00 0.000000000000000000e+00 0.000000000000000000e+00 0.000000000000000000e+00 0.000000000000000000e+00 0.000000000000000000e+00 0.000000000000000000e+00 0.000000000000000000e+00 0.000000000000000000e+00 0.000000000000000000e+00 0.000000000000000000e+00 0.000000000000000000e+00 0.000000000000000000e+00 0.000000000000000000e+00 0.000000000000000000e+00 0.000000000000000000e+00 0.000000000000000000e+00 0.000000000000000000e+00
0.000000000000000000e+00 0.000000000000000000e+00 0.000000000000000000e+00 0.000000000000000000e+00 0.000000000000000000e+00 0.000000000000000000e+00 0.000000000000000000e+00 0.000000000000000000e+00 0.000000000000000000e+00 0.000000000000000000e+00 0.000000000000000000e+00 0.000000000000000000e+00 0.000000000000000000e+00 0.000000000000000000e+00 0.000000000000000000e+00 0.000000000000000000e+00 0.000000000000000000e+00 0.000000000000000000e+00 0.000000000000000000e+00 0.000000000000000000e+00
0.000000000000000000e+00 0.000000000000000000e+00 0.000000000000000000e+00 0.000000000000000000e+00 0.000000000000000000e+00 0.000000000000000000e+00 0.000000000000000000e+00 0.000000000000000000e+00 0.000000000000000000e+00 0.000000000000000000e+00 0.000000000000000000e+00 0.000000000000000000e+00 0.000000000000000000e+00 0.000000000000000000e+00 0.000000000000000000e+00 0.000000000000000000e+00 0.000000000000000000e+00 0.000000000000000000e+00 0.000000000000000000e+00 0.000000000000000000e+00
