2.144776185717619024e+06 1.288770354195422726e+06 8.292988902179964352e+05 5.531398158227794338e+05 3.340846361116474727e+05 1.894410866995019314e+05 1.004136391300633550e+05 5.128742194280948752e+04 1.617333032532127254e+04 5.665177286921975792e+03 7.913803175255727638e+02 -9.409808651120980016e+01 -7.741704724155955830e+01
1.288770354195422726e+06 1.043029058775589918e+06 5.679931296246780548e+05 3.831149135026247241e+05 2.280245601245328144e+05 1.301947149528302689e+05 7.030963607691226935e+04 3.427448302818197408e+04 1.121711946704891307e+04 4.038724005989899524e+03 6.144250704686969584e+02 -5.508980930639702933e+01 -2.313747427865386896e+01
8.292988902179964352e+05 5.679931296246780548e+05 4.717836976767173619e+05 2.509161255321341159e+05 1.506624380674939603e+05 8.291922724291156919e+04 4.787862802849231957e+04 2.290224690305682452e+04 7.592430469464418820e+03 2.705944186815642752e+03 2.895352602750293727e+02 -5.389601720368276006e+01 -4.513720435060425729e+01
5.531398158227794338e+05 3.831149135026247241e+05 2.509161255321341159e+05 2.188365926450351835e+05 9.982757322465995094e+04 5.599792102974908630e+04 2.994463969416830150e+04 1.399036190468747373e+04 4.538231192013598957e+03 1.901000150852380784e+03 2.661135966244370366e+02 -3.439887926784727057e+01 -1.450897058630784997e+01
3.340846361116474727e+05 2.280245601245328144e+05 1.506624380674939603e+05 9.982757322465995094e+04 8.598434063425744534e+04 3.678716488686925004e+04 1.907016056532907896e+04 9.541401224336585074e+03 2.858530316656421746e+03 1.066546238296868069e+03 8.878948780609323421e+01 -8.578212315762696605e+00 -9.271773717210868071e+00
1.894410866995019314e+05 1.301947149528302689e+05 8.291922724291156919e+04 5.599792102974908630e+04 3.678716488686925004e+04 3.631878155763843097e+04 1.085463853235100032e+04 5.909262217294161019e+03 1.782323328881774387e+03 5.010165020322063469e+02 1.168364229455211927e+02 -4.562715145102019143e+00 1.638208618531408478e-01
1.004136391300633550e+05 7.030963607691226935e+04 4.787862802849231957e+04 2.994463969416830150e+04 1.907016056532907896e+04 1.085463853235100032e+04 1.134434181281487145e+04 3.085770106702590965e+03 9.336634746435674970e+02 4.450567483546321910e+02 6.381674699424528363e+00 4.504600833712621544e+00 -4.889501414122828571e+00
5.128742194280948752e+04 3.427448302818197408e+04 2.290224690305682452e+04 1.399036190468747373e+04 9.541401224336585074e+03 5.909262217294161019e+03 3.085770106702590965e+03 4.019650248365748212e+03 5.542692217350933106e+02 1.674249531263686492e+02 2.416617575754803582e+01 2.660317493321349147e+00 -7.933245073041060857e-01
1.617333032532127254e+04 1.121711946704891307e+04 7.592430469464418820e+03 4.538231192013598957e+03 2.858530316656421746e+03 1.782323328881774387e+03 9.336634746435674970e+02 5.542692217350933106e+02 9.843785405773071489e+02 8.615008267203226922e+01 1.275425139280731024e+01 1.581903454935370767e+00 -4.799339311618970871e-01
5.665177286921975792e+03 4.038724005989899524e+03 2.705944186815642752e+03 1.901000150852380784e+03 1.066546238296868069e+03 5.010165020322063469e+02 4.450567483546321910e+02 1.674249531263686492e+02 8.615008267203226922e+01 2.438896670982194337e+02 3.485568754871580577e+00 7.688305863154670794e-01 -4.147668646716927698e-01
7.913803175255727638e+02 6.144250704686969584e+02 2.895352602750293727e+02 2.661135966244370366e+02 8.878948780609323421e+01 1.168364229455211927e+02 6.381674699424528363e+00 2.416617575754803582e+01 1.275425139280731024e+01 3.485568754871580577e+00 2.865700291569140390e+01 -1.650880558417111010e-01 -5.501259122007402802e-02
-9.409808651120980016e+01 -5.508980930639702933e+01 -5.389601720368276006e+01 -3.439887926784727057e+01 -8.578212315762696605e+00 -4.562715145102019143e+00 4.504600833712621544e+00 2.660317493321349147e+00 1.581903454935370767e+00 7.688305863154670794e-01 -1.650880558417111010e-01 2.999986931645799437e+00 -5.892088805065763372e-03
-7.741704724155955830e+01 -2.313747427865386896e+01 -4.513720435060425729e+01 -1.450897058630784997e+01 -9.271773717210868071e+00 1.638208618531408478e-01 -4.889501414122828571e+00 -7.933245073041060857e-01 -4.799339311618970871e-01 -4.147668646716927698e-01 -5.501259122007402802e-02 -5.892088805065763372e-03 1.003313446207532378e+00
