1.306073695443806471e+06 6.713430739003152121e+05 3.987670199526084471e+05 2.204325750627959787e+05 1.057156553567781230e+05 4.682002568403087207e+04 1.596420010781690689e+04 5.323046129518086673e+03 2.054101815067633652e+02 -1.253230663501620370e+02
6.713430739003152121e+05 5.104873979842644185e+05 2.438165216954933421e+05 1.308807722233848035e+05 6.213830342310807464e+04 2.862159825609067411e+04 1.068423170400232993e+04 3.213048673299397251e+03 1.979047388219221091e+02 -6.127366558056451140e+01
3.987670199526084471e+05 2.438165216954933421e+05 1.967979950763600355e+05 8.020410985790996347e+04 3.718304583854582597e+04 1.659750911204732256e+04 5.694424033525757295e+03 1.848841748592981276e+03 1.883484285913017402e+02 -3.049333723161134557e+01
2.204325750627959787e+05 1.308807722233848035e+05 8.020410985790996347e+04 6.299709442566087819e+04 2.167797447888762690e+04 1.010451430261933274e+04 3.301704621511766163e+03 9.942617066517950661e+02 7.441858167514564570e+01 -2.512548550327861818e+01
1.057156553567781230e+05 6.213830342310807464e+04 3.718304583854582597e+04 2.167797447888762690e+04 1.978153515064219027e+04 4.899501426328888556e+03 1.665497171727896784e+03 5.339759703339258294e+02 4.094975675676509752e+01 -4.033249241174444499e+00
4.682002568403087207e+04 2.862159825609067411e+04 1.659750911204732256e+04 1.010451430261933274e+04 4.899501426328888556e+03 5.911085715513667310e+03 9.047752892171283747e+02 2.631753091477062299e+02 3.309064099043538221e+01 6.214342642382065129e+00
1.596420010781690689e+04 1.068423170400232993e+04 5.694424033525757295e+03 3.301704621511766163e+03 1.665497171727896784e+03 9.047752892171283747e+02 1.313835082665247228e+03 9.870579357718878555e+01 1.951161306558868347e+01 5.356576229243483311e+00
5.323046129518086673e+03 3.213048673299397251e+03 1.848841748592981276e+03 9.942617066517950661e+02 5.339759703339258294e+02 2.631753091477062299e+02 9.870579357718878555e+01 2.890282048565823629e+02 9.013080816716804833e+00 3.521686950757258128e+00
2.054101815067633652e+02 1.979047388219221091e+02 1.883484285913017402e+02 7.441858167514564570e+01 4.094975675676509752e+01 3.309064099043538221e+01 1.951161306558868347e+01 9.013080816716804833e+00 4.356687292775328757e+01 1.642260752893246467e+00
-1.253230663501620370e+02 -6.127366558056451140e+01 -3.049333723161134557e+01 -2.512548550327861818e+01 -4.033249241174444499e+00 6.214342642382065129e+00 5.356576229243483311e+00 3.521686950757258128e+00 1.642260752893246467e+00 4.987962245822235907e+00
