1.293894746716534253e+06 6.650913316113726469e+05 3.952044751186909270e+05 2.185804152929990087e+05 1.048871733480174589e+05 4.647850859093562758e+04 1.585545796677053841e+04 5.289009167299162073e+03 2.041653580866124003e+02 -1.246075613525610777e+02
6.650913316113726469e+05 5.057400046378040570e+05 2.416413537839339115e+05 1.297827073076302477e+05 6.165211424735797482e+04 2.841318543818865874e+04 1.061158930759422037e+04 3.192544081149923841e+03 1.967078945020403751e+02 -6.092460948595716985e+01
3.952044751186909270e+05 2.416413537839339115e+05 1.951167909741781768e+05 7.956158931926783407e+04 3.690620512497621530e+04 1.648294487293498969e+04 5.657867666713626932e+03 1.837744719058173359e+03 1.872808810029703466e+02 -3.033120714505097126e+01
2.185804152929990087e+05 1.297827073076302477e+05 7.956158931926783407e+04 6.252593543634397793e+04 2.152811385918420274e+04 1.004014962829117394e+04 3.282268094769745403e+03 9.888240234259602630e+02 7.403646645245339641e+01 -2.500529903291490541e+01
1.048871733480174589e+05 6.165211424735797482e+04 3.690620512497621530e+04 2.152811385918420274e+04 1.965598787316941525e+04 4.871068456292171504e+03 1.656636918752638167e+03 5.313584750814050039e+02 4.076272632081464309e+01 -4.016245512368623594e+00
4.647850859093562758e+04 2.841318543818865874e+04 1.648294487293498969e+04 1.004014962829117394e+04 4.871068456292171504e+03 5.879996435204700902e+03 9.004541998206605058e+02 2.620284822074320914e+02 3.295752101898678887e+01 6.191528111704771575e+00
1.585545796677053841e+04 1.061158930759422037e+04 5.657867666713626932e+03 3.282268094769745403e+03 1.656636918752638167e+03 9.004541998206605058e+02 1.308196078723800838e+03 9.832344696234271453e+01 1.944256789364689553e+01 5.339505458469045784e+00
5.289009167299162073e+03 3.192544081149923841e+03 1.837744719058173359e+03 9.888240234259602630e+02 5.313584750814050039e+02 2.620284822074320914e+02 9.832344696234271453e+01 2.880296115130493604e+02 8.984960595218339563e+00 3.511938931943304532e+00
2.041653580866124003e+02 1.967078945020403751e+02 1.872808810029703466e+02 7.403646645245339641e+01 4.076272632081464309e+01 3.295752101898678887e+01 1.944256789364689553e+01 8.984960595218339563e+00 4.344554994001737924e+01 1.638265629515876620e+00
-1.246075613525610777e+02 -6.092460948595716985e+01 -3.033120714505097126e+01 -2.500529903291490541e+01 -4.016245512368623594e+00 6.191528111704771575e+00 5.339505458469045784e+00 3.511938931943304532e+00 1.638265629515876620e+00 4.977584704427838069e+00
