2.035514643893271685e+06 1.231433174229757395e+06 7.963627698117174441e+05 5.331385543407256482e+05 3.228861046334920684e+05 1.834641170032348018e+05 9.739192898311797762e+04 4.980043281084428600e+04 1.571722608292778932e+04 5.508837726571459825e+03 7.699264632104764132e+02 -9.158004143674261854e+01 -7.536833881609810248e+01
1.231433174229757395e+06 1.003401576924309600e+06 5.491437008896647021e+05 3.717725213368777186e+05 2.218796836102984380e+05 1.269443491408305563e+05 6.865752922208860400e+04 3.350705207164726016e+04 1.097490698948116915e+04 3.953973092934617853e+03 6.018329893039187937e+02 -5.398018543127565749e+01 -2.267834452227132047e+01
7.963627698117174441e+05 5.491437008896647021e+05 4.584061189716383815e+05 2.447041609062326315e+05 1.473348396796803572e+05 8.125307706388644874e+04 4.698720044729960500e+04 2.250131774924174533e+04 7.465602781851906911e+03 2.662397647067758953e+03 2.850185163200121110e+02 -5.307430654753774490e+01 -4.446257482163315444e+01
5.331385543407256482e+05 3.717725213368777186e+05 2.447041609062326315e+05 2.142091561230112275e+05 9.798425220491092477e+04 5.507592241144677973e+04 2.949594194262269593e+04 1.379634716472382206e+04 4.478947553050016722e+03 1.877333986925548061e+03 2.629323263927376502e+02 -3.399986979216433980e+01 -1.434504310262251003e+01
3.228861046334920684e+05 2.218796836102984380e+05 1.473348396796803572e+05 9.798425220491092477e+04 8.462775433610756590e+04 3.628055125401472469e+04 1.883584943378637035e+04 9.434850142270821379e+03 2.828914656423587985e+03 1.056152818042180343e+03 8.796829056261023538e+01 -8.501928224845707760e+00 -9.192121660073039990e+00
1.834641170032348018e+05 1.269443491408305563e+05 8.125307706388644874e+04 5.507592241144677973e+04 3.628055125401472469e+04 3.589160960627341410e+04 1.074311768107460011e+04 5.855179537455665923e+03 1.767452054794505557e+03 4.971451549281674147e+02 1.159917126542849957e+02 -4.531355195483784293e+00 1.627444747837736572e-01
9.739192898311797762e+04 6.865752922208860400e+04 4.698720044729960500e+04 2.949594194262269593e+04 1.883584943378637035e+04 1.074311768107460011e+04 1.124469223080427400e+04 3.062131410342221898e+03 9.272670371207038897e+02 4.422826199348093041e+02 6.345073739760266562e+00 4.480374998563751099e+00 -4.864687252269884077e+00
4.980043281084428600e+04 3.350705207164726016e+04 2.250131774924174533e+04 1.379634716472382206e+04 9.434850142270821379e+03 5.855179537455665923e+03 3.062131410342221898e+03 3.993378824376329248e+03 5.510959287073766291e+02 1.665699503295387274e+02 2.405480983911608206e+01 2.649009463045747470e+00 -7.901930522631196441e-01
1.571722608292778932e+04 1.097490698948116915e+04 7.465602781851906911e+03 4.478947553050016722e+03 2.828914656423587985e+03 1.767452054794505557e+03 9.272670371207038897e+02 5.510959287073766291e+02 9.795413467319859819e+02 8.578006364865335343e+01 1.270583369395801654e+01 1.576464550917051399e+00 -4.784295403280799941e-01
5.508837726571459825e+03 3.953973092934617853e+03 2.662397647067758953e+03 1.877333986925548061e+03 1.056152818042180343e+03 4.971451549281674147e+02 4.422826199348093041e+02 1.665699503295387274e+02 8.578006364865335343e+01 2.429931870665323572e+02 3.474496497792212590e+00 7.666637306076498071e-01 -4.137239057754833471e-01
7.699264632104764132e+02 6.018329893039187937e+02 2.850185163200121110e+02 2.629323263927376502e+02 8.796829056261023538e+01 1.159917126542849957e+02 6.345073739760266562e+00 2.405480983911608206e+01 1.270583369395801654e+01 3.474496497792212590e+00 2.858028270418694916e+01 -1.647052515883441481e-01 -5.490175052944802625e-02
-9.158004143674261854e+01 -5.398018543127565749e+01 -5.307430654753774490e+01 -3.399986979216433980e+01 -8.501928224845707760e+00 -4.531355195483784293e+00 4.480374998563751099e+00 2.649009463045747470e+00 1.576464550917051399e+00 7.666637306076498071e-01 -1.647052515883441481e-01 2.994106180659540151e+00 -5.882330413869433366e-03
-7.536833881609810248e+01 -2.267834452227132047e+01 -4.446257482163315444e+01 -1.434504310262251003e+01 -9.192121660073039990e+00 1.627444747837736572e-01 -4.864687252269884077e+00 -7.901930522631196441e-01 -4.784295403280799941e-01 -4.137239057754833471e-01 -5.490175052944802625e-02 -5.882330413869433366e-03 1.001956947162426559e+00
