1.546176067485144595e+06 8.344467737234574743e+05 5.082708903458821005e+05 2.871672738097643014e+05 1.531064317303537973e+05 7.111017916479580163e+04 2.979865506116657343e+04 1.039995748711667147e+04 2.166232630507553495e+03 -6.515588044992675520e+01 -9.293704100460963957e+01
8.344467737234574743e+05 6.380545714661404490e+05 3.203231524990326143e+05 1.815882122417181672e+05 9.405360665382357547e+04 4.349895492388310231e+04 1.979692224975582576e+04 6.044468437199041546e+03 1.531932919591751443e+03 -9.372312196703981613e+01 -6.504759263080512710e+01
5.082708903458821005e+05 3.203231524990326143e+05 2.473835731808771670e+05 1.084730594641179196e+05 5.812914875219828537e+04 2.672158735036183134e+04 1.136597187813110031e+04 3.743565638231586945e+03 9.271266356004709905e+02 -4.361748277674809060e+01 -1.100287086460951258e+01
2.871672738097643014e+05 1.815882122417181672e+05 1.084730594641179196e+05 9.187390873129753163e+04 3.298384311009023804e+04 1.598217753744734000e+04 6.758420480116062208e+03 1.824565843021032833e+03 5.759775909894271990e+02 -6.623650894952642254e+00 -1.751139596808792120e+01
1.531064317303537973e+05 9.405360665382357547e+04 5.812914875219828537e+04 3.298384311009023804e+04 3.095969707150424438e+04 8.889430246794330742e+03 3.703825637306424142e+03 1.247046842539402633e+03 3.073348362061487933e+02 -2.675656373602973481e+00 -4.123915582169338734e+00
7.111017916479580163e+04 4.349895492388310231e+04 2.672158735036183134e+04 1.598217753744734000e+04 8.889430246794330742e+03 9.589212410376881962e+03 1.673808340681738628e+03 6.399081132803821674e+02 1.496426768476334814e+02 1.007834291592999953e+01 9.644898865931226695e+00
2.979865506116657343e+04 1.979692224975582576e+04 1.136597187813110031e+04 6.758420480116062208e+03 3.703825637306424142e+03 1.673808340681738628e+03 2.638126061227744685e+03 2.728627551444187134e+02 9.536529915730018558e+01 -1.359064227816026538e+00 1.093287347650001795e+00
1.039995748711667147e+04 6.044468437199041546e+03 3.743565638231586945e+03 1.824565843021032833e+03 1.247046842539402633e+03 6.399081132803821674e+02 2.728627551444187134e+02 5.878726509488717511e+02 2.956187654562547706e+01 1.650944623746683215e-01 2.106423067475297284e+00
2.166232630507553495e+03 1.531932919591751443e+03 9.271266356004709905e+02 5.759775909894271990e+02 3.073348362061487933e+02 1.496426768476334814e+02 9.536529915730018558e+01 2.956187654562547706e+01 1.097462175014339607e+02 1.628537566439818063e+00 1.217678215676906817e+00
-6.515588044992675520e+01 -9.372312196703981613e+01 -4.361748277674809060e+01 -6.623650894952642254e+00 -2.675656373602973481e+00 1.007834291592999953e+01 -1.359064227816026538e+00 1.650944623746683215e-01 1.628537566439818063e+00 6.942025538751003033e+00 -5.497337704319139873e-02
-9.293704100460963957e+01 -6.504759263080512710e+01 -1.100287086460951258e+01 -1.751139596808792120e+01 -4.123915582169338734e+00 9.644898865931226695e+00 1.093287347650001795e+00 2.106423067475297284e+00 1.217678215676906817e+00 -5.497337704319139873e-02 3.988555921548457839e+00
