2.368194316903125495e+06 1.365919923897452885e+06 9.863221991951415548e+05 6.640226668249730719e+05 4.438569550821378361e+05 2.670611223455841537e+05 1.602777410932177445e+05 8.970231333367040497e+04 3.694123499833482492e+04 1.565066555351770148e+04 3.885059631359063133e+03 3.434888806339624239e+02 -1.864306585831795360e+01 -5.837036469685156703e+01
1.365919923897452885e+06 1.090081580263578799e+06 6.618483673087076750e+05 4.504970100451424951e+05 2.957041185350816231e+05 1.728638595593569626e+05 1.031494775219160074e+05 5.924702212384405721e+04 2.647513390344021172e+04 1.060788486563656079e+04 2.727526809410198439e+03 3.389555646616231002e+02 5.594488378951088237e+01 -3.068811776914743561e+01
9.863221991951415548e+05 6.618483673087076750e+05 5.913636333195250481e+05 3.235277806074774708e+05 2.139736119270532508e+05 1.256927892279907683e+05 7.847221712540334556e+04 4.422892865760027780e+04 1.885774738914333284e+04 8.173929480969378346e+03 1.806361709705660360e+03 1.428700410920620243e+02 2.114501706105936307e+01 -2.809401005664225437e+01
6.640226668249730719e+05 4.504970100451424951e+05 3.235277806074774708e+05 2.888668447194814216e+05 1.465324702034617076e+05 8.601965880951253348e+04 5.144717356321308034e+04 2.996858523060154039e+04 1.255520289827285887e+04 4.701413367748795281e+03 1.166215141639283502e+03 1.279132356263917529e+02 -2.320775425951887172e+01 -2.763714906116242886e+01
4.438569550821378361e+05 2.957041185350816231e+05 2.139736119270532508e+05 1.465324702034617076e+05 1.298589458220460947e+05 5.619144755113251449e+04 3.479937653425008466e+04 1.938584340593039451e+04 8.387489447420743090e+03 3.343649940065926330e+03 1.083242910374859093e+03 3.465084769130005782e+01 5.725468269499600638e+00 -1.287446049915515545e+01
2.670611223455841537e+05 1.728638595593569626e+05 1.256927892279907683e+05 8.601965880951253348e+04 5.619144755113251449e+04 5.553609319816933566e+04 2.133805553747090744e+04 1.284739785769800619e+04 4.667864476621806716e+03 2.040643165428940847e+03 6.694092010983223417e+02 6.153701923629100179e+01 7.890165861803311032e+00 -5.372528444667258318e-01
1.602777410932177445e+05 1.031494775219160074e+05 7.847221712540334556e+04 5.144717356321308034e+04 3.479937653425008466e+04 2.133805553747090744e+04 2.369923276948292187e+04 7.336044454486840550e+03 3.491394472294539355e+03 1.481159033551500670e+03 2.879126228836482255e+02 3.668221246088988607e+01 -2.501951202699557619e+00 -7.903891299435794160e+00
8.970231333367040497e+04 5.924702212384405721e+04 4.422892865760027780e+04 2.996858523060154039e+04 1.938584340593039451e+04 1.284739785769800619e+04 7.336044454486840550e+03 8.066116168366561396e+03 1.818687152699360922e+03 6.754287858885313653e+02 1.977012036565446351e+02 2.025874594536700357e+01 1.843130196346136174e+00 -1.798032329839263532e+00
3.694123499833482492e+04 2.647513390344021172e+04 1.885774738914333284e+04 1.255520289827285887e+04 8.387489447420743090e+03 4.667864476621806716e+03 3.491394472294539355e+03 1.818687152699360922e+03 2.630068359113211045e+03 2.878341918114523423e+02 9.748982272586388831e+01 8.643104154778690429e+00 8.956828443518565663e+00 -5.215666300297809865e-01
1.565066555351770148e+04 1.060788486563656079e+04 8.173929480969378346e+03 4.701413367748795281e+03 3.343649940065926330e+03 2.040643165428940847e+03 1.481159033551500670e+03 6.754287858885313653e+02 2.878341918114523423e+02 7.263266301829066833e+02 4.108219561046274748e+01 6.447034133600918260e+00 1.490190371513542722e+00 -1.294112691051250985e-01
3.885059631359063133e+03 2.727526809410198439e+03 1.806361709705660360e+03 1.166215141639283502e+03 1.083242910374859093e+03 6.694092010983223417e+02 2.879126228836482255e+02 1.977012036565446351e+02 9.748982272586388831e+01 4.108219561046274748e+01 1.658660314566809575e+02 2.196070021177918274e-01 8.470555795971991264e-01 -2.901949670842253193e-01
3.434888806339624239e+02 3.389555646616231002e+02 1.428700410920620243e+02 1.279132356263917529e+02 3.465084769130005782e+01 6.153701923629100179e+01 3.668221246088988607e+01 2.025874594536700357e+01 8.643104154778690429e+00 6.447034133600918260e+00 2.196070021177918274e-01 1.929404375749173539e+01 -1.568621443698514917e-01 -3.921553609246289374e-02
-1.864306585831795360e+01 5.594488378951088237e+01 2.114501706105936307e+01 -2.320775425951887172e+01 5.725468269499600638e+00 7.890165861803311032e+00 -2.501951202699557619e+00 1.843130196346136174e+00 8.956828443518565663e+00 1.490190371513542722e+00 8.470555795971991264e-01 -1.568621443698514917e-01 3.984298466994228072e+00 -7.843107218492576665e-03
-5.837036469685156703e+01 -3.068811776914743561e+01 -2.809401005664225437e+01 -2.763714906116242886e+01 -1.287446049915515545e+01 -5.372528444667258318e-01 -7.903891299435794160e+00 -1.798032329839263532e+00 -5.215666300297809865e-01 -1.294112691051250985e-01 -2.901949670842253193e-01 -3.921553609246289374e-02 -7.843107218492576665e-03 1.001956947162426559e+00
