2.234627991161082871e+06 1.315973438704635948e+06 9.115203052683921997e+05 6.107555590549742337e+05 3.813620532396592898e+05 2.348222536525095638e+05 1.324420653413540858e+05 7.337380527800929849e+04 2.937601299014461620e+04 9.990393112771358574e+03 2.099568429961512265e+03 2.533951080150405346e+02 -5.574880610905194089e+01 -4.100376453828565104e+01
1.315973438704635948e+06 1.063395762853248045e+06 6.172930595087960828e+05 4.293328342339331284e+05 2.678928485721129109e+05 1.573757580891601974e+05 8.702014909562972025e+04 5.000698888254845951e+04 1.953252127557737549e+04 6.986157559139266596e+03 1.875239877298235797e+03 5.862330490460026056e+01 1.470582603460357518e+00 -3.565084386164959085e+01
9.115203052683921997e+05 6.172930595087960828e+05 5.457436021461004857e+05 2.924760171721020015e+05 1.826826847017179243e+05 1.079375709498605574e+05 6.562943689706912846e+04 3.598278964924188767e+04 1.363785365405261473e+04 4.959524143979004293e+03 1.275046097403083195e+03 6.115858931299874257e+01 -1.675875934911353937e+01 -3.871553800728288053e+01
6.107555590549742337e+05 4.293328342339331284e+05 2.924760171721020015e+05 2.572847558641298965e+05 1.245891228664049413e+05 7.414663369089123444e+04 4.156671924510019016e+04 2.409397047345817919e+04 8.741017505294286821e+03 3.044968730971381319e+03 8.037930001799783213e+02 7.337226802899532174e+01 -1.235289386912568332e+01 -2.018031487318089034e+01
3.813620532396592898e+05 2.678928485721129109e+05 1.826826847017179243e+05 1.245891228664049413e+05 1.106147842264634382e+05 4.603070999268298328e+04 2.731006403927619976e+04 1.466606540262899944e+04 5.500606385545217563e+03 2.226309121058716300e+03 5.431351748805954003e+02 1.125485885853654722e+00 -7.321540588462607246e+00 -4.113709736099239400e+00
2.348222536525095638e+05 1.573757580891601974e+05 1.079375709498605574e+05 7.414663369089123444e+04 4.603070999268298328e+04 4.748201423860748764e+04 1.717853029055461229e+04 9.788252710429000217e+03 3.655358550250547978e+03 1.283924494774403001e+03 3.055360848035900290e+02 2.501166891977230478e+01 3.058811815212649776e-01 -7.929381397895746808e+00
1.324420653413540858e+05 8.702014909562972025e+04 6.562943689706912846e+04 4.156671924510019016e+04 2.731006403927619976e+04 1.717853029055461229e+04 1.806444650564300537e+04 5.535819976179684090e+03 2.163528969328380299e+03 8.556771152071311235e+02 1.123368246904724970e+02 1.866071284959914323e+01 5.313705140526536752e-01 -5.511743597795568661e+00
7.337380527800929849e+04 5.000698888254845951e+04 3.598278964924188767e+04 2.409397047345817919e+04 1.466606540262899944e+04 9.788252710429000217e+03 5.535819976179684090e+03 6.085104147119487607e+03 1.185524871611245089e+03 4.249179805530666840e+02 1.688699415213642112e+02 9.547022261710356617e+00 4.186258477870169692e+00 -9.470551966329925353e-01
2.937601299014461620e+04 1.953252127557737549e+04 1.363785365405261473e+04 8.741017505294286821e+03 5.500606385545217563e+03 3.655358550250547978e+03 2.163528969328380299e+03 1.185524871611245089e+03 1.868259511873785641e+03 1.691052347379149126e+02 3.334889189303001444e+01 3.458810283355518322e+00 5.168607656986515586e+00 -1.623523194227898481e+00
9.990393112771358574e+03 6.986157559139266596e+03 4.959524143979004293e+03 3.044968730971381319e+03 2.226309121058716300e+03 1.283924494774403001e+03 8.556771152071311235e+02 4.249179805530666840e+02 1.691052347379149126e+02 4.591335357937365416e+02 2.949792624875021119e+01 -1.915678938116737839e+00 6.999973192504302943e-01 2.333324397501433944e-01
2.099568429961512265e+03 1.875239877298235797e+03 1.275046097403083195e+03 8.037930001799783213e+02 5.431351748805954003e+02 3.055360848035900290e+02 1.123368246904724970e+02 1.688699415213642112e+02 3.334889189303001444e+01 2.949792624875021119e+01 9.785060565791337694e+01 1.388229977673186566e+00 4.627433258910620961e-01 -1.803914660253292668e-01
2.533951080150405346e+02 5.862330490460026056e+01 6.115858931299874257e+01 7.337226802899532174e+01 1.125485885853654722e+00 2.501166891977230478e+01 1.866071284959914323e+01 9.547022261710356617e+00 3.458810283355518322e+00 -1.915678938116737839e+00 1.388229977673186566e+00 8.876436594528975377e+00 -5.294097372482486907e-02 -1.764699124160830010e-02
-5.574880610905194089e+01 1.470582603460357518e+00 -1.675875934911353937e+01 -1.235289386912568332e+01 -7.321540588462607246e+00 3.058811815212649776e-01 5.313705140526536752e-01 4.186258477870169692e+00 5.168607656986515586e+00 6.999973192504302943e-01 4.627433258910620961e-01 -5.294097372482486907e-02 2.994106180659540151e+00 -5.882330413869433366e-03
-4.100376453828565104e+01 -3.565084386164959085e+01 -3.871553800728288053e+01 -2.018031487318089034e+01 -4.113709736099239400e+00 -7.929381397895746808e+00 -5.511743597795568661e+00 -9.470551966329925353e-01 -1.623523194227898481e+00 2.333324397501433944e-01 -1.803914660253292668e-01 -1.764699124160830010e-02 -5.882330413869433366e-03 1.001956947162426559e+00
