1.762634023306547431e+06 9.798175295599503443e+05 6.198300689675691538e+05 3.660989542998066172e+05 2.163628708531330049e+05 9.824586927263144753e+04 5.207482740507989365e+04 1.848527171323786024e+04 5.144124529042360336e+03 1.729807943833941692e+02 -1.397981136260746950e+02 -9.649728942613513993e+01
9.798175295599503443e+05 7.687809341178491013e+05 4.003778252590184566e+05 2.436115571004839148e+05 1.372505965245208354e+05 6.367396754970894835e+04 3.424803670935279661e+04 1.222175248950108835e+04 3.301421781583846951e+03 -2.130007057008893767e+01 -1.253320785392642307e+02 -2.587796293456002061e+01
6.198300689675691538e+05 4.003778252590184566e+05 3.233180877205203869e+05 1.491943763694477966e+05 8.588990200368981459e+04 3.986955619637070777e+04 2.038119206357428629e+04 7.407814304676119718e+03 2.129758935461296005e+03 1.808872056157209727e+02 -6.232079447509531889e+01 -1.733192939998975035e+01
3.660989542998066172e+05 2.436115571004839148e+05 1.491943763694477966e+05 1.272345291576140735e+05 5.246555529800010845e+04 2.477806522499280982e+04 1.388956921000226066e+04 4.087916400372708267e+03 1.402899859305593736e+03 -7.839254189165016840e+01 -7.001279675817417392e+00 -8.074741439091912554e+00
2.163628708531330049e+05 1.372505965245208354e+05 8.588990200368981459e+04 5.246555529800010845e+04 5.020420719319175987e+04 1.367437203638231586e+04 7.905720590284038735e+03 2.721606378678197416e+03 9.195192416482711906e+02 3.120677578913519667e+01 -1.854756187978800952e+01 -1.036921038752114121e+01
9.824586927263144753e+04 6.367396754970894835e+04 3.986955619637070777e+04 2.477806522499280982e+04 1.367437203638231586e+04 1.414778303072248127e+04 3.727773508808360020e+03 1.256555720492021237e+03 3.089297020671164660e+02 1.265342989346211233e+01 7.383122755231453560e+00 -1.143413147957756726e+00
5.207482740507989365e+04 3.424803670935279661e+04 2.038119206357428629e+04 1.388956921000226066e+04 7.905720590284038735e+03 3.727773508808360020e+03 4.936486825332354783e+03 7.054364726723838430e+02 2.363986099479294865e+02 2.431751917685340203e+01 -3.028126774926969578e+00 1.407668457002394069e+00
1.848527171323786024e+04 1.222175248950108835e+04 7.407814304676119718e+03 4.087916400372708267e+03 2.721606378678197416e+03 1.256555720492021237e+03 7.054364726723838430e+02 1.302387651188238578e+03 7.775225623070279823e+01 1.706746826355498570e+01 -9.510157569846519054e-01 2.223938647970228999e+00
5.144124529042360336e+03 3.301421781583846951e+03 2.129758935461296005e+03 1.402899859305593736e+03 9.195192416482711906e+02 3.089297020671164660e+02 2.363986099479294865e+02 7.775225623070279823e+01 2.464181579887089981e+02 6.826439677537758932e+00 1.003583263110998658e+00 -4.025505229216060354e-01
1.729807943833941692e+02 -2.130007057008893767e+01 1.808872056157209727e+02 -7.839254189165016840e+01 3.120677578913519667e+01 1.265342989346211233e+01 2.431751917685340203e+01 1.706746826355498570e+01 6.826439677537758932e+00 3.707483686813569079e+01 -3.239494659623708972e-01 9.402922613022284271e-01
-1.397981136260746950e+02 -1.253320785392642307e+02 -6.232079447509531889e+01 -7.001279675817417392e+00 -1.854756187978800952e+01 7.383122755231453560e+00 -3.028126774926969578e+00 -9.510157569846519054e-01 1.003583263110998658e+00 -3.239494659623708972e-01 6.985771466130075602e+00 -9.812742772666808305e-03
-9.649728942613513993e+01 -2.587796293456002061e+01 -1.733192939998975035e+01 -8.074741439091912554e+00 -1.036921038752114121e+01 -1.143413147957756726e+00 1.407668457002394069e+00 2.223938647970228999e+00 -4.025505229216060354e-01 9.402922613022284271e-01 -9.812742772666808305e-03 1.002709973443256297e+00
