1.083305594656344969e+06 5.367030875619779108e+05 3.037242093846556381e+05 1.528051908955549297e+05 7.337895393006286758e+04 2.781703142180138093e+04 8.412294940322221009e+03 2.263943920250026167e+03 7.788252851068877192e+01 -2.623210411411531950e+01
5.367030875619779108e+05 3.885273648364654509e+05 1.771229029494244314e+05 8.758874902100437612e+04 4.231933494942303514e+04 1.611108590710166209e+04 5.137859748382514226e+03 1.250057991281356863e+03 -5.740943768681185944e+00 -5.758346019259244741e+01
3.037242093846556381e+05 1.771229029494244314e+05 1.317905201637077262e+05 4.931475534546861309e+04 2.479449102097273499e+04 8.745904746644240731e+03 2.497909715060432518e+03 4.547787640369463702e+02 3.079526087415178992e+01 -7.868529510175195973e+00
1.528051908955549297e+05 8.758874902100437612e+04 4.931475534546861309e+04 4.269951934551628801e+04 1.380301716294756807e+04 5.474577801919084777e+03 1.460380982021011050e+03 4.889605708612414219e+02 2.053936234728876897e+01 -6.814932798280116444e+00
7.337895393006286758e+04 4.231933494942303514e+04 2.479449102097273499e+04 1.380301716294756807e+04 1.254344081717916924e+04 2.800752952228571303e+03 6.777551846879363211e+02 1.952031528694847395e+02 1.927797593763914108e+01 4.055530451592192165e+00
2.781703142180138093e+04 1.611108590710166209e+04 8.745904746644240731e+03 5.474577801919084777e+03 2.800752952228571303e+03 3.160808279783912440e+03 3.345388719484878379e+02 8.301407723063711330e+01 1.645479892656331344e+01 -1.707508358795082115e+00
8.412294940322221009e+03 5.137859748382514226e+03 2.497909715060432518e+03 1.460380982021011050e+03 6.777551846879363211e+02 3.345388719484878379e+02 6.659010170351483566e+02 4.280416352311869588e+01 8.688554747960143487e+00 7.474543579663640358e+00
2.263943920250026167e+03 1.250057991281356863e+03 4.547787640369463702e+02 4.889605708612414219e+02 1.952031528694847395e+02 8.301407723063711330e+01 4.280416352311869588e+01 1.181774676577330609e+02 1.546399083306969624e+00 1.340276108715736103e-01
7.788252851068877192e+01 -5.740943768681185944e+00 3.079526087415178992e+01 2.053936234728876897e+01 1.927797593763914108e+01 1.645479892656331344e+01 8.688554747960143487e+00 1.546399083306969624e+00 1.766041415166942130e+01 -1.260528562137208930e-01
-2.623210411411531950e+01 -5.758346019259244741e+01 -7.868529510175195973e+00 -6.814932798280116444e+00 4.055530451592192165e+00 -1.707508358795082115e+00 7.474543579663640358e+00 1.340276108715736103e-01 -1.260528562137208930e-01 3.999228906583146337e+00
