2.354577459690136835e+06 1.377246926754231798e+06 9.492061978188594803e+05 6.336607710079199169e+05 3.945829911795979133e+05 2.424698104428478982e+05 1.365499887206152198e+05 7.556456354959840246e+04 3.022855996917415905e+04 1.027394139607054058e+04 2.158170115544824966e+03 2.603874700328835843e+02 -5.726983238113706420e+01 -4.211487685539848513e+01
1.377246926754231798e+06 1.105392603661854984e+06 6.384730233989785193e+05 4.424257918204516172e+05 2.753080715400801273e+05 1.614035924575099489e+05 8.911329199714346032e+04 5.115225462128061190e+04 1.996364569954645413e+04 7.135917543857141027e+03 1.914561894623495846e+03 5.983414568095744102e+01 1.500502438276076766e+00 -3.636960286837460643e+01
9.492061978188594803e+05 6.384730233989785193e+05 5.616546266940954374e+05 2.998928578486742917e+05 1.868033838080788264e+05 1.101482322244728130e+05 6.687301006254606182e+04 3.662338103064875031e+04 1.386938177460527004e+04 5.040585494257122264e+03 1.295292935550078255e+03 6.211060864453016706e+01 -1.701447979813096367e+01 -3.929918762760929241e+01
6.336607710079199169e+05 4.424257918204516172e+05 2.998928578486742917e+05 2.628361475262511522e+05 1.269295256323214853e+05 7.538613967701389629e+04 4.219812139524325175e+04 2.443245763197946508e+04 8.856624708781970185e+03 3.083322760266984915e+03 8.135448600320961532e+02 7.423956947538276552e+01 -1.249512761809700656e+01 -2.040898411079715657e+01
3.945829911795979133e+05 2.753080715400801273e+05 1.868033838080788264e+05 1.269295256323214853e+05 1.123847013621967053e+05 4.667230293212690594e+04 2.764913686433690600e+04 1.483145944701768531e+04 5.558125025031702535e+03 2.248190497735738518e+03 5.482223111977103827e+02 1.135677560091067573e+00 -7.385602859996628133e+00 -4.148953663798008229e+00
2.424698104428478982e+05 1.614035924575099489e+05 1.101482322244728130e+05 7.538613967701389629e+04 4.667230293212690594e+04 4.804610969615769864e+04 1.735650998127367347e+04 9.878544991772283538e+03 3.686084301863842484e+03 1.293911772708147510e+03 3.077717990981360572e+02 2.518692798390290477e+01 3.079312559462099586e-01 -7.981082227057778589e+00
1.365499887206152198e+05 8.911329199714346032e+04 6.687301006254606182e+04 4.219812139524325175e+04 2.764913686433690600e+04 1.735650998127367347e+04 1.822419524173038371e+04 5.578495282503816270e+03 2.178438471380898591e+03 8.610381611367070036e+02 1.129888948441943626e+02 1.876324986281557727e+01 5.341285208957095021e-01 -5.539349746453647860e+00
7.556456354959840246e+04 5.115225462128061190e+04 3.662338103064875031e+04 2.443245763197946508e+04 1.483145944701768531e+04 9.878544991772283538e+03 5.578495282503816270e+03 6.125119113830363858e+03 1.192352494147095967e+03 4.270994409597122399e+02 1.696591869004430464e+02 9.588687801602489458e+00 4.203255293659348801e+00 -9.507284352019711449e-01
3.022855996917415905e+04 1.996364569954645413e+04 1.386938177460527004e+04 8.856624708781970185e+03 5.558125025031702535e+03 3.686084301863842484e+03 2.178438471380898591e+03 1.192352494147095967e+03 1.877494479127308978e+03 1.698354778451432878e+02 3.347756854333334786e+01 3.471086660829723947e+00 5.185382132491882068e+00 -1.628497743403747755e+00
1.027394139607054058e+04 7.135917543857141027e+03 5.040585494257122264e+03 3.083322760266984915e+03 2.248190497735738518e+03 1.293911772708147510e+03 8.610381611367070036e+02 4.270994409597122399e+02 1.698354778451432878e+02 4.608295084671583481e+02 2.959333325398374015e+01 -1.921282994866871263e+00 7.018325016624837875e-01 2.339018652146997446e-01
2.158170115544824966e+03 1.914561894623495846e+03 1.295292935550078255e+03 8.135448600320961532e+02 5.482223111977103827e+02 3.077717990981360572e+02 1.129888948441943626e+02 1.696591869004430464e+02 3.347756854333334786e+01 2.959333325398374015e+01 9.812214908296648730e+01 1.391653662744058995e+00 4.637441000685986192e-01 -1.807489092318103618e-01
2.603874700328835843e+02 5.983414568095744102e+01 6.211060864453016706e+01 7.423956947538276552e+01 1.135677560091067573e+00 2.518692798390290477e+01 1.876324986281557727e+01 9.588687801602489458e+00 3.471086660829723947e+00 -1.921282994866871263e+00 1.391653662744058995e+00 8.895587151104226820e+00 -5.303912779501512159e-02 -1.767651240321295447e-02
-5.726983238113706420e+01 1.500502438276076766e+00 -1.701447979813096367e+01 -1.249512761809700656e+01 -7.385602859996628133e+00 3.079312559462099586e-01 5.341285208957095021e-01 4.203255293659348801e+00 5.185382132491882068e+00 7.018325016624837875e-01 4.637441000685986192e-01 -5.303912779501512159e-02 2.998749107462225449e+00 -5.890386779578366330e-03
-4.211487685539848513e+01 -3.636960286837460643e+01 -3.929918762760929241e+01 -2.040898411079715657e+01 -4.148953663798008229e+00 -7.981082227057778589e+00 -5.539349746453647860e+00 -9.507284352019711449e-01 -1.628497743403747755e+00 2.339018652146997446e-01 -1.807489092318103618e-01 -1.767651240321295447e-02 -5.890386779578366330e-03 1.003147791848269188e+00
