2.002797556927103782e+06 1.122199730901112314e+06 7.387564717858813237e+05 4.686433363677806337e+05 2.750934668370782165e+05 1.441583487965729146e+05 7.560880913703267288e+04 3.058987408252930982e+04 9.839562364509933104e+03 1.240237207729302554e+03 2.732109469224728286e+02 -8.634775863030426990e+01 -6.158208140001330122e+01
1.122199730901112314e+06 8.830482749641378177e+05 4.884707200038604205e+05 3.009515965151402634e+05 1.738356342015569389e+05 9.758378341534158972e+04 5.050476232158226776e+04 2.088339215562204845e+04 7.098639686662437271e+03 1.014280056609087296e+03 2.476655906591036569e+02 -4.707847594970475313e+01 -4.502232029221590182e+01
7.387564717858813237e+05 4.884707200038604205e+05 4.029473200224541361e+05 2.036035675131244061e+05 1.179437869804949587e+05 6.156809798142293585e+04 3.310752702805398440e+04 1.293048757552180723e+04 4.225044075075416913e+03 7.932672036089967378e+02 1.187498912163558771e+02 -4.199867368250874478e+01 -3.893418329098739861e+01
4.686433363677806337e+05 3.009515965151402634e+05 2.036035675131244061e+05 1.672179840920850111e+05 7.476830731789406855e+04 3.925530097903239221e+04 1.941468740628640080e+04 8.266709649211112264e+03 2.438656937743085564e+03 5.726747130731707784e+02 2.235646247624181626e+01 -6.719030870052414173e+00 -1.179562585302575073e+01
2.750934668370782165e+05 1.738356342015569389e+05 1.179437869804949587e+05 7.476830731789406855e+04 6.616234337273356505e+04 2.402688967846158994e+04 1.251974643952073529e+04 4.845115403648252141e+03 1.872995747243970527e+03 3.158550978559934492e+02 3.741033040034390211e+01 -1.130429732595887593e+01 -8.264248769444403564e+00
1.441583487965729146e+05 9.758378341534158972e+04 6.156809798142293585e+04 3.925530097903239221e+04 2.402688967846158994e+04 2.349201981524733128e+04 6.820184653791042365e+03 3.062493443809186829e+03 8.469919469130855987e+02 1.062756433404192791e+02 1.743868432653930967e+01 -2.935842266984379112e+00 -2.935379987698648385e+00
7.560880913703267288e+04 5.050476232158226776e+04 3.310752702805398440e+04 1.941468740628640080e+04 1.251974643952073529e+04 6.820184653791042365e+03 7.911405228333279410e+03 1.474809722968844198e+03 5.731600202606318817e+02 7.869580846453219181e+01 7.184578918633179434e+00 -3.016151345944871331e-01 -3.015676421148827391e-01
3.058987408252930982e+04 2.088339215562204845e+04 1.293048757552180723e+04 8.266709649211112264e+03 4.845115403648252141e+03 3.062493443809186829e+03 1.474809722968844198e+03 2.044042381415339378e+03 3.131039543435693417e+02 4.365977531284970325e+01 1.276929249028424529e+01 2.067600640746056317e+00 -1.964895738189015306e+00
9.839562364509933104e+03 7.098639686662437271e+03 4.225044075075416913e+03 2.438656937743085564e+03 1.872995747243970527e+03 8.469919469130855987e+02 5.731600202606318817e+02 3.131039543435693417e+02 5.986891115991310244e+02 9.712473543207250870e+00 2.978070423777959164e+00 1.158859755377919409e+00 1.514739399222769789e-01
1.240237207729302554e+03 1.014280056609087296e+03 7.932672036089967378e+02 5.726747130731707784e+02 3.158550978559934492e+02 1.062756433404192791e+02 7.869580846453219181e+01 4.365977531284970325e+01 9.712473543207250870e+00 9.292519417169351925e+01 3.894921686790132398e+00 8.415828165999770238e-01 -1.651444515042803096e-01
2.732109469224728286e+02 2.476655906591036569e+02 1.187498912163558771e+02 2.235646247624181626e+01 3.741033040034390211e+01 1.743868432653930967e+01 7.184578918633179434e+00 1.276929249028424529e+01 2.978070423777959164e+00 3.894921686790132398e+00 1.275459556777962078e+01 -2.554969366399266126e-02 -2.554567059563151235e-02
-8.634775863030426990e+01 -4.707847594970475313e+01 -4.199867368250874478e+01 -6.719030870052414173e+00 -1.130429732595887593e+01 -2.935842266984379112e+00 -3.016151345944871331e-01 2.067600640746056317e+00 1.158859755377919409e+00 8.415828165999770238e-01 -2.554969366399266126e-02 1.003882297667780144e+00 -1.964235275590901168e-03
-6.158208140001330122e+01 -4.502232029221590182e+01 -3.893418329098739861e+01 -1.179562585302575073e+01 -8.264248769444403564e+00 -2.935379987698648385e+00 -3.015676421148827391e-01 -1.964895738189015306e+00 1.514739399222769789e-01 -1.651444515042803096e-01 -2.554567059563151235e-02 -1.964235275590901168e-03 1.003566178876198700e+00
