1.037564026485862996e+05 3.220721783387797041e+04 1.245240721351412139e+04 3.285226634395610745e+03 6.663503892831607800e+02 1.589013522466709389e+02 4.674491902221560480e+01
3.220721783387797041e+04 2.681385613565994572e+04 6.047612133838064437e+03 1.525992195189159702e+03 2.873871346999957268e+02 1.225858050482313075e+02 1.941561191937784869e+01
1.245240721351412139e+04 6.047612133838064437e+03 6.055686612719517143e+03 6.614209963962910024e+02 1.314191045530579913e+02 3.731358259197763516e+01 1.263524572899119747e+01
3.285226634395610745e+03 1.525992195189159702e+03 6.614209963962910024e+02 1.077029208681033197e+03 4.989784812404971603e+01 1.291563681205260394e+01 4.372532274309650191e+00
6.663503892831607800e+02 2.873871346999957268e+02 1.314191045530579913e+02 4.989784812404971603e+01 1.886110423903094215e+02 1.145093653899913910e+00 1.286269583832782892e+00
1.589013522466709389e+02 1.225858050482313075e+02 3.731358259197763516e+01 1.291563681205260394e+01 1.145093653899913910e+00 3.300183439861212520e+01 -1.294112691051275132e-01
4.674491902221560480e+01 1.941561191937784869e+01 1.263524572899119747e+01 4.372532274309650191e+00 1.286269583832782892e+00 -1.294112691051275132e-01 1.999992340715606831e+00
