1.484543302943943534e+06 8.139005144128908869e+05 5.258568253644907381e+05 3.265619572229201440e+05 1.796044259021705657e+05 1.011526086986499140e+05 4.608765879420019337e+04 2.120441291202191496e+04 6.165607760387236340e+03 1.489468805649667047e+03 1.097250699863454315e+01
8.139005144128908869e+05 6.614760844206449110e+05 3.499441774809313938e+05 2.212821937416093424e+05 1.222250299592865049e+05 6.521837180463993718e+04 2.939220312422179995e+04 1.457607555118115124e+04 4.133274367055948460e+03 7.163188253721106094e+02 -2.086070442435419636e+01
5.258568253644907381e+05 3.499441774809313938e+05 3.010279216761407442e+05 1.470407349236565060e+05 7.738202522201910324e+04 4.542450447110467940e+04 1.882611221617471165e+04 9.180635429551377456e+03 2.437206352610417525e+03 5.147431267496531291e+02 1.464033608939874966e+02
3.265619572229201440e+05 2.212821937416093424e+05 1.470407349236565060e+05 1.316724349554496875e+05 5.190134633369216317e+04 2.779689942976603561e+04 1.246219737209957020e+04 6.045974885206598628e+03 1.645189777919121298e+03 3.646966425526911735e+02 5.851154062676219070e+01
1.796044259021705657e+05 1.222250299592865049e+05 7.738202522201910324e+04 5.190134633369216317e+04 4.943187343798187794e+04 1.689569215804071428e+04 6.454006655917812168e+03 3.547053082670322055e+03 8.761221349489089789e+02 2.116697776126716235e+02 1.876855557385220052e+01
1.011526086986499140e+05 6.521837180463993718e+04 4.542450447110467940e+04 2.779689942976603561e+04 1.689569215804071428e+04 1.752080937189938777e+04 3.760846381562387251e+03 2.070401874992722242e+03 4.965118240202662605e+02 1.089642885865142574e+02 5.089980507121074993e+01
4.608765879420019337e+04 2.939220312422179995e+04 1.882611221617471165e+04 1.246219737209957020e+04 6.454006655917812168e+03 3.760846381562387251e+03 5.704038939801595916e+03 7.415442189635898558e+02 3.420026118159720454e+02 6.912130391657359496e+01 -3.452927952941249767e+00
2.120441291202191496e+04 1.457607555118115124e+04 9.180635429551377456e+03 6.045974885206598628e+03 3.547053082670322055e+03 2.070401874992722242e+03 7.415442189635898558e+02 1.594109581381755333e+03 6.538406332696172285e+01 1.335681159309245380e+01 9.980353935530994480e-01
6.165607760387236340e+03 4.133274367055948460e+03 2.437206352610417525e+03 1.645189777919121298e+03 8.761221349489089789e+02 4.965118240202662605e+02 3.420026118159720454e+02 6.538406332696172285e+01 3.347359729780466751e+02 5.035274834272018829e+00 3.494104265838505974e+00
1.489468805649667047e+03 7.163188253721106094e+02 5.147431267496531291e+02 3.646966425526911735e+02 2.116697776126716235e+02 1.089642885865142574e+02 6.912130391657359496e+01 1.335681159309245380e+01 5.035274834272018829e+00 5.041549320047028004e+01 -7.764676146307649685e-01
1.097250699863454315e+01 -2.086070442435419636e+01 1.464033608939874966e+02 5.851154062676219070e+01 1.876855557385220052e+01 5.089980507121074993e+01 -3.452927952941249767e+00 9.980353935530994480e-01 3.494104265838505974e+00 -7.764676146307649685e-01 8.876436594528971824e+00
