1.746792524109742139e+06 1.042243432094734628e+06 7.115419613129833015e+05 4.673654630918499315e+05 3.164111764890711056e+05 1.897875496494319523e+05 1.075418665829268866e+05 6.249925868850292318e+04 2.678640722117564292e+04 1.102189112327227485e+04 3.775411031667436873e+03 8.442202963378638287e+02
1.042243432094734628e+06 9.203949614775890950e+05 5.052072652295029256e+05 3.282260724185243016e+05 2.264013682545500924e+05 1.349317146303947666e+05 7.683605868543314864e+04 4.274772648695252428e+04 2.006455061063633184e+04 7.663241240650586406e+03 2.388230069584602461e+03 6.488994757219514895e+02
7.115419613129833015e+05 5.052072652295029256e+05 4.356091788251176476e+05 2.307557398141013400e+05 1.565786552594302048e+05 9.484869166402722476e+04 5.312036911623064952e+04 2.953121239578418317e+04 1.299646787504616441e+04 4.888522455106874077e+03 1.566248903764876786e+03 2.648225152323943234e+02
4.673654630918499315e+05 3.282260724185243016e+05 2.307557398141013400e+05 2.175071964338335092e+05 1.061860521673822514e+05 6.055688377419595781e+04 3.562557729175248824e+04 1.970331277836636218e+04 8.268642843739093223e+03 3.182909379176656330e+03 1.090911508457746550e+03 2.498225726770317578e+02
3.164111764890711056e+05 2.264013682545500924e+05 1.565786552594302048e+05 1.061860521673822514e+05 1.078749672680420044e+05 4.323433246656154370e+04 2.429851870971562312e+04 1.403323253204373395e+04 6.357559966452201479e+03 2.657440803305667941e+03 7.198835176029299419e+02 1.776071629627593325e+02
1.897875496494319523e+05 1.349317146303947666e+05 9.484869166402722476e+04 6.055688377419595781e+04 4.323433246656154370e+04 4.564849773094753618e+04 1.489655079446062700e+04 9.255823376902773816e+03 3.849648002267626907e+03 1.459676762880192655e+03 4.253336652356907734e+02 8.457614669062903090e+01
1.075418665829268866e+05 7.683605868543314864e+04 5.312036911623064952e+04 3.562557729175248824e+04 2.429851870971562312e+04 1.489655079446062700e+04 1.697636635889022000e+04 4.396438065111353353e+03 2.190799453127063771e+03 8.179341224949204161e+02 2.674381914897629713e+02 9.301140850410072858e+01
6.249925868850292318e+04 4.274772648695252428e+04 2.953121239578418317e+04 1.970331277836636218e+04 1.403323253204373395e+04 9.255823376902773816e+03 4.396438065111353353e+03 6.754232957134430762e+03 1.284010768953833349e+03 4.485316156111409782e+02 1.666974008218364816e+02 5.738017241049004724e+01
2.678640722117564292e+04 2.006455061063633184e+04 1.299646787504616441e+04 8.268642843739093223e+03 6.357559966452201479e+03 3.849648002267626907e+03 2.190799453127063771e+03 1.284010768953833349e+03 2.104211549434973222e+03 2.311520559434131314e+02 7.968596933988553133e+01 2.836067570206970956e+01
1.102189112327227485e+04 7.663241240650586406e+03 4.888522455106874077e+03 3.182909379176656330e+03 2.657440803305667941e+03 1.459676762880192655e+03 8.179341224949204161e+02 4.485316156111409782e+02 2.311520559434131314e+02 5.715978109765175077e+02 9.870550434472873391e+00 -1.231367833303335768e+00
3.775411031667436873e+03 2.388230069584602461e+03 1.566248903764876786e+03 1.090911508457746550e+03 7.198835176029299419e+02 4.253336652356907734e+02 2.674381914897629713e+02 1.666974008218364816e+02 7.968596933988553133e+01 9.870550434472873391e+00 1.242799162074287409e+02 1.321563566315997917e+00
8.442202963378638287e+02 6.488994757219514895e+02 2.648225152323943234e+02 2.498225726770317578e+02 1.776071629627593325e+02 8.457614669062903090e+01 9.301140850410072858e+01 5.738017241049004724e+01 2.836067570206970956e+01 -1.231367833303335768e+00 1.321563566315997917e+00 2.113717395383749675e+01
