1.353375501757148653e+06 7.284765567753280047e+05 4.676973499522528728e+05 2.840740840405842173e+05 1.388346180237523513e+05 7.921922109146682487e+04 3.283883248815210391e+04 1.076579204071945787e+04 2.957545438919885783e+03 4.319837950892890035e+02 2.535747712754548466e+00
7.284765567753280047e+05 5.840075862509931903e+05 2.950547243724740692e+05 1.889509450050971063e+05 8.329442714654869633e+04 4.919497077877889387e+04 2.118998792795831832e+04 6.651901309464110454e+03 1.734438349586662525e+03 2.836989100122362402e+02 3.953766516760676808e+01
4.676973499522528728e+05 2.950547243724740692e+05 2.589292018649230304e+05 1.150722021869924502e+05 5.667837138366925501e+04 3.247700258588418365e+04 1.343997099783068734e+04 4.762889395632176274e+03 1.048259042320291655e+03 1.343227330202898315e+02 5.439038391508721304e+01
2.840740840405842173e+05 1.889509450050971063e+05 1.150722021869924502e+05 1.077906984593572124e+05 3.561108371187400189e+04 1.937553974490283144e+04 9.106304128655623572e+03 2.925005713462371659e+03 7.551930136094440513e+02 1.069465690425822828e+02 -1.203164342555132649e+01
1.388346180237523513e+05 8.329442714654869633e+04 5.667837138366925501e+04 3.561108371187400189e+04 3.445735007481023058e+04 9.610497660000512042e+03 4.393265897352664069e+03 1.496603742715748467e+03 3.826946491338278520e+02 8.017392956797002057e+01 3.448093445734679108e+01
7.921922109146682487e+04 4.919497077877889387e+04 3.247700258588418365e+04 1.937553974490283144e+04 9.610497660000512042e+03 1.167504770955967615e+04 2.629659481134980524e+03 8.278985171653622501e+02 1.792961285260037414e+02 5.894839424314380238e+01 4.808861195691349621e+00
3.283883248815210391e+04 2.118998792795831832e+04 1.343997099783068734e+04 9.106304128655623572e+03 4.393265897352664069e+03 2.629659481134980524e+03 3.381141868756054009e+03 3.709656813838298604e+02 5.277819646606250359e+01 1.509758379425598918e+01 6.089929699608128466e+00
1.076579204071945787e+04 6.651901309464110454e+03 4.762889395632176274e+03 2.925005713462371659e+03 1.496603742715748467e+03 8.278985171653622501e+02 3.709656813838298604e+02 7.686770087488131367e+02 3.798704097578899308e+01 7.665282048048925212e+00 -2.120232896525346522e+00
2.957545438919885783e+03 1.734438349586662525e+03 1.048259042320291655e+03 7.551930136094440513e+02 3.826946491338278520e+02 1.792961285260037414e+02 5.277819646606250359e+01 3.798704097578899308e+01 1.456860276129724241e+02 -7.465104201650839544e-01 1.394470135237091679e-01
4.319837950892890035e+02 2.836989100122362402e+02 1.343227330202898315e+02 1.069465690425822828e+02 8.017392956797002057e+01 5.894839424314380238e+01 1.509758379425598918e+01 7.665282048048925212e+00 -7.465104201650839544e-01 2.133534659174516435e+01 -1.178039322006976392e-01
2.535747712754548466e+00 3.953766516760676808e+01 5.439038391508721304e+01 -1.203164342555132649e+01 3.448093445734679108e+01 4.808861195691349621e+00 6.089929699608128466e+00 -2.120232896525346522e+00 1.394470135237091679e-01 -1.178039322006976392e-01 2.997410091054145465e+00
