1.979698991919534281e+06 1.129985601098254323e+06 8.104546353894405765e+05 5.356924857175075449e+05 3.729944392037168727e+05 2.265519610677254968e+05 1.487009894251193327e+05 7.983545266112867102e+04 4.116019147732271813e+04 1.678143028585470165e+04 6.634721445891309486e+03 1.688790746041947614e+03 3.935506352200669085e+02
1.129985601098254323e+06 9.780576730918438407e+05 5.520293325259613339e+05 3.675084666919063311e+05 2.524219920850705530e+05 1.525114440232964116e+05 1.010371370965812821e+05 5.461359651727760502e+04 2.918711309044249356e+04 1.217198445822858776e+04 4.188676038841607806e+03 1.279767439508347252e+03 3.102894556409335109e+02
8.104546353894405765e+05 5.520293325259613339e+05 5.005176001458232640e+05 2.579939315310767852e+05 1.825197137364340888e+05 1.126086508657194790e+05 6.979426965165069851e+04 3.986416430271366698e+04 1.962963489095703335e+04 8.178979921729887792e+03 3.364992539187203874e+03 6.544980652818303497e+02 1.951101605331445796e+02
5.356924857175075449e+05 3.675084666919063311e+05 2.579939315310767852e+05 2.493915309115595592e+05 1.224508408314641711e+05 7.579723949528213416e+04 4.750744689177764667e+04 2.633907058406636497e+04 1.361247743887085016e+04 5.505344056381414703e+03 1.852842002894685720e+03 5.127887114992868192e+02 9.198024167223678660e+01
3.729944392037168727e+05 2.524219920850705530e+05 1.825197137364340888e+05 1.224508408314641711e+05 1.288398699467483239e+05 5.280626326026763854e+04 3.381388276733591192e+04 1.864920281367697316e+04 9.094535564654588597e+03 4.234460575150690602e+03 1.525013604505506692e+03 3.650985078299208908e+02 8.693770992063474523e+01
2.265519610677254968e+05 1.525114440232964116e+05 1.126086508657194790e+05 7.579723949528213416e+04 5.280626326026763854e+04 5.478083716549866222e+04 2.095729503727107658e+04 1.135247816223842165e+04 6.115863852823265916e+03 2.744637743079822485e+03 8.846641500096308164e+02 2.174557061794359925e+02 3.815509586650795626e+01
1.487009894251193327e+05 1.010371370965812821e+05 6.979426965165069851e+04 4.750744689177764667e+04 3.381388276733591192e+04 2.095729503727107658e+04 2.519747762168420741e+04 7.152413611345589743e+03 3.926155433532920597e+03 1.598476444098879256e+03 5.102217847764329690e+02 2.159987650882962384e+02 5.054755254006187926e+01
7.983545266112867102e+04 5.461359651727760502e+04 3.986416430271366698e+04 2.633907058406636497e+04 1.864920281367697316e+04 1.135247816223842165e+04 7.152413611345589743e+03 1.056520723044019178e+04 1.971311831910750243e+03 9.664947106232586975e+02 3.187059303577295282e+02 9.095149491719934076e+01 2.899419656951526747e+01
4.116019147732271813e+04 2.918711309044249356e+04 1.962963489095703335e+04 1.361247743887085016e+04 9.094535564654588597e+03 6.115863852823265916e+03 3.926155433532920597e+03 1.971311831910750243e+03 3.676121649799501938e+03 3.586534251441027550e+02 2.275601719634258870e+02 4.195260848415888688e+01 1.456665358134147148e+01
1.678143028585470165e+04 1.217198445822858776e+04 8.178979921729887792e+03 5.505344056381414703e+03 4.234460575150690602e+03 2.744637743079822485e+03 1.598476444098879256e+03 9.664947106232586975e+02 3.586534251441027550e+02 1.057600933051082393e+03 8.090871759937220986e+01 -1.236854808521095705e+01 6.369161957424783083e+00
6.634721445891309486e+03 4.188676038841607806e+03 3.364992539187203874e+03 1.852842002894685720e+03 1.525013604505506692e+03 8.846641500096308164e+02 5.102217847764329690e+02 3.187059303577295282e+02 2.275601719634258870e+02 8.090871759937220986e+01 2.568301544617928585e+02 4.723733750229251349e+00 2.717799679951409697e+00
1.688790746041947614e+03 1.279767439508347252e+03 6.544980652818303497e+02 5.127887114992868192e+02 3.650985078299208908e+02 2.174557061794359925e+02 2.159987650882962384e+02 9.095149491719934076e+01 4.195260848415888688e+01 -1.236854808521095705e+01 4.723733750229251349e+00 4.592848852223493594e+01 -5.630884820888552023e-01
3.935506352200669085e+02 3.102894556409335109e+02 1.951101605331445796e+02 9.198024167223678660e+01 8.693770992063474523e+01 3.815509586650795626e+01 5.054755254006187926e+01 2.899419656951526747e+01 1.456665358134147148e+01 6.369161957424783083e+00 2.717799679951409697e+00 -5.630884820888552023e-01 6.934936910165873769e+00
