1.998182386302928673e+06 1.143791540109428344e+06 8.255317334351117024e+05 5.827559580704107648e+05 3.948772438265694072e+05 2.679651929055777728e+05 1.712174738305394130e+05 1.023827249100605404e+05 5.339696704540676001e+04 2.425630092476027858e+04 1.048312268868649699e+04 3.921207554224729392e+03 1.167694636076692177e+03 1.147270675371299689e+02
1.143791540109428344e+06 9.687767875105955172e+05 5.564109385759824654e+05 3.901346630753435311e+05 2.669755182816801826e+05 1.724051288952964824e+05 1.130813371699998679e+05 6.627467504060857755e+04 3.378723449779432121e+04 1.628450987311215795e+04 7.514756364992369527e+03 2.868952806170579606e+03 8.415362725125206680e+02 6.908741316089655982e+01
8.255317334351117024e+05 5.564109385759824654e+05 5.341408323772526346e+05 2.839048739635078819e+05 1.970538465004162863e+05 1.327192756695494463e+05 7.987418478482824867e+04 5.073877731590645271e+04 2.551906684466391016e+04 1.125632885223722769e+04 5.197211588565905004e+03 1.981137370633001865e+03 4.762981698283917353e+02 2.817460591563443728e+01
5.827559580704107648e+05 3.901346630753435311e+05 2.839048739635078819e+05 2.738660463782213046e+05 1.343608496389914653e+05 9.161842810390841623e+04 5.821596402453727205e+04 3.475022268719060958e+04 1.793155231783114868e+04 8.169916086048670877e+03 3.716466465567830710e+03 1.363575044149551104e+03 4.318127401674194630e+02 3.576013626338537676e+01
3.948772438265694072e+05 2.669755182816801826e+05 1.970538465004162863e+05 1.343608496389914653e+05 1.405285199637882470e+05 6.274692938395189412e+04 3.888257872882576339e+04 2.326009401605867606e+04 1.190859199414759496e+04 6.009851899581491125e+03 2.675234937788180105e+03 9.359857682817881823e+02 2.581207196371107671e+02 -1.300566634846579639e+00
2.679651929055777728e+05 1.724051288952964824e+05 1.327192756695494463e+05 9.161842810390841623e+04 6.274692938395189412e+04 7.342923058200787636e+04 2.730476283109065480e+04 1.607444918089900239e+04 8.692821892900934472e+03 4.457692936181234472e+03 1.633376058143059254e+03 6.533792683025902761e+02 1.739732514008052817e+02 8.854306888496433103e+00
1.712174738305394130e+05 1.130813371699998679e+05 7.987418478482824867e+04 5.821596402453727205e+04 3.888257872882576339e+04 2.730476283109065480e+04 3.253760443289921386e+04 1.019067410020666830e+04 5.568365883706625937e+03 2.363557133415263706e+03 9.882237165939825445e+02 3.737680926212494228e+02 1.303294043758773171e+02 1.633037514366282394e+01
1.023827249100605404e+05 6.627467504060857755e+04 5.073877731590645271e+04 3.475022268719060958e+04 2.326009401605867606e+04 1.607444918089900239e+04 1.019067410020666830e+04 1.343104265714657231e+04 3.639322914169712931e+03 1.643062415800948884e+03 6.815565466190189454e+02 2.149875226654212383e+02 7.653972840075226713e+01 9.609053736614766805e+00
5.339696704540676001e+04 3.378723449779432121e+04 2.551906684466391016e+04 1.793155231783114868e+04 1.190859199414759496e+04 8.692821892900934472e+03 5.568365883706625937e+03 3.639322914169712931e+03 5.160633140277373059e+03 8.502671609833349748e+02 2.310722384696937581e+02 1.379796895945714539e+02 3.228246421143661138e+01 3.482863399630301338e+00
2.425630092476027858e+04 1.628450987311215795e+04 1.125632885223722769e+04 8.169916086048670877e+03 6.009851899581491125e+03 4.457692936181234472e+03 2.363557133415263706e+03 1.643062415800948884e+03 8.502671609833349748e+02 1.687521114411666076e+03 1.519138712623548315e+02 7.634339500548698254e+01 6.724391865870064322e+00 2.712342257152363434e+00
1.048312268868649699e+04 7.514756364992369527e+03 5.197211588565905004e+03 3.716466465567830710e+03 2.675234937788180105e+03 1.633376058143059254e+03 9.882237165939825445e+02 6.815565466190189454e+02 2.310722384696937581e+02 1.519138712623548315e+02 5.339429313681705480e+02 2.356585349581865430e+01 1.525105016214659948e+01 -1.718865343915008559e+00
3.921207554224729392e+03 2.868952806170579606e+03 1.981137370633001865e+03 1.363575044149551104e+03 9.359857682817881823e+02 6.533792683025902761e+02 3.737680926212494228e+02 2.149875226654212383e+02 1.379796895945714539e+02 7.634339500548698254e+01 2.356585349581865430e+01 1.150007457838016336e+02 7.063187246118221019e-01 -3.923729015848472224e-01
1.167694636076692177e+03 8.415362725125206680e+02 4.762981698283917353e+02 4.318127401674194630e+02 2.581207196371107671e+02 1.739732514008052817e+02 1.303294043758773171e+02 7.653972840075226713e+01 3.228246421143661138e+01 6.724391865870064322e+00 1.525105016214659948e+01 7.063187246118221019e-01 2.315697800050976340e+01 -8.631298779160001544e-02
1.147270675371299689e+02 6.908741316089655982e+01 2.817460591563443728e+01 3.576013626338537676e+01 -1.300566634846579639e+00 8.854306888496433103e+00 1.633037514366282394e+01 9.609053736614766805e+00 3.482863399630301338e+00 2.712342257152363434e+00 -1.718865343915008559e+00 -3.923729015848472224e-01 -8.631298779160001544e-02 2.000757424558488928e+00
