1.715453081794611644e+06 9.612310583102500532e+05 6.182890035183982691e+05 3.986657645551651367e+05 2.360822929705784773e+05 1.294896979146787344e+05 7.366043119251730968e+04 2.906083057667680987e+04 1.171497951069028932e+04 3.749014809137122029e+03 7.255220888219289463e+02 -3.389186459268183427e+01
9.612310583102500532e+05 8.034576088601732627e+05 4.118490789174631936e+05 2.702024152711695642e+05 1.643118598734468396e+05 9.027891513399602263e+04 4.755651330339387641e+04 2.009152144162905461e+04 7.364300058263252140e+03 1.891490244871657524e+03 3.359437093212706031e+02 -4.096516894470722292e+01
6.182890035183982691e+05 4.118490789174631936e+05 3.582624655752547551e+05 1.841938947736827540e+05 1.048774672587272653e+05 5.878765765316686884e+04 3.006286861506342757e+04 1.300195058678927671e+04 4.099314579252381009e+03 1.314613427121054201e+03 2.890060502719761075e+02 1.819431848977812294e+01
3.986657645551651367e+05 2.702024152711695642e+05 1.841938947736827540e+05 1.698344243390431220e+05 7.311228141140473599e+04 3.884277691244868038e+04 1.966650528833764110e+04 9.674275747442625288e+03 3.570552619390225573e+03 9.614662124662505676e+02 2.203371091247583990e+02 -4.805655257341720166e+00
2.360822929705784773e+05 1.643118598734468396e+05 1.048774672587272653e+05 7.311228141140473599e+04 6.931288776019957731e+04 2.551787064082701909e+04 1.288646267177743721e+04 5.958349605433233592e+03 2.034018783405381782e+03 5.916646625712263585e+02 8.608042046013844129e+01 9.102132048558338184e-02
1.294896979146787344e+05 9.027891513399602263e+04 5.878765765316686884e+04 3.884277691244868038e+04 2.551787064082701909e+04 2.471208991150644215e+04 5.836141376170245167e+03 3.514408388868942438e+03 9.076317457955229884e+02 2.954816560984961029e+02 7.163864268074964059e+01 4.028415174091860784e+00
7.366043119251730968e+04 4.755651330339387641e+04 3.006286861506342757e+04 1.966650528833764110e+04 1.288646267177743721e+04 5.836141376170245167e+03 8.908414493913905972e+03 1.465172433291853622e+03 6.053662781256970220e+02 2.054196899387681583e+02 5.392590436570139900e+01 8.675612558070490421e-02
2.906083057667680987e+04 2.009152144162905461e+04 1.300195058678927671e+04 9.674275747442625288e+03 5.958349605433233592e+03 3.514408388868942438e+03 1.465172433291853622e+03 2.601218666419390502e+03 2.837890994057102034e+02 5.894875543812519680e+01 1.816987680559206453e+01 -3.348181631695106852e-01
1.171497951069028932e+04 7.364300058263252140e+03 4.099314579252381009e+03 3.570552619390225573e+03 2.034018783405381782e+03 9.076317457955229884e+02 6.053662781256970220e+02 2.837890994057102034e+02 6.512531811800001833e+02 1.110714021742103874e+01 2.310913837167659857e+00 1.755338282436772035e+00
3.749014809137122029e+03 1.891490244871657524e+03 1.314613427121054201e+03 9.614662124662505676e+02 5.916646625712263585e+02 2.954816560984961029e+02 2.054196899387681583e+02 5.894875543812519680e+01 1.110714021742103874e+01 1.309683323424276864e+02 3.942281367118551483e+00 1.526131426165555416e+00
7.255220888219289463e+02 3.359437093212706031e+02 2.890060502719761075e+02 2.203371091247583990e+02 8.608042046013844129e+01 7.163864268074964059e+01 5.392590436570139900e+01 1.816987680559206453e+01 2.310913837167659857e+00 3.942281367118551483e+00 2.027417508395046752e+01 -8.256044216692408344e-02
-3.389186459268183427e+01 -4.096516894470722292e+01 1.819431848977812294e+01 -4.805655257341720166e+00 9.102132048558338184e-02 4.028415174091860784e+00 8.675612558070490421e-02 -3.348181631695106852e-01 1.755338282436772035e+00 1.526131426165555416e+00 -8.256044216692408344e-02 2.004486822864993467e+00
