1.699448890997105278e+06 9.522788056245774496e+05 6.127648159509794787e+05 3.953155590808638372e+05 2.342325921048754826e+05 1.285448191667299398e+05 7.315845096157921944e+04 2.887481039027671068e+04 1.164406396574301834e+04 3.727368481657384564e+03 7.215049671952901917e+02 -3.370915201144406126e+01
9.522788056245774496e+05 7.959876904939959059e+05 4.081759924089799169e+05 2.679361128598779324e+05 1.630271293511335971e+05 8.962161207143378851e+04 4.723319356941009028e+04 1.996323888604557578e+04 7.319839941049385743e+03 1.880599595622990591e+03 3.340890635970474705e+02 -4.074498621311359159e+01
6.127648159509794787e+05 4.081759924089799169e+05 3.552030148443465587e+05 1.827187987561821938e+05 1.040972208963218000e+05 5.838194385322928429e+04 2.986989513153400912e+04 1.292387248281558459e+04 4.076123470931083830e+03 1.307543875671841533e+03 2.875203942993292685e+02 1.810344355283561768e+01
3.953155590808638372e+05 2.679361128598779324e+05 1.827187987561821938e+05 1.685646065496839001e+05 7.260724324663856532e+04 3.859538099647862691e+04 1.955073727554164725e+04 9.621333806219186954e+03 3.552255446610245144e+03 9.568082284835618339e+02 2.193219179768471463e+02 -4.784214902817603310e+00
2.342325921048754826e+05 1.630271293511335971e+05 1.040972208963218000e+05 7.260724324663856532e+04 6.887356274204963120e+04 2.536988143497828787e+04 1.281795110654024393e+04 5.929140564202800306e+03 2.024755812824434997e+03 5.891358488674620730e+02 8.573293897372322192e+01 9.066718721694760896e-02
1.285448191667299398e+05 8.962161207143378851e+04 5.838194385322928429e+04 3.859538099647862691e+04 2.536988143497828787e+04 2.458209719879328986e+04 5.808261279392890174e+03 3.499076533097932952e+03 9.039883278322554361e+02 2.943783001878442178e+02 7.138815058611089626e+01 4.014918042115756869e+00
7.315845096157921944e+04 4.723319356941009028e+04 2.986989513153400912e+04 1.955073727554164725e+04 1.281795110654024393e+04 5.808261279392890174e+03 8.870163825974024803e+03 1.459489040678381116e+03 6.032290596673864229e+02 2.047520330302017157e+02 5.376344682835210165e+01 8.650744680635202855e-02
2.887481039027671068e+04 1.996323888604557578e+04 1.292387248281558459e+04 9.621333806219186954e+03 5.929140564202800306e+03 3.499076533097932952e+03 1.459489040678381116e+03 2.592207931715537143e+03 2.829049938794346417e+02 5.878163582211751503e+01 1.812268424003632106e+01 -3.339975100831244492e-01
1.164406396574301834e+04 7.319839941049385743e+03 4.076123470931083830e+03 3.552255446610245144e+03 2.024755812824434997e+03 9.039883278322554361e+02 6.032290596673864229e+02 2.829049938794346417e+02 6.494514523274616522e+02 1.107952680397211154e+01 2.305718183563288726e+00 1.751648553884984860e+00
3.727368481657384564e+03 1.880599595622990591e+03 1.307543875671841533e+03 9.568082284835618339e+02 5.891358488674620730e+02 2.943783001878442178e+02 2.047520330302017157e+02 5.878163582211751503e+01 1.107952680397211154e+01 1.306794743765008207e+02 3.934524122325104845e+00 1.523351796993056340e+00
7.215049671952901917e+02 3.340890635970474705e+02 2.875203942993292685e+02 2.193219179768471463e+02 8.573293897372322192e+01 7.138815058611089626e+01 5.376344682835210165e+01 1.812268424003632106e+01 2.305718183563288726e+00 3.934524122325104845e+00 2.023910488688353482e+01 -8.242971485103160745e-02
-3.370915201144406126e+01 -4.074498621311359159e+01 1.810344355283561768e+01 -4.784214902817603310e+00 9.066718721694760896e-02 4.014918042115756869e+00 8.650744680635202855e-02 -3.339975100831244492e-01 1.751648553884984860e+00 1.523351796993056340e+00 -8.242971485103160745e-02 2.001606357322905261e+00
