2.118921373101609293e+06 1.217925988740730565e+06 8.679332269702411722e+05 6.081160452382735675e+05 4.298383158237245516e+05 2.913013577094606590e+05 1.927591340648678597e+05 1.155690144353513751e+05 6.672247881956381025e+04 3.100694352725077988e+04 1.541044054671181766e+04 5.192222492818289538e+03 2.382388137225852915e+03 1.828867120169451823e+02
1.217925988740730565e+06 1.019032616565856384e+06 5.908740073207389796e+05 4.071238240087980521e+05 2.835544952522412641e+05 1.904015034239526431e+05 1.261870154075980390e+05 7.839837910686408577e+04 4.455312760226325190e+04 2.061294394187706712e+04 1.051007263455694374e+04 3.849905507189699165e+03 1.534708715387660050e+03 1.247875474593288345e+02
8.679332269702411722e+05 5.908740073207389796e+05 5.490412070530492347e+05 2.949475702960254857e+05 2.102374134096351918e+05 1.435495886706553283e+05 8.876395094553711533e+04 5.574035493280718947e+04 3.054212195165305093e+04 1.532813758265318575e+04 7.369218547182398652e+03 2.577819917423529205e+03 1.040135714630894654e+03 1.173761170976953707e+02
6.081160452382735675e+05 4.071238240087980521e+05 2.949475702960254857e+05 2.911235709614893422e+05 1.446816331280034792e+05 9.721477882274919830e+04 6.285484177611221094e+04 3.899015697259503941e+04 2.225270509258267703e+04 9.254269280905768028e+03 4.942081874955552848e+03 1.751363855127777242e+03 8.244885922809809244e+02 7.566951015001158964e+01
4.298383158237245516e+05 2.835544952522412641e+05 2.102374134096351918e+05 1.446816331280034792e+05 1.539610863938448019e+05 6.837894860835569852e+04 4.538723478585929115e+04 2.616444554122538102e+04 1.547204535727502662e+04 7.551484611582836806e+03 4.054348571776721201e+03 1.233936215375270422e+03 5.739120763558090630e+02 2.778504538360051512e+01
2.913013577094606590e+05 1.904015034239526431e+05 1.435495886706553283e+05 9.721477882274919830e+04 6.837894860835569852e+04 7.941956770355084154e+04 3.093713406978753846e+04 1.993168220813534208e+04 1.006971571790959933e+04 5.680641305608822222e+03 2.531508197231361919e+03 7.110320190355032537e+02 3.127726925417281905e+02 4.158721355233390682e+01
1.927591340648678597e+05 1.261870154075980390e+05 8.876395094553711533e+04 6.285484177611221094e+04 4.538723478585929115e+04 3.093713406978753846e+04 3.731253354861831031e+04 1.202285854477669091e+04 6.693427968193775996e+03 3.146141250829556611e+03 1.416842396095926688e+03 5.002778601027223999e+02 2.414626240931375207e+02 2.170019650915653742e+01
1.155690144353513751e+05 7.839837910686408577e+04 5.574035493280718947e+04 3.899015697259503941e+04 2.616444554122538102e+04 1.993168220813534208e+04 1.202285854477669091e+04 1.668993661572680139e+04 4.449650878188249408e+03 2.311511342249169502e+03 1.070041021144848628e+03 3.224508530375212558e+02 2.027860311254906946e+02 1.313892586294518061e+01
6.672247881956381025e+04 4.455312760226325190e+04 3.054212195165305093e+04 2.225270509258267703e+04 1.547204535727502662e+04 1.006971571790959933e+04 6.693427968193775996e+03 4.449650878188249408e+03 7.191636635918196589e+03 1.200334760498512651e+03 6.314721064449399819e+02 7.507141768027226192e+01 1.054173464959149555e+02 8.006625722233955855e+00
3.100694352725077988e+04 2.061294394187706712e+04 1.532813758265318575e+04 9.254269280905768028e+03 7.551484611582836806e+03 5.680641305608822222e+03 3.146141250829556611e+03 2.311511342249169502e+03 1.200334760498512651e+03 2.112202983956152821e+03 2.962293842311226513e+02 9.643889226252024116e+01 5.288912704357885275e+01 4.900043816720512702e+00
1.541044054671181766e+04 1.051007263455694374e+04 7.369218547182398652e+03 4.942081874955552848e+03 4.054348571776721201e+03 2.531508197231361919e+03 1.416842396095926688e+03 1.070041021144848628e+03 6.314721064449399819e+02 2.962293842311226513e+02 6.900806729522086016e+02 4.839285044806696590e+01 2.196298014888221672e+01 -1.754403458494363299e+00
5.192222492818289538e+03 3.849905507189699165e+03 2.577819917423529205e+03 1.751363855127777242e+03 1.233936215375270422e+03 7.110320190355032537e+02 5.002778601027223999e+02 3.224508530375212558e+02 7.507141768027226192e+01 9.643889226252024116e+01 4.839285044806696590e+01 1.896758987587864169e+02 1.322200882518050591e+01 -1.374763173558307683e-02
2.382388137225852915e+03 1.534708715387660050e+03 1.040135714630894654e+03 8.244885922809809244e+02 5.739120763558090630e+02 3.127726925417281905e+02 2.414626240931375207e+02 2.027860311254906946e+02 1.054173464959149555e+02 5.288912704357885275e+01 2.196298014888221672e+01 1.322200882518050591e+01 4.194587616333886615e+01 -2.415046314577695974e-01
1.828867120169451823e+02 1.247875474593288345e+02 1.173761170976953707e+02 7.566951015001158964e+01 2.778504538360051512e+01 4.158721355233390682e+01 2.170019650915653742e+01 1.313892586294518061e+01 8.006625722233955855e+00 4.900043816720512702e+00 -1.754403458494363299e+00 -1.374763173558307683e-02 -2.415046314577695974e-01 2.997584174573986182e+00
