3.499296551362473401e+05 1.512555398337412335e+05 6.527688857669614663e+04 2.852774774595089548e+04 9.124913831197867694e+03 2.100093466462541528e+03 4.657079655984340434e+02 1.652060810669518958e+02
1.512555398337412335e+05 1.164368026321897196e+05 3.617723185125421878e+04 1.601540766408657691e+04 4.946736255168810203e+03 1.219579456936402039e+03 3.269219709660543458e+02 9.540133701285991208e+01
6.527688857669614663e+04 3.617723185125421878e+04 2.913217961223356542e+04 6.792673280015068485e+03 2.402664160454068224e+03 5.116620284021103089e+02 1.776743325695844362e+02 4.172651238557570963e+01
2.852774774595089548e+04 1.601540766408657691e+04 6.792673280015068485e+03 7.826856654682626868e+03 9.840720890843030020e+02 2.960970212025835622e+02 5.864778179580721229e+01 1.169426240785089277e+01
9.124913831197867694e+03 4.946736255168810203e+03 2.402664160454068224e+03 9.840720890843030020e+02 1.530317024854691908e+03 8.590440859852866140e+01 1.826242392208672527e+01 6.551533714122833807e+00
2.100093466462541528e+03 1.219579456936402039e+03 5.116620284021103089e+02 2.960970212025835622e+02 8.590440859852866140e+01 3.657081776171448837e+02 2.048390970796652155e+01 1.362245069059169422e+00
4.657079655984340434e+02 3.269219709660543458e+02 1.776743325695844362e+02 5.864778179580721229e+01 1.826242392208672527e+01 2.048390970796652155e+01 5.087958155154696271e+01 1.502545796673502299e+00
1.652060810669518958e+02 9.540133701285991208e+01 4.172651238557570963e+01 1.169426240785089277e+01 6.551533714122833807e+00 1.362245069059169422e+00 1.502545796673502299e+00 5.996838416166852426e+00
