1.383471390824903036e+06 7.641435499407151947e+05 4.784974991493211128e+05 3.157402788097042940e+05 1.835463214322861459e+05 1.010958273187303421e+05 5.399307550883737713e+04 2.000772810668262900e+04 5.992375728735460143e+03 1.871775586354422330e+03 1.828008844571605209e+02
7.641435499407151947e+05 6.872592916644222569e+05 3.419837158660371206e+05 2.126904859141253983e+05 1.271437561365059228e+05 6.922497839663087507e+04 3.682214999319673370e+04 1.341689882894584844e+04 5.401705875645246124e+03 1.160876187319820247e+03 2.257080981220072431e+02
4.784974991493211128e+05 3.419837158660371206e+05 3.012511785470360192e+05 1.313786129383650259e+05 8.206067264979828906e+04 4.605221514041208138e+04 2.412585223969646540e+04 9.168663987918303974e+03 2.780722245570858377e+03 7.651952120429024262e+02 6.403889194848845534e+01
3.157402788097042940e+05 2.126904859141253983e+05 1.313786129383650259e+05 1.337375558108656842e+05 5.332555065491749701e+04 2.829445037120502457e+04 1.519206064085731305e+04 5.852483609663689094e+03 2.044658666821030693e+03 5.216739697508983227e+02 1.083112339402629232e+02
1.835463214322861459e+05 1.271437561365059228e+05 8.206067264979828906e+04 5.332555065491749701e+04 5.624163707865786273e+04 1.715671472371738855e+04 9.418697490158638175e+03 4.032031082717994650e+03 1.143273824012333762e+03 3.450131391787017492e+02 2.913436654472573650e+01
1.010958273187303421e+05 6.922497839663087507e+04 4.605221514041208138e+04 2.829445037120502457e+04 1.715671472371738855e+04 2.118291071254812778e+04 5.219038834092927573e+03 2.359786551566300204e+03 7.323126523732704527e+02 2.389398137083741744e+02 5.359299975379366288e+01
5.399307550883737713e+04 3.682214999319673370e+04 2.412585223969646540e+04 1.519206064085731305e+04 9.418697490158638175e+03 5.219038834092927573e+03 7.789560782020643273e+03 1.188270904312316361e+03 3.870840371781276872e+02 5.103669754743798848e+01 1.690590843992008274e+01
2.000772810668262900e+04 1.341689882894584844e+04 9.168663987918303974e+03 5.852483609663689094e+03 4.032031082717994650e+03 2.359786551566300204e+03 1.188270904312316361e+03 2.108096812350896926e+03 1.849835036427704438e+02 4.963274010785898582e+01 1.731452506324459506e+01
5.992375728735460143e+03 5.401705875645246124e+03 2.780722245570858377e+03 2.044658666821030693e+03 1.143273824012333762e+03 7.323126523732704527e+02 3.870840371781276872e+02 1.849835036427704438e+02 4.678044608901425363e+02 3.970649603284038420e+01 2.967765958662571979e+00
1.871775586354422330e+03 1.160876187319820247e+03 7.651952120429024262e+02 5.216739697508983227e+02 3.450131391787017492e+02 2.389398137083741744e+02 5.103669754743798848e+01 4.963274010785898582e+01 3.970649603284038420e+01 7.915002424141647452e+01 1.672843862731961950e+00
1.828008844571605209e+02 2.257080981220072431e+02 6.403889194848845534e+01 1.083112339402629232e+02 2.913436654472573650e+01 5.359299975379366288e+01 1.690590843992008274e+01 1.731452506324459506e+01 2.967765958662571979e+00 1.672843862731961950e+00 8.886673363272034720e+00
