1.667540708557778737e+06 9.852616752428214531e+05 7.060863463685071329e+05 4.935433106719620991e+05 3.249340559485006961e+05 2.370883965790128277e+05 1.454674664489898132e+05 9.123982615499942040e+04 4.969058604123700206e+04 2.825832811040648812e+04 1.012475734073329295e+04 3.057801832894168911e+03 7.093761977037341921e+02 1.589442511755894714e+02
9.852616752428214531e+05 8.744579192479639314e+05 4.965752962836321094e+05 3.478079450668990030e+05 2.307641428463837074e+05 1.692875557121789316e+05 1.053085166179010703e+05 6.490066519227413664e+04 3.305779937460734800e+04 2.169552948271300193e+04 8.240621156191233240e+03 2.201497044490016378e+03 3.486973240570061989e+02 7.922689673668108412e+01
7.060863463685071329e+05 4.965752962836321094e+05 5.108379269054909819e+05 2.604159780949515989e+05 1.698611970700841921e+05 1.231382584079878434e+05 7.185262885065468436e+04 4.479755906345989206e+04 2.661111819681198540e+04 1.637463622791770831e+04 6.071225957392232885e+03 1.511696746608057083e+03 2.406129880738582756e+02 4.173004451917823587e+01
4.935433106719620991e+05 3.478079450668990030e+05 2.604159780949515989e+05 2.715143719136161380e+05 1.178740738211267599e+05 9.001214800543255114e+04 5.557615481805768650e+04 3.396863060490845237e+04 1.849884557753329500e+04 1.130104318934345611e+04 3.931982905379136355e+03 1.265346951736177743e+03 1.241762787069851868e+02 4.355951210553664055e+01
3.249340559485006961e+05 2.307641428463837074e+05 1.698611970700841921e+05 1.178740738211267599e+05 1.291664960222791415e+05 5.983429916675021377e+04 3.325255264255584916e+04 2.102632475095183327e+04 1.136183718488965314e+04 6.205180409468687685e+03 2.590318881224324741e+03 5.712314968181103723e+02 1.939472777125934329e+02 2.865558020165982356e+01
2.370883965790128277e+05 1.692875557121789316e+05 1.231382584079878434e+05 9.001214800543255114e+04 5.983429916675021377e+04 7.562819565538715688e+04 2.590664485015063110e+04 1.698826276825320383e+04 8.384909809054035577e+03 5.205695358019868763e+03 2.093027976351466805e+03 6.417189845748428070e+02 -8.016983416067324342e+00 7.229429069794966800e+00
1.454674664489898132e+05 1.053085166179010703e+05 7.185262885065468436e+04 5.557615481805768650e+04 3.325255264255584916e+04 2.590664485015063110e+04 3.282453796161977516e+04 1.057121138044634972e+04 5.288744216099121331e+03 3.566695970054222926e+03 1.169867567972603410e+03 3.282793690143400909e+02 8.397964481936983816e+01 1.918525145448291269e+01
9.123982615499942040e+04 6.490066519227413664e+04 4.479755906345989206e+04 3.396863060490845237e+04 2.102632475095183327e+04 1.698826276825320383e+04 1.057121138044634972e+04 1.445571207975067955e+04 3.585780385961918910e+03 2.148057564637015275e+03 7.012535620749018790e+02 1.296383806317646759e+02 3.795069116986061175e+01 4.842023127659277115e+00
4.969058604123700206e+04 3.305779937460734800e+04 2.661111819681198540e+04 1.849884557753329500e+04 1.136183718488965314e+04 8.384909809054035577e+03 5.288744216099121331e+03 3.585780385961918910e+03 5.827681281046906406e+03 1.218721399965779256e+03 4.056485648960344292e+02 9.430673331401661130e+01 5.964760516437796412e+01 4.297740488013080729e+00
2.825832811040648812e+04 2.169552948271300193e+04 1.637463622791770831e+04 1.130104318934345611e+04 6.205180409468687685e+03 5.205695358019868763e+03 3.566695970054222926e+03 2.148057564637015275e+03 1.218721399965779256e+03 2.548832791597006690e+03 2.594103698918805208e+02 1.226249936937460063e+02 1.240093041557966203e+01 -2.472977031185724373e-01
1.012475734073329295e+04 8.240621156191233240e+03 6.071225957392232885e+03 3.931982905379136355e+03 2.590318881224324741e+03 2.093027976351466805e+03 1.169867567972603410e+03 7.012535620749018790e+02 4.056485648960344292e+02 2.594103698918805208e+02 6.286189355480353242e+02 -4.082088758493450875e+00 2.825757267581225363e-01 1.977915718477333051e+00
3.057801832894168911e+03 2.201497044490016378e+03 1.511696746608057083e+03 1.265346951736177743e+03 5.712314968181103723e+02 6.417189845748428070e+02 3.282793690143400909e+02 1.296383806317646759e+02 9.430673331401661130e+01 1.226249936937460063e+02 -4.082088758493450875e+00 1.657606246831921055e+02 -3.857312275009967983e+00 1.753935802003038669e+00
7.093761977037341921e+02 3.486973240570061989e+02 2.406129880738582756e+02 1.241762787069851868e+02 1.939472777125934329e+02 -8.016983416067324342e+00 8.397964481936983816e+01 3.795069116986061175e+01 5.964760516437796412e+01 1.240093041557966203e+01 2.825757267581225363e-01 -3.857312275009967983e+00 2.407323716829450078e+01 -4.511877117423815364e-02
1.589442511755894714e+02 7.922689673668108412e+01 4.173004451917823587e+01 4.355951210553664055e+01 2.865558020165982356e+01 7.229429069794966800e+00 1.918525145448291269e+01 4.842023127659277115e+00 4.297740488013080729e+00 -2.472977031185724373e-01 1.977915718477333051e+00 1.753935802003038669e+00 -4.511877117423815364e-02 1.002363434785173757e+00
