1.211383219641478732e+06 6.787141380126292352e+05 4.170823399726457428e+05 2.520986423918763467e+05 1.519135515565529640e+05 8.118169694509563851e+04 3.408561064027661632e+04 1.324531398087475827e+04 4.239262196453090837e+03 6.446092960734740700e+02 -8.768593870280714242e+00
6.787141380126292352e+05 5.690627304889026564e+05 2.788673241906855255e+05 1.678820237361416221e+05 1.029481233910660376e+05 5.465811224681304884e+04 2.186721037373394938e+04 8.911275676793195089e+03 3.244034635284026081e+03 4.476218151738058282e+02 2.321559736666332086e+00
4.170823399726457428e+05 2.788673241906855255e+05 2.496686732664025621e+05 1.060090724530120060e+05 6.609940568548312876e+04 3.207748303659948942e+04 1.448255237993039736e+04 5.481375086645539341e+03 1.460029702704834790e+03 3.080498006671148801e+02 7.472520402418592056e+00
2.520986423918763467e+05 1.678820237361416221e+05 1.060090724530120060e+05 1.049882645976673957e+05 3.969354994811332290e+04 2.213348778535958263e+04 9.236788155683763762e+03 3.687170193129408290e+03 1.025901953500652780e+03 2.300148053967574810e+02 1.112544758943685430e+01
1.519135515565529640e+05 1.029481233910660376e+05 6.609940568548312876e+04 3.969354994811332290e+04 4.417299946001823992e+04 1.326564723633852918e+04 5.815279690258253140e+03 2.812381386407017999e+03 7.467814538087516212e+02 1.189250347539992703e+02 -1.784306892207017325e+00
8.118169694509563851e+04 5.465811224681304884e+04 3.207748303659948942e+04 2.213348778535958263e+04 1.326564723633852918e+04 1.510190098843109809e+04 2.878377212097052507e+03 1.509939315489783212e+03 3.867632247119203157e+02 6.094486464129869319e+01 5.566645348325096165e+00
3.408561064027661632e+04 2.186721037373394938e+04 1.448255237993039736e+04 9.236788155683763762e+03 5.815279690258253140e+03 2.878377212097052507e+03 4.712821167198149851e+03 4.949628103446207206e+02 1.544386242393355531e+02 2.289402997078027369e+01 9.901922863347042636e+00
1.324531398087475827e+04 8.911275676793195089e+03 5.481375086645539341e+03 3.687170193129408290e+03 2.812381386407017999e+03 1.509939315489783212e+03 4.949628103446207206e+02 1.261799089311097759e+03 6.064290501338615513e+01 2.061168577019870796e+01 1.176466082773931499e+00
4.239262196453090837e+03 3.244034635284026081e+03 1.460029702704834790e+03 1.025901953500652780e+03 7.467814538087516212e+02 3.867632247119203157e+02 1.544386242393355531e+02 6.064290501338615513e+01 2.340304762925999569e+02 8.745064548619222222e+00 5.999977022146816275e-01
6.446092960734740700e+02 4.476218151738058282e+02 3.080498006671148801e+02 2.300148053967574810e+02 1.189250347539992703e+02 6.094486464129869319e+01 2.289402997078027369e+01 2.061168577019870796e+01 8.745064548619222222e+00 3.732534725280616783e+01 -7.450951857567950087e-02
-8.768593870280714242e+00 2.321559736666332086e+00 7.472520402418592056e+00 1.112544758943685430e+01 -1.784306892207017325e+00 5.566645348325096165e+00 9.901922863347042636e+00 1.176466082773931499e+00 5.999977022146816275e-01 -7.450951857567950087e-02 1.001956947162427669e+00
