1.395396675143623026e+06 8.248977631054195808e+05 5.365515539324500132e+05 3.437938739209217019e+05 2.123385641750267823e+05 1.193892690440950100e+05 7.199115856834348233e+04 3.329153992793614452e+04 1.148367984699526824e+04 2.624246607147598297e+03 7.572373354467566742e+02 7.643774187010413357e+01
8.248977631054195808e+05 7.739500620559538947e+05 3.980771104900116334e+05 2.626643804700848996e+05 1.524841385959555337e+05 8.474293298374238657e+04 5.121561651349320164e+04 2.210100104123908022e+04 8.677816718777066853e+03 1.702287307897451001e+03 5.259634771970897873e+02 5.962374406083527134e+01
5.365515539324500132e+05 3.980771104900116334e+05 3.522005274152244092e+05 1.615169193945328298e+05 1.000352202967832854e+05 5.746393630711688456e+04 3.437688518535120238e+04 1.392147229506932126e+04 5.832616000609558796e+03 1.548644016496410586e+03 2.675147802976461548e+02 5.958400002086384006e+01
3.437938739209217019e+05 2.626643804700848996e+05 1.615169193945328298e+05 1.642978132855565054e+05 6.494527674392548943e+04 3.642952833599012229e+04 2.103243624258468117e+04 1.051846436178532167e+04 3.603663934280746162e+03 9.198960564977071499e+02 2.151462766805251192e+02 6.617601322178582990e+00
2.123385641750267823e+05 1.524841385959555337e+05 1.000352202967832854e+05 6.494527674392548943e+04 7.098272734757556464e+04 2.141190383326709707e+04 1.397169392148690349e+04 6.413428549575396573e+03 2.203391328323630660e+03 5.504494547086914054e+02 1.717810660935551539e+02 4.490195797641018061e+00
1.193892690440950100e+05 8.474293298374238657e+04 5.746393630711688456e+04 3.642952833599012229e+04 2.141190383326709707e+04 2.755103012228973603e+04 7.844745357636330482e+03 3.950456681111886610e+03 1.552844674508039816e+03 3.187860837027929506e+02 1.297611093145563359e+02 1.717813351093637309e+01
7.199115856834348233e+04 5.121561651349320164e+04 3.437688518535120238e+04 2.103243624258468117e+04 1.397169392148690349e+04 7.844745357636330482e+03 1.102945527753979877e+04 2.484878663413324830e+03 9.352249411411351048e+02 1.342602417758411661e+02 5.713645251566498473e+01 7.911690742899401663e+00
3.329153992793614452e+04 2.210100104123908022e+04 1.392147229506932126e+04 1.051846436178532167e+04 6.413428549575396573e+03 3.950456681111886610e+03 2.484878663413324830e+03 3.748719661356226879e+03 3.926617703569826858e+02 6.633560511393721981e+01 1.370805046249320114e+01 5.446234460826032020e+00
1.148367984699526824e+04 8.677816718777066853e+03 5.832616000609558796e+03 3.603663934280746162e+03 2.203391328323630660e+03 1.552844674508039816e+03 9.352249411411351048e+02 3.926617703569826858e+02 8.849209368011403285e+02 8.188131985498850440e+01 2.212310449227597786e+01 2.199405652117913057e+00
2.624246607147598297e+03 1.702287307897451001e+03 1.548644016496410586e+03 9.198960564977071499e+02 5.504494547086914054e+02 3.187860837027929506e+02 1.342602417758411661e+02 6.633560511393721981e+01 8.188131985498850440e+01 1.665353037770124729e+02 9.110241043536898786e+00 3.808443373509989849e-01
7.572373354467566742e+02 5.259634771970897873e+02 2.675147802976461548e+02 2.151462766805251192e+02 1.717810660935551539e+02 1.297611093145563359e+02 5.713645251566498473e+01 1.370805046249320114e+01 2.212310449227597786e+01 9.110241043536898786e+00 3.417095134012556201e+01 -1.256093740113973511e-01
7.643774187010413357e+01 5.962374406083527134e+01 5.958400002086384006e+01 6.617601322178582990e+00 4.490195797641018061e+00 1.717813351093637309e+01 7.911690742899401663e+00 5.446234460826032020e+00 2.199405652117913057e+00 3.808443373509989849e-01 -1.256093740113973511e-01 2.001594662922645096e+00
