1.396493491097944556e+06 7.713273385080698645e+05 4.828139067482126411e+05 3.184190080806511105e+05 1.849983488398291520e+05 1.018405276047667139e+05 5.436446767245831143e+04 2.013705956341671117e+04 6.028943518150204000e+03 1.882650249498911990e+03 1.838268225458403435e+02
7.713273385080698645e+05 6.937123605449392926e+05 3.450647252376898541e+05 2.144924945931758266e+05 1.281481215259331657e+05 6.973411258245309000e+04 3.707500824169777479e+04 1.350347244069887165e+04 5.434607098384505662e+03 1.167607323223834783e+03 2.269722531060810695e+02
4.828139067482126411e+05 3.450647252376898541e+05 3.038506841311948374e+05 1.324417878585551516e+05 8.267774162269341468e+04 4.637343860569631943e+04 2.428237170011750641e+04 9.224348450959903857e+03 2.796605165582018344e+03 7.693420617683806313e+02 6.437329834099257653e+01
3.184190080806511105e+05 2.144924945931758266e+05 1.324417878585551516e+05 1.347480976464965206e+05 5.369795911553488986e+04 2.847665251443193847e+04 1.528248657156690388e+04 5.884895395683559400e+03 2.055243391715719554e+03 5.242220671016427787e+02 1.088189059364303262e+02
1.849983488398291520e+05 1.281481215259331657e+05 8.267774162269341468e+04 5.369795911553488986e+04 5.660223172562443506e+04 1.725738444531806454e+04 9.469375888797098014e+03 4.052057348002957951e+03 1.148539334309325113e+03 3.465013543975625794e+02 2.925429265942024770e+01
1.018405276047667139e+05 6.973411258245309000e+04 4.637343860569631943e+04 2.847665251443193847e+04 1.725738444531806454e+04 2.129569030188319812e+04 5.244284922367489344e+03 2.370225555002756209e+03 7.352878561428146895e+02 2.398408006281455016e+02 5.378452419444843713e+01
5.436446767245831143e+04 3.707500824169777479e+04 2.428237170011750641e+04 1.528248657156690388e+04 9.469375888797098014e+03 5.244284922367489344e+03 7.823451323959638103e+03 1.192949560575232454e+03 3.884684757013250191e+02 5.120434002485677638e+01 1.695810972364177260e+01
2.013705956341671117e+04 1.350347244069887165e+04 9.224348450959903857e+03 5.884895395683559400e+03 4.052057348002957951e+03 2.370225555002756209e+03 1.192949560575232454e+03 2.115526032175619093e+03 1.855686995769772523e+02 4.977527458898308055e+01 1.736083924538508327e+01
6.028943518150204000e+03 5.434607098384505662e+03 2.796605165582018344e+03 2.055243391715719554e+03 1.148539334309325113e+03 7.352878561428146895e+02 3.884684757013250191e+02 1.855686995769772523e+02 4.691157169472814985e+02 3.980621434122354430e+01 2.974634992765099017e+00
1.882650249498911990e+03 1.167607323223834783e+03 7.693420617683806313e+02 5.242220671016427787e+02 3.465013543975625794e+02 2.398408006281455016e+02 5.120434002485677638e+01 4.977527458898308055e+01 3.980621434122354430e+01 7.932572581609304052e+01 1.676228149766530340e+00
1.838268225458403435e+02 2.269722531060810695e+02 6.437329834099257653e+01 1.088189059364303262e+02 2.925429265942024770e+01 5.378452419444843713e+01 1.695810972364177260e+01 1.736083924538508327e+01 2.974634992765099017e+00 1.676228149766530340e+00 8.902903377417301201e+00
