1.276574108154176502e+06 7.104474906229319749e+05 4.344144211139159743e+05 2.616067924306867353e+05 1.572115861592641158e+05 8.384203948585561011e+04 3.514901396221798495e+04 1.364345246664356455e+04 4.362954306289200758e+03 6.630033993432699617e+02 -9.013705766248188311e+00
7.104474906229319749e+05 5.916785736816567369e+05 2.885098682965502376e+05 1.730466974291673396e+05 1.058247076041434048e+05 5.607108340384557960e+04 2.239835177042143914e+04 9.117641541177870749e+03 3.316320374376498876e+03 4.573103654997027547e+02 2.370466899194662247e+00
4.344144211139159743e+05 2.885098682965502376e+05 2.570185329002384678e+05 1.087275239282931288e+05 6.760884882156316598e+04 3.274326230375767773e+04 1.476063800791199174e+04 5.580453584685114947e+03 1.485149015456795951e+03 3.131540820320840339e+02 7.592039963245450274e+00
2.616067924306867353e+05 1.730466974291673396e+05 1.087275239282931288e+05 1.072835897884938604e+05 4.045032397931435844e+04 2.250959053645036693e+04 9.379443713099655724e+03 3.739979653316112035e+03 1.039705338280650722e+03 2.329641063453482559e+02 1.126172568874515356e+01
1.572115861592641158e+05 1.058247076041434048e+05 6.760884882156316598e+04 4.045032397931435844e+04 4.489195059997514909e+04 1.345413271191852073e+04 5.888927787096889915e+03 2.844852758061457735e+03 7.547575466128704420e+02 1.201201959220960447e+02 -1.801219038906011649e+00
8.384203948585561011e+04 5.607108340384557960e+04 3.274326230375767773e+04 2.250959053645036693e+04 1.345413271191852073e+04 1.528532081342744095e+04 2.908901435182599926e+03 1.524265950927858512e+03 3.900989573736513876e+02 6.143212500994515324e+01 5.607976765986490975e+00
3.514901396221798495e+04 2.239835177042143914e+04 1.476063800791199174e+04 9.379443713099655724e+03 5.888927787096889915e+03 2.908901435182599926e+03 4.755548519601353291e+03 4.988984820301157583e+02 1.555334837357047206e+02 2.304193923877993910e+01 9.960257121616885811e+00
1.364345246664356455e+04 9.117641541177870749e+03 5.580453584685114947e+03 3.739979653316112035e+03 2.844852758061457735e+03 1.524265950927858512e+03 4.988984820301157583e+02 1.270427190433167198e+03 6.100535094445249484e+01 2.072193227172421714e+01 1.182089552497228357e+00
4.362954306289200758e+03 3.316320374376498876e+03 1.485149015456795951e+03 1.039705338280650722e+03 7.547575466128704420e+02 3.900989573736513876e+02 1.555334837357047206e+02 6.100535094445249484e+01 2.352278346501262547e+02 8.784319396049607320e+00 6.023500031238782082e-01
6.630033993432699617e+02 4.573103654997027547e+02 3.131540820320840339e+02 2.329641063453482559e+02 1.201201959220960447e+02 6.143212500994515324e+01 2.304193923877993910e+01 2.072193227172421714e+01 8.784319396049607320e+00 3.746948812738050094e+01 -7.475493903017772779e-02
-9.013705766248188311e+00 2.370466899194662247e+00 7.592039963245450274e+00 1.126172568874515356e+01 -1.801219038906011649e+00 5.607976765986490975e+00 9.960257121616885811e+00 1.182089552497228357e+00 6.023500031238782082e-01 -7.475493903017772779e-02 1.004688488047667416e+00
