1.577968189430888975e+06 8.895439735531895421e+05 6.373583392565113027e+05 4.211991384436203516e+05 2.870005590498534148e+05 1.763643760412232077e+05 1.034439388928123080e+05 6.589660565586879966e+04 2.776438175588751619e+04 9.567591169456198259e+03 3.781379914276831187e+03 9.315188579625410057e+02 5.521067027686999751e+01
8.895439735531895421e+05 8.278403484591387678e+05 4.699308188926654984e+05 3.016262754029855714e+05 2.071615447644715023e+05 1.266835806436060811e+05 7.435898256694023439e+04 4.336266177833800612e+04 2.153433111160478802e+04 8.120519154162682753e+03 2.620122779147974597e+03 5.278846985314938820e+02 5.591276786803087617e+01
6.373583392565113027e+05 4.699308188926654984e+05 4.646415477483257418e+05 2.202544236756819009e+05 1.501003561338055588e+05 9.045588465658365749e+04 5.496181994737336208e+04 3.285048238160875189e+04 1.575331593241632072e+04 5.664863846907522202e+03 1.742457663182368606e+03 3.606118980293060758e+02 2.716446906667547267e+01
4.211991384436203516e+05 3.016262754029855714e+05 2.202544236756819009e+05 2.131149683304384525e+05 9.934190852429038205e+04 5.483967948920834897e+04 3.816989957862353913e+04 2.124044659052659335e+04 8.781075794665057401e+03 3.751034937222092140e+03 1.386101856326850793e+03 2.816302276966480349e+02 8.350898754189604034e+00
2.870005590498534148e+05 2.071615447644715023e+05 1.501003561338055588e+05 9.934190852429038205e+04 1.102684648668185837e+05 4.160329700085804507e+04 2.473543151868493806e+04 1.288582481306254158e+04 6.299400412564707040e+03 2.467647281071371253e+03 8.244441946977641464e+02 1.499607438644521551e+02 1.374081053817093689e+01
1.763643760412232077e+05 1.266835806436060811e+05 9.045588465658365749e+04 5.483967948920834897e+04 4.160329700085804507e+04 4.759999875760419673e+04 1.573363315335416337e+04 9.231337966975494055e+03 4.493660559987130910e+03 1.663083842325570686e+03 4.423272643469546210e+02 1.760041243116791918e+02 6.498017054041276275e+00
1.034439388928123080e+05 7.435898256694023439e+04 5.496181994737336208e+04 3.816989957862353913e+04 2.473543151868493806e+04 1.573363315335416337e+04 2.095343487856663705e+04 5.376035309065804540e+03 2.726260277797019626e+03 1.000435556614509096e+03 2.717562162157372541e+02 1.126727464906856255e+02 1.828654643350128239e+01
6.589660565586879966e+04 4.336266177833800612e+04 3.285048238160875189e+04 2.124044659052659335e+04 1.288582481306254158e+04 9.231337966975494055e+03 5.376035309065804540e+03 7.951204268528507782e+03 1.763190348269857850e+03 5.133538114315491612e+02 1.741213968489913100e+02 6.862606237197195469e+01 2.380961771276266958e+00
2.776438175588751619e+04 2.153433111160478802e+04 1.575331593241632072e+04 8.781075794665057401e+03 6.299400412564707040e+03 4.493660559987130910e+03 2.726260277797019626e+03 1.763190348269857850e+03 2.980124354967038016e+03 3.844242636037758416e+02 7.664392508848534646e+01 2.147510755573965113e+01 6.063361269706446954e+00
9.567591169456198259e+03 8.120519154162682753e+03 5.664863846907522202e+03 3.751034937222092140e+03 2.467647281071371253e+03 1.663083842325570686e+03 1.000435556614509096e+03 5.133538114315491612e+02 3.844242636037758416e+02 6.931852023312967503e+02 1.773678647345940007e+01 6.574169396820956912e+00 1.707671392528472998e+00
3.781379914276831187e+03 2.620122779147974597e+03 1.742457663182368606e+03 1.386101856326850793e+03 8.244441946977641464e+02 4.423272643469546210e+02 2.717562162157372541e+02 1.741213968489913100e+02 7.664392508848534646e+01 1.773678647345940007e+01 1.795094918223055913e+02 3.638604320872725228e+00 -5.573175878274622130e-01
9.315188579625410057e+02 5.278846985314938820e+02 3.606118980293060758e+02 2.816302276966480349e+02 1.499607438644521551e+02 1.760041243116791918e+02 1.126727464906856255e+02 6.862606237197195469e+01 2.147510755573965113e+01 6.574169396820956912e+00 3.638604320872725228e+00 2.407886148970419526e+01 -9.025538678085609501e-02
5.521067027686999751e+01 5.591276786803087617e+01 2.716446906667547267e+01 8.350898754189604034e+00 1.374081053817093689e+01 6.498017054041276275e+00 1.828654643350128239e+01 2.380961771276266958e+00 6.063361269706446954e+00 1.707671392528472998e+00 -5.573175878274622130e-01 -9.025538678085609501e-02 2.001127588276482516e+00
