1.408531023670739727e+06 8.326527079980290728e+05 5.413908045891863294e+05 3.467102110747123952e+05 2.140180603885652090e+05 1.202684279242117918e+05 7.248600835609786736e+04 3.350644386152288644e+04 1.155372673451093033e+04 2.639528344483120691e+03 7.614682374215099117e+02 7.685160727047221485e+01
8.326527079980290728e+05 7.812171199496814515e+05 4.016628487632964388e+05 2.648894863410885446e+05 1.536884596569878340e+05 8.536598811583989300e+04 5.156707128462175751e+04 2.224341362602982917e+04 8.730648993983197215e+03 1.712180657331565726e+03 5.288961450779626148e+02 5.994588688465469772e+01
5.413908045891863294e+05 4.016628487632964388e+05 3.552385633548827609e+05 1.628235451417794975e+05 1.007871501431275101e+05 5.786452573158178711e+04 3.459969182189035928e+04 1.400587691574544624e+04 5.865905808767867711e+03 1.557055057359570583e+03 2.689046058161341080e+02 5.988326154577438132e+01
3.467102110747123952e+05 2.648894863410885446e+05 1.628235451417794975e+05 1.655388933126998891e+05 6.539866525181275938e+04 3.666398400537956331e+04 2.115750092637948183e+04 1.057661165212683954e+04 3.622305406299060451e+03 9.244005777526139127e+02 2.161490714088409391e+02 6.647302935064417717e+00
2.140180603885652090e+05 1.536884596569878340e+05 1.007871501431275101e+05 6.539866525181275938e+04 7.143763094976771390e+04 2.153745779365931230e+04 1.404678383717030010e+04 6.445216764543563841e+03 2.213530270229340658e+03 5.528304369053126948e+02 1.724836293847830007e+02 4.507785056289351999e+00
1.202684279242117918e+05 8.536598811583989300e+04 5.786452573158178711e+04 3.666398400537956331e+04 2.153745779365931230e+04 2.769757775696664248e+04 7.882636147909993269e+03 3.967887631650090043e+03 1.559145479679126311e+03 3.199916514902672020e+02 1.302212714502674373e+02 1.723608740316890220e+01
7.248600835609786736e+04 5.156707128462175751e+04 3.459969182189035928e+04 2.115750092637948183e+04 1.404678383717030010e+04 7.882636147909993269e+03 1.107733716799533067e+04 2.494628782516560932e+03 9.385629024561774258e+02 1.347024203852947153e+02 5.731117800112222938e+01 7.934520707164739228e+00
3.350644386152288644e+04 2.224341362602982917e+04 1.400587691574544624e+04 1.057661165212683954e+04 6.445216764543563841e+03 3.967887631650090043e+03 2.494628782516560932e+03 3.761864399911900364e+03 3.938994327541975622e+02 6.652641193465660763e+01 1.374425450205508703e+01 5.459679635753554194e+00
1.155372673451093033e+04 8.730648993983197215e+03 5.865905808767867711e+03 3.622305406299060451e+03 2.213530270229340658e+03 1.559145479679126311e+03 9.385629024561774258e+02 3.938994327541975622e+02 8.873966147967794313e+02 8.208783509661866162e+01 2.217369791813132096e+01 2.204056508561043959e+00
2.639528344483120691e+03 1.712180657331565726e+03 1.557055057359570583e+03 9.244005777526139127e+02 5.528304369053126948e+02 3.199916514902672020e+02 1.347024203852947153e+02 6.652641193465660763e+01 8.208783509661866162e+01 1.669094598516580561e+02 9.128566725511518598e+00 3.815448194897793077e-01
7.614682374215099117e+02 5.288961450779626148e+02 2.689046058161341080e+02 2.161490714088409391e+02 1.724836293847830007e+02 1.302212714502674373e+02 5.731117800112222938e+01 1.374425450205508703e+01 2.217369791813132096e+01 9.128566725511518598e+00 3.423165408020145861e+01 -1.258108794628522153e-01
7.685160727047221485e+01 5.994588688465469772e+01 5.988326154577438132e+01 6.647302935064417717e+00 4.507785056289351999e+00 1.723608740316890220e+01 7.934520707164739228e+00 5.459679635753554194e+00 2.204056508561043959e+00 3.815448194897793077e-01 -1.258108794628522153e-01 2.004461012318076385e+00
