1.613642239237165079e+06 9.429350217621660559e+05 6.722968270859183976e+05 4.607704399977583089e+05 3.358374291582523147e+05 1.961885896212144580e+05 1.254229179693361511e+05 8.086036893814067298e+04 4.046564299328393827e+04 1.806269480051291612e+04 5.694159617557546881e+03 1.867262181562154183e+03 2.121784331457464532e+02
9.429350217621660559e+05 8.786344465774430428e+05 4.970228930929679773e+05 3.262560006631266442e+05 2.291433111612295324e+05 1.383219407042198873e+05 9.298845922989491373e+04 5.757393442491844326e+04 2.704160354737066518e+04 1.471111890143290657e+04 4.357840348890234964e+03 1.151491736356702859e+03 2.159122122131610411e+02
6.722968270859183976e+05 4.970228930929679773e+05 4.937701026815094519e+05 2.482208783731566509e+05 1.628590292282216833e+05 1.009219326419992867e+05 6.703157688055011386e+04 4.349152073496981029e+04 2.132307457187966429e+04 1.067762932061487663e+04 3.340920267744562352e+03 8.472475497264043724e+02 1.078125610288351339e+02
4.607704399977583089e+05 3.262560006631266442e+05 2.482208783731566509e+05 2.476703691859863757e+05 1.142133318551945995e+05 6.874680621261216584e+04 4.475425061326773721e+04 2.839827899340413569e+04 1.318480045462602720e+04 6.705309988026116116e+03 2.064513980320818973e+03 4.879152614417488962e+02 1.044322424982109681e+02
3.358374291582523147e+05 2.291433111612295324e+05 1.628590292282216833e+05 1.142133318551945995e+05 1.218422522596854687e+05 5.096142252092641138e+04 2.962444735633914752e+04 1.857480670231303884e+04 9.469146709930577344e+03 4.568721636556992053e+03 1.625725206185441948e+03 3.886885879553057066e+02 1.474128689301592310e+01
1.961885896212144580e+05 1.383219407042198873e+05 1.009219326419992867e+05 6.874680621261216584e+04 5.096142252092641138e+04 5.790583307327536022e+04 2.047095670892419002e+04 1.249038676525507435e+04 5.788006851307342004e+03 3.108362896533432831e+03 7.873544741799149733e+02 2.218422696804622092e+02 3.771791720866674780e+01
1.254229179693361511e+05 9.298845922989491373e+04 6.703157688055011386e+04 4.475425061326773721e+04 2.962444735633914752e+04 2.047095670892419002e+04 2.702361247759708203e+04 8.728700884939309617e+03 3.881692058874593840e+03 2.236580202725672734e+03 5.256596856379659357e+02 2.276637197836226676e+02 9.753252375480570890e+00
8.086036893814067298e+04 5.757393442491844326e+04 4.349152073496981029e+04 2.839827899340413569e+04 1.857480670231303884e+04 1.249038676525507435e+04 8.728700884939309617e+03 1.193317638441052259e+04 2.512991738158239968e+03 1.345551328629141608e+03 2.371915949820752303e+02 1.074651889416790880e+02 1.734637563878795774e+01
4.046564299328393827e+04 2.704160354737066518e+04 2.132307457187966429e+04 1.318480045462602720e+04 9.469146709930577344e+03 5.788006851307342004e+03 3.881692058874593840e+03 2.512991738158239968e+03 4.169358925829717009e+03 7.166920964030348387e+02 2.172680387163655951e+02 6.831155156703377429e+01 9.899202581156025360e+00
1.806269480051291612e+04 1.471111890143290657e+04 1.067762932061487663e+04 6.705309988026116116e+03 4.568721636556992053e+03 3.108362896533432831e+03 2.236580202725672734e+03 1.345551328629141608e+03 7.166920964030348387e+02 1.429192077142835615e+03 1.048411276636062155e+02 -3.435496798407001062e+00 6.822149425306597514e+00
5.694159617557546881e+03 4.357840348890234964e+03 3.340920267744562352e+03 2.064513980320818973e+03 1.625725206185441948e+03 7.873544741799149733e+02 5.256596856379659357e+02 2.371915949820752303e+02 2.172680387163655951e+02 1.048411276636062155e+02 3.132808454284264599e+02 1.074398876196033648e+01 2.570388512313765084e+00
1.867262181562154183e+03 1.151491736356702859e+03 8.472475497264043724e+02 4.879152614417488962e+02 3.886885879553057066e+02 2.218422696804622092e+02 2.276637197836226676e+02 1.074651889416790880e+02 6.831155156703377429e+01 -3.435496798407001062e+00 1.074398876196033648e+01 7.318641840674945342e+01 1.245442158763869100e+00
2.121784331457464532e+02 2.159122122131610411e+02 1.078125610288351339e+02 1.044322424982109681e+02 1.474128689301592310e+01 3.771791720866674780e+01 9.753252375480570890e+00 1.734637563878795774e+01 9.899202581156025360e+00 6.822149425306597514e+00 2.570388512313765084e+00 1.245442158763869100e+00 5.962538298176625062e+00
