1.458011531242008088e+06 8.610462328398212558e+05 6.155662833442568080e+05 3.665295917050206335e+05 2.649638427257946460e+05 1.478464316055026429e+05 8.010161893049563514e+04 5.337375435295501666e+04 1.630118262633589256e+04 5.879916263278533734e+03 1.175122777448498255e+03 3.381174833277058269e+02
8.610462328398212558e+05 7.946044378490790259e+05 4.494132671341625974e+05 2.770733720697207609e+05 1.905210893223645980e+05 1.052067478919343266e+05 5.886248865264753113e+04 3.674515762487010943e+04 1.291857766621346855e+04 4.696774500900290150e+03 8.582821771149057213e+02 1.589088985880720770e+02
6.155662833442568080e+05 4.494132671341625974e+05 4.367332949697663425e+05 1.895648786875236838e+05 1.291392032464212680e+05 7.465308710895440890e+04 4.304273846219594998e+04 2.714506594478312763e+04 8.597738359352910265e+03 3.013445961750429433e+03 6.871499471091615305e+02 1.526492005787823416e+02
3.665295917050206335e+05 2.770733720697207609e+05 1.895648786875236838e+05 1.861692215770388430e+05 8.401469232422955974e+04 4.597408079029351939e+04 2.624623673658152256e+04 1.685486322142659628e+04 5.246047718020187858e+03 2.051566586048546924e+03 3.928136867875273879e+02 8.186235328883704199e+01
2.649638427257946460e+05 1.905210893223645980e+05 1.291392032464212680e+05 8.401469232422955974e+04 9.227339485558145680e+04 3.078886179957774584e+04 1.825348000878612584e+04 1.142313314623285441e+04 4.050088773949694314e+03 1.263320576681405555e+03 3.200151964817261501e+02 5.880474882391986569e+01
1.478464316055026429e+05 1.052067478919343266e+05 7.465308710895440890e+04 4.597408079029351939e+04 3.078886179957774584e+04 3.527775046456434939e+04 1.050321770956160253e+04 6.799708375383113889e+03 2.430100956233849956e+03 7.529655993452357734e+02 2.140058113952798351e+02 4.863606942429926505e+01
8.010161893049563514e+04 5.886248865264753113e+04 4.304273846219594998e+04 2.624623673658152256e+04 1.825348000878612584e+04 1.050321770956160253e+04 1.514858860524311058e+04 4.039336110908357114e+03 1.326110403772195468e+03 5.028521577239192197e+02 8.423920673135465620e+01 4.115380388426362401e+01
5.337375435295501666e+04 3.674515762487010943e+04 2.714506594478312763e+04 1.685486322142659628e+04 1.142313314623285441e+04 6.799708375383113889e+03 4.039336110908357114e+03 6.314651932726714222e+03 1.004768483886202716e+03 3.176664216510865799e+02 4.923431170180300853e+01 2.002396127398935377e+01
1.630118262633589256e+04 1.291857766621346855e+04 8.597738359352910265e+03 5.246047718020187858e+03 4.050088773949694314e+03 2.430100956233849956e+03 1.326110403772195468e+03 1.004768483886202716e+03 1.565475624480865008e+03 1.664182427182795720e+02 2.067723878548893168e+01 8.483300769603109304e-01
5.879916263278533734e+03 4.696774500900290150e+03 3.013445961750429433e+03 2.051566586048546924e+03 1.263320576681405555e+03 7.529655993452357734e+02 5.028521577239192197e+02 3.176664216510865799e+02 1.664182427182795720e+02 3.658885707438718669e+02 2.584573521554905540e+01 3.926137127188520683e-03
1.175122777448498255e+03 8.582821771149057213e+02 6.871499471091615305e+02 3.928136867875273879e+02 3.200151964817261501e+02 2.140058113952798351e+02 8.423920673135465620e+01 4.923431170180300853e+01 2.067723878548893168e+01 2.584573521554905540e+01 8.338274640850700337e+01 2.041077418922407904e-01
3.381174833277058269e+02 1.589088985880720770e+02 1.526492005787823416e+02 8.186235328883704199e+01 5.880474882391986569e+01 4.863606942429926505e+01 4.115380388426362401e+01 2.002396127398935377e+01 8.483300769603109304e-01 3.926137127188520683e-03 2.041077418922407904e-01 5.957476764221695475e+00
