1.719057231315475656e+06 1.001824586891324259e+06 7.491667454860634170e+05 5.159870094354200992e+05 3.444934145354489447e+05 2.526761285547736916e+05 1.557097987249133876e+05 1.086858148773027351e+05 5.635351263298310369e+04 3.019001817123239380e+04 1.470271913037931699e+04 4.918471429188865841e+03 1.368599252760365516e+03 1.180689116996917249e+02
1.001824586891324259e+06 9.116606892199001741e+05 5.234243332621697336e+05 3.606632741544315941e+05 2.455978663399652578e+05 1.817486825124679599e+05 1.090474530939985998e+05 7.702980529798555654e+04 3.966210911661529099e+04 2.222297631300744615e+04 1.168182378595439513e+04 3.289077218105495831e+03 9.832308601024939207e+02 3.386490915190779560e+01
7.491667454860634170e+05 5.234243332621697336e+05 5.290391780837464612e+05 2.696189594039377989e+05 1.849426267387220578e+05 1.350205666140093235e+05 8.020784534690997680e+04 5.402187264229029824e+04 2.909323949960295067e+04 1.735105007689138438e+04 9.143495099050294812e+03 2.652400056074373879e+03 7.054203527526640300e+02 2.651371845285310513e+01
5.159870094354200992e+05 3.606632741544315941e+05 2.696189594039377989e+05 2.844126639433100936e+05 1.324665362199180236e+05 9.619054751051109633e+04 6.104610474871071347e+04 4.006491328393397998e+04 2.140142754202910874e+04 1.247311247405874383e+04 5.984636181943343217e+03 1.897416217934249516e+03 4.867127626599184396e+02 7.937214456269506613e+00
3.444934145354489447e+05 2.455978663399652578e+05 1.849426267387220578e+05 1.324665362199180236e+05 1.378040657591321215e+05 6.461568404550684500e+04 3.963809192570194136e+04 2.584760040567953547e+04 1.296822637862223746e+04 8.000839714986396757e+03 3.720766257864441741e+03 1.038166359764450817e+03 2.562824827387688060e+02 2.627851567611055827e+01
2.526761285547736916e+05 1.817486825124679599e+05 1.350205666140093235e+05 9.619054751051109633e+04 6.461568404550684500e+04 8.103322150562128809e+04 3.090622026594395356e+04 2.118436962391739507e+04 1.011599857857040115e+04 5.066189292471310182e+03 2.615832948806040349e+03 8.907764698651153594e+02 1.990876416583026014e+02 -1.536965382473738195e+01
1.557097987249133876e+05 1.090474530939985998e+05 8.020784534690997680e+04 6.104610474871071347e+04 3.963809192570194136e+04 3.090622026594395356e+04 3.558462953238252521e+04 1.139981229764754971e+04 6.385723899013722985e+03 3.904985585543066009e+03 1.701062862557601647e+03 6.910444381942650125e+02 1.690080911487257822e+02 1.738041182897547898e+01
1.086858148773027351e+05 7.702980529798555654e+04 5.402187264229029824e+04 4.006491328393397998e+04 2.584760040567953547e+04 2.118436962391739507e+04 1.139981229764754971e+04 1.828418613876457675e+04 4.397739264251986242e+03 2.543763794860143662e+03 1.331362436430974867e+03 3.422346539349085219e+02 1.004640843220865634e+02 1.186815014410759694e+01
5.635351263298310369e+04 3.966210911661529099e+04 2.909323949960295067e+04 2.140142754202910874e+04 1.296822637862223746e+04 1.011599857857040115e+04 6.385723899013722985e+03 4.397739264251986242e+03 6.892971066825484741e+03 1.374619605608302663e+03 7.640094177565576956e+02 1.535489357512379627e+02 7.708313397746664464e+01 1.398859793566522569e+01
3.019001817123239380e+04 2.222297631300744615e+04 1.735105007689138438e+04 1.247311247405874383e+04 8.000839714986396757e+03 5.066189292471310182e+03 3.904985585543066009e+03 2.543763794860143662e+03 1.374619605608302663e+03 3.028075559320013326e+03 3.206038037797305833e+02 1.218653289328921119e+02 5.576089188347183523e+01 4.567087547470208619e+00
1.470271913037931699e+04 1.168182378595439513e+04 9.143495099050294812e+03 5.984636181943343217e+03 3.720766257864441741e+03 2.615832948806040349e+03 1.701062862557601647e+03 1.331362436430974867e+03 7.640094177565576956e+02 3.206038037797305833e+02 9.611191729031531850e+02 3.973550408003607970e+01 4.958788547730691221e+00 7.868354328938245157e-01
4.918471429188865841e+03 3.289077218105495831e+03 2.652400056074373879e+03 1.897416217934249516e+03 1.038166359764450817e+03 8.907764698651153594e+02 6.910444381942650125e+02 3.422346539349085219e+02 1.535489357512379627e+02 1.218653289328921119e+02 3.973550408003607970e+01 2.257796178485494636e+02 9.666826111960553192e+00 2.105087996653158378e+00
1.368599252760365516e+03 9.832308601024939207e+02 7.054203527526640300e+02 4.867127626599184396e+02 2.562824827387688060e+02 1.990876416583026014e+02 1.690080911487257822e+02 1.004640843220865634e+02 7.708313397746664464e+01 5.576089188347183523e+01 4.958788547730691221e+00 9.666826111960553192e+00 4.759903478182038583e+01 -4.217560260535096472e-01
1.180689116996917249e+02 3.386490915190779560e+01 2.651371845285310513e+01 7.937214456269506613e+00 2.627851567611055827e+01 -1.536965382473738195e+01 1.738041182897547898e+01 1.186815014410759694e+01 1.398859793566522569e+01 4.567087547470208619e+00 7.868354328938245157e-01 2.105087996653158378e+00 -4.217560260535096472e-01 4.972445009387858050e+00
