1.592828362107944442e+06 8.979076021553397877e+05 6.431062532326006331e+05 4.247716094257765217e+05 2.892700276880501187e+05 1.776623377309266361e+05 1.041545533269610896e+05 6.632187389615342545e+04 2.793377601738452722e+04 9.623123456088656894e+03 3.802450916916755887e+03 9.365383937948403172e+02 5.550142830923823567e+01
8.979076021553397877e+05 8.356113053266322240e+05 4.741617075123401009e+05 3.041800098444408504e+05 2.087965535288501123e+05 1.276140014678328298e+05 7.486867393220320810e+04 4.364185153570413968e+04 2.166539025043630318e+04 8.167529912785467786e+03 2.634683411983960923e+03 5.307212766891566389e+02 5.620638091746829446e+01
6.431062532326006331e+05 4.741617075123401009e+05 4.686465507338750758e+05 2.220347608812113176e+05 1.512274888811848359e+05 9.108558568434724293e+04 5.531751221478923253e+04 3.304941821437142062e+04 1.584316502005790790e+04 5.695492024026672880e+03 1.751474675248430458e+03 3.624117837637427328e+02 2.729673381879817384e+01
4.247716094257765217e+05 3.041800098444408504e+05 2.220347608812113176e+05 2.147233297608922294e+05 1.000346519136308925e+05 5.519207036231754319e+04 3.839648781589623832e+04 2.135770872004325065e+04 8.826461610177377224e+03 3.769309758890666672e+03 1.392533720366988518e+03 2.828853602957094608e+02 8.387096306749779018e+00
2.892700276880501187e+05 2.087965535288501123e+05 1.512274888811848359e+05 1.000346519136308925e+05 1.109741893183098582e+05 4.184679616524972516e+04 2.486810320680507721e+04 1.294958721113528190e+04 6.328354684212988104e+03 2.478257842813409752e+03 8.277982924898817600e+02 1.505433163888586705e+02 1.379251451626029024e+01
1.776623377309266361e+05 1.276140014678328298e+05 9.108558568434724293e+04 5.519207036231754319e+04 4.184679616524972516e+04 4.785256451455579372e+04 1.580942233845432020e+04 9.271973142528579046e+03 4.511860598657657647e+03 1.669326786423662270e+03 4.438853206396397582e+02 1.765918065789820730e+02 6.518921580790096648e+00
1.041545533269610896e+05 7.486867393220320810e+04 5.531751221478923253e+04 3.839648781589623832e+04 2.486810320680507721e+04 1.580942233845432020e+04 2.104412698674436979e+04 5.397073490887009029e+03 2.735970626940360944e+03 1.003702584004422306e+03 2.725808027681247836e+02 1.129939760724829085e+02 1.833645211070933101e+01
6.632187389615342545e+04 4.364185153570413968e+04 3.304941821437142062e+04 2.135770872004325065e+04 1.294958721113528190e+04 9.271973142528579046e+03 5.397073490887009029e+03 7.979021996462402967e+03 1.768739386142545527e+03 5.148174351941021314e+02 1.745775739532630837e+02 6.879328102309709436e+01 2.386473246678849858e+00
2.793377601738452722e+04 2.166539025043630318e+04 1.584316502005790790e+04 8.826461610177377224e+03 6.328354684212988104e+03 4.511860598657657647e+03 2.735970626940360944e+03 1.768739386142545527e+03 2.988456433693962481e+03 3.853852974970848777e+02 7.681781402922234747e+01 2.151989685716020873e+01 6.075268664243155037e+00
9.623123456088656894e+03 8.167529912785467786e+03 5.695492024026672880e+03 3.769309758890666672e+03 2.478257842813409752e+03 1.669326786423662270e+03 1.003702584004422306e+03 5.148174351941021314e+02 3.853852974970848777e+02 6.947130277072614035e+02 1.777178102264613457e+01 6.585936470641594376e+00 1.710519993946466366e+00
3.802450916916755887e+03 2.634683411983960923e+03 1.751474675248430458e+03 1.392533720366988518e+03 8.277982924898817600e+02 4.438853206396397582e+02 2.725808027681247836e+02 1.745775739532630837e+02 7.681781402922234747e+01 1.777178102264613457e+01 1.798221925762200613e+02 3.644276606923866346e+00 -5.581185487136274270e-01
9.365383937948403172e+02 5.307212766891566389e+02 3.624117837637427328e+02 2.828853602957094608e+02 1.505433163888586705e+02 1.765918065789820730e+02 1.129939760724829085e+02 6.879328102309709436e+01 2.151989685716020873e+01 6.585936470641594376e+00 3.644276606923866346e+00 2.411199150464130270e+01 -9.036858254061154450e-02
5.550142830923823567e+01 5.620638091746829446e+01 2.729673381879817384e+01 8.387096306749779018e+00 1.379251451626029024e+01 6.518921580790096648e+00 1.833645211070933101e+01 2.386473246678849858e+00 6.075268664243155037e+00 1.710519993946466366e+00 -5.581185487136274270e-01 -9.036858254061154450e-02 2.003393789493967070e+00
