1.336601483235704247e+06 7.954848221935327165e+05 5.198050955993365496e+05 3.341154282956821844e+05 2.068099864200814627e+05 1.164550285270079621e+05 7.029460922713975015e+04 3.253006757786493836e+04 1.122659230012161788e+04 2.566333309079085666e+03 7.407030457144788897e+02 7.478010577474285014e+01
7.954848221935327165e+05 7.514017949379951460e+05 3.882610268189756898e+05 2.569964334389005671e+05 1.495184607289356063e+05 8.321928129871209967e+04 5.034690522784538916e+04 2.174155203143323524e+04 8.540924153936621224e+03 1.675979856082005881e+03 5.179588007092086173e+02 5.872526529847441168e+01
5.198050955993365496e+05 3.882610268189756898e+05 3.450991568199986941e+05 1.587600547485558200e+05 9.854177555998723255e+04 5.669087308948711143e+04 3.394956410246487940e+04 1.375818260499846656e+04 5.767068110186300146e+03 1.531739232003510324e+03 2.646578099808059505e+02 5.895663696140699983e+01
3.341154282956821844e+05 2.569964334389005671e+05 1.587600547485558200e+05 1.620034717391462182e+05 6.417772873112282832e+04 3.605293643942818744e+04 2.083658686968813709e+04 1.042791692740088911e+04 3.574417683755696999e+03 9.127278771144151506e+02 2.135207509162358122e+02 6.568602295487344200e+00
2.068099864200814627e+05 1.495184607289356063e+05 9.854177555998723255e+04 6.417772873112282832e+04 7.029649745520352735e+04 2.123667945511901780e+04 1.387171942509423388e+04 6.372057950145539508e+03 2.190266121836243656e+03 5.473488842337666256e+02 1.708542476476496859e+02 4.466649560931024610e+00
1.164550285270079621e+05 8.321928129871209967e+04 5.669087308948711143e+04 3.605293643942818744e+04 2.123667945511901780e+04 2.736651480348318000e+04 7.800283853079704386e+03 3.930855534407400683e+03 1.545907805193784725e+03 3.174654508829326574e+02 1.292544069607601500e+02 1.711365995075081514e+01
7.029460922713975015e+04 5.034690522784538916e+04 3.394956410246487940e+04 2.083658686968813709e+04 1.387171942509423388e+04 7.800283853079704386e+03 1.097831089801282178e+04 2.475112089797381486e+03 9.320121169879013223e+02 1.338426246835748543e+02 5.697233083512828955e+01 7.890165861803184022e+00
3.253006757786493836e+04 2.174155203143323524e+04 1.375818260499846656e+04 1.042791692740088911e+04 6.372057950145539508e+03 3.930855534407400683e+03 2.475112089797381486e+03 3.736636670355707793e+03 3.915906572048874068e+02 6.617621715602970767e+01 1.367837898905057514e+01 5.435273302415195573e+00
1.122659230012161788e+04 8.540924153936621224e+03 5.767068110186300146e+03 3.574417683755696999e+03 2.190266121836243656e+03 1.545907805193784725e+03 9.320121169879013223e+02 3.915906572048874068e+02 8.829456382290213696e+02 8.172517721669240132e+01 2.208618992727507191e+01 2.196070021177931597e+00
2.566333309079085666e+03 1.675979856082005881e+03 1.531739232003510324e+03 9.127278771144151506e+02 5.473488842337666256e+02 3.174654508829326574e+02 1.338426246835748543e+02 6.617621715602970767e+01 8.172517721669240132e+01 1.662719122552379645e+02 9.098004373451384907e+00 3.803907000968900776e-01
7.407030457144788897e+02 5.179588007092086173e+02 2.646578099808059505e+02 2.135207509162358122e+02 1.708542476476496859e+02 1.292544069607601500e+02 5.697233083512828955e+01 1.367837898905057514e+01 2.208618992727507191e+01 9.098004373451384907e+00 3.413320261487969276e+01 -1.254897154958811711e-01
7.478010577474285014e+01 5.872526529847441168e+01 5.895663696140699983e+01 6.568602295487344200e+00 4.466649560931024610e+00 1.711365995075081514e+01 7.890165861803184022e+00 5.435273302415195573e+00 2.196070021177931597e+00 3.803907000968900776e-01 -1.254897154958811711e-01 1.999992340715606831e+00
