5.708574884550910792e+04 1.404079136579482838e+04 4.828013254139653327e+03 1.201896537825552969e+03 1.097004174565840628e+02 6.587755308957429889e+00 -1.173610401131159797e+01
1.404079136579482838e+04 1.425997020121114838e+04 1.917806419003306928e+03 5.947633628694125036e+02 6.488272912322791797e+01 1.967527275634856920e+01 -2.244697189797007830e+00
4.828013254139653327e+03 1.917806419003306928e+03 2.784418909691199588e+03 1.596041438967454553e+02 3.034431653232750037e+01 5.010854828644498049e+00 7.958077820069384689e-01
1.201896537825552969e+03 5.947633628694125036e+02 1.596041438967454553e+02 5.079120170793609077e+02 1.872979216221056120e+01 -1.735818350891174811e-01 1.189213821335231236e+00
1.097004174565840628e+02 6.488272912322791797e+01 3.034431653232750037e+01 1.872979216221056120e+01 5.704907865104807740e+01 -5.572089913487049406e-01 9.059944165854217912e-01
6.587755308957429889e+00 1.967527275634856920e+01 5.010854828644498049e+00 -1.735818350891174811e-01 -5.572089913487049406e-01 5.034275687170445046e+00 -9.913559774331576896e-03
-1.173610401131159797e+01 -2.244697189797007830e+00 7.958077820069384689e-01 1.189213821335231236e+00 9.059944165854217912e-01 -9.913559774331576896e-03 1.011535477831774221e+00
