1.598587885055323830e+06 9.341519818379592616e+05 6.662880154641007539e+05 4.568962513554814504e+05 3.332035613059097086e+05 1.947555957595061918e+05 1.245672790593644459e+05 8.034207745646849799e+04 4.022067088180609426e+04 1.795843594266042055e+04 5.662597206030794950e+03 1.857270748028603066e+03 2.110720687215653584e+02
9.341519818379592616e+05 8.704633862493657507e+05 4.925880168286292464e+05 3.235176674806106021e+05 2.273496195308284077e+05 1.373136725392710941e+05 9.235547344721638365e+04 5.720575965825138701e+04 2.687830115192266749e+04 1.462642475134968117e+04 4.333750037807099943e+03 1.145347447811584289e+03 2.147895980911910669e+02
6.662880154641007539e+05 4.925880168286292464e+05 4.895503965248809545e+05 2.462311364203155972e+05 1.616456626302505902e+05 1.002243929864386882e+05 6.660060742640295939e+04 4.322983806800894672e+04 2.120236793587140710e+04 1.062019478937957865e+04 3.323715334557826736e+03 8.430472482185109584e+02 1.072927971545973520e+02
4.568962513554814504e+05 3.235176674806106021e+05 2.462311364203155972e+05 2.458163455169013178e+05 1.134229817471553688e+05 6.830813810480773100e+04 4.449027483160412521e+04 2.824249637198789787e+04 1.311717000780444323e+04 6.672806750082443614e+03 2.054979920713682986e+03 4.857558518097146134e+02 1.039843194458620701e+02
3.332035613059097086e+05 2.273496195308284077e+05 1.616456626302505902e+05 1.134229817471553688e+05 1.210681009592820046e+05 5.066511304474054486e+04 2.946650375199709015e+04 1.848344484510124676e+04 9.425946796380032538e+03 4.549167609190621079e+03 1.619140166896920391e+03 3.871889737862473453e+02 1.468642870079120932e+01
1.947555957595061918e+05 1.373136725392710941e+05 1.002243929864386882e+05 6.830813810480773100e+04 5.066511304474054486e+04 5.760039340802672814e+04 2.037286716665616768e+04 1.243569784513561353e+04 5.764728219926495512e+03 3.096739104463806143e+03 7.845909040521589759e+02 2.211063183134117764e+02 3.759795013203336111e+01
1.245672790593644459e+05 9.235547344721638365e+04 6.660060742640295939e+04 4.449027483160412521e+04 2.946650375199709015e+04 2.037286716665616768e+04 2.690718695011077943e+04 8.694703251314889712e+03 3.867958072656519562e+03 2.229298667499794192e+03 5.240690572617143062e+02 2.270186615308118121e+02 9.726952720013072096e+00
8.034207745646849799e+04 5.720575965825138701e+04 4.322983806800894672e+04 2.824249637198789787e+04 1.848344484510124676e+04 1.243569784513561353e+04 8.694703251314889712e+03 1.189163235315255770e+04 2.505139994847650087e+03 1.341727467195728423e+03 2.365720340022946857e+02 1.072051870688618180e+02 1.730678309283101513e+01
4.022067088180609426e+04 2.687830115192266749e+04 2.120236793587140710e+04 1.311717000780444323e+04 9.425946796380032538e+03 5.764728219926495512e+03 3.867958072656519562e+03 2.505139994847650087e+03 4.157820625768173159e+03 7.149113337373308923e+02 2.167781363108623509e+02 6.817068656088169121e+01 9.880145529615035116e+00
1.795843594266042055e+04 1.462642475134968117e+04 1.062019478937957865e+04 6.672806750082443614e+03 4.549167609190621079e+03 3.096739104463806143e+03 2.229298667499794192e+03 1.341727467195728423e+03 7.149113337373308923e+02 1.426045124993803029e+03 1.046343833330506072e+02 -3.429384398418621416e+00 6.810946336765458575e+00
5.662597206030794950e+03 4.333750037807099943e+03 3.323715334557826736e+03 2.054979920713682986e+03 1.619140166896920391e+03 7.845909040521589759e+02 5.240690572617143062e+02 2.365720340022946857e+02 2.167781363108623509e+02 1.046343833330506072e+02 3.127351127438075196e+02 1.072734460838816162e+01 2.566758860136001186e+00
1.857270748028603066e+03 1.145347447811584289e+03 8.430472482185109584e+02 4.857558518097146134e+02 3.871889737862473453e+02 2.211063183134117764e+02 2.270186615308118121e+02 1.072051870688618180e+02 6.817068656088169121e+01 -3.429384398418621416e+00 1.072734460838816162e+01 7.308715638988502405e+01 1.243923707484437813e+00
2.110720687215653584e+02 2.147895980911910669e+02 1.072927971545973520e+02 1.039843194458620701e+02 1.468642870079120932e+01 3.759795013203336111e+01 9.726952720013072096e+00 1.730678309283101513e+01 9.880145529615035116e+00 6.810946336765458575e+00 2.566758860136001186e+00 1.243923707484437813e+00 5.956086210318063401e+00
