4.167033648330559954e+05 1.723404178580268635e+05 8.647089510932425037e+04 4.049081915841861337e+04 1.364181290165836799e+04 4.021338842337089773e+03 7.608383709708080005e+02 1.196864446869583389e+02
1.723404178580268635e+05 1.395810067024953314e+05 4.672900947025606001e+04 2.221458918737416025e+04 8.324406166029732049e+03 2.274183159227640317e+03 4.088568964127087497e+02 7.910108570127854932e+01
8.647089510932425037e+04 4.672900947025606001e+04 4.340440923601118993e+04 1.149083741588618977e+04 4.136995221521284293e+03 1.150808707128769811e+03 1.336957940600838981e+02 2.295908135452785359e+01
4.049081915841861337e+04 2.221458918737416025e+04 1.149083741588618977e+04 1.290661446586652164e+04 2.260826323992734160e+03 7.142370799051301447e+02 1.297937462501900825e+02 1.600110734826718328e+01
1.364181290165836799e+04 8.324406166029732049e+03 4.136995221521284293e+03 2.260826323992734160e+03 2.957375276772711004e+03 1.712634763026589155e+02 2.515437680170128232e+01 1.597510384984671461e+01
4.021338842337089773e+03 2.274183159227640317e+03 1.150808707128769811e+03 7.142370799051301447e+02 1.712634763026589155e+02 5.966121132201021737e+02 8.573832202584894091e+00 6.705259247483112084e+00
7.608383709708080005e+02 4.088568964127087497e+02 1.336957940600838981e+02 1.297937462501900825e+02 2.515437680170128232e+01 8.573832202584894091e+00 6.129081688897662161e+01 1.166245774534869328e+00
1.196864446869583389e+02 7.910108570127854932e+01 2.295908135452785359e+01 1.600110734826718328e+01 1.597510384984671461e+01 6.705259247483112084e+00 1.166245774534869328e+00 6.979742524409313198e+00
