1.813463967280561803e+06 1.091628090627084253e+06 7.435270414329154883e+05 4.737373148194375681e+05 2.933369269986767904e+05 1.812498683209831070e+05 9.009937075253481453e+04 4.583020388446965080e+04 1.672874254375941018e+04 5.815294094908377701e+03 7.845590602914256806e+02 -9.720834793213538205e+01 4.854535445845882435e+01 0.000000000000000000e+00 0.000000000000000000e+00 0.000000000000000000e+00 0.000000000000000000e+00 0.000000000000000000e+00 0.000000000000000000e+00 0.000000000000000000e+00
1.091628090627084253e+06 9.279242209672821919e+05 5.139100336252674460e+05 3.282835713500417769e+05 1.964713338981621200e+05 1.239986363552570256e+05 6.063005568043619860e+04 3.271044726432867537e+04 1.196191606069688532e+04 3.941359838446338927e+03 9.291082157378710917e+02 4.132902940067360475e+00 3.950596577538016874e+01 0.000000000000000000e+00 0.000000000000000000e+00 0.000000000000000000e+00 0.000000000000000000e+00 0.000000000000000000e+00 0.000000000000000000e+00 0.000000000000000000e+00
7.435270414329154883e+05 5.139100336252674460e+05 4.713477208870765753e+05 2.279152481617094018e+05 1.419854535187506990e+05 8.796276371382316574e+04 4.283417340336663619e+04 2.147321062499550317e+04 7.946609232545051782e+03 2.605832268091797232e+03 4.180667580963013847e+02 -7.065037170401828348e+01 1.784640204168715982e+01 0.000000000000000000e+00 0.000000000000000000e+00 0.000000000000000000e+00 0.000000000000000000e+00 0.000000000000000000e+00 0.000000000000000000e+00 0.000000000000000000e+00
4.737373148194375681e+05 3.282835713500417769e+05 2.279152481617094018e+05 2.055381165237145906e+05 8.990332024229926174e+04 5.543088420974857581e+04 2.770024446461762273e+04 1.309502733736865775e+04 5.216593616570800805e+03 1.882141482281458821e+03 2.799103781457947662e+02 -2.716565748195595376e+01 1.621576606938887011e+01 0.000000000000000000e+00 0.000000000000000000e+00 0.000000000000000000e+00 0.000000000000000000e+00 0.000000000000000000e+00 0.000000000000000000e+00 0.000000000000000000e+00
2.933369269986767904e+05 1.964713338981621200e+05 1.419854535187506990e+05 8.990332024229926174e+04 8.731234624811759568e+04 3.635460825890597334e+04 1.678965303622901411e+04 9.292125803649147201e+03 3.658857112289945690e+03 1.265118189452849265e+03 2.685370035122306263e+02 -1.663613958879950339e+00 -3.190780390706680958e+00 0.000000000000000000e+00 0.000000000000000000e+00 0.000000000000000000e+00 0.000000000000000000e+00 0.000000000000000000e+00 0.000000000000000000e+00 0.000000000000000000e+00
1.812498683209831070e+05 1.239986363552570256e+05 8.796276371382316574e+04 5.543088420974857581e+04 3.635460825890597334e+04 3.891730352082510944e+04 1.130640436921875880e+04 6.375825371158651251e+03 1.887691306512954725e+03 5.341485237416502514e+02 1.221880404079936255e+02 -1.326544743071782406e+01 2.225689453063284251e+00 0.000000000000000000e+00 0.000000000000000000e+00 0.000000000000000000e+00 0.000000000000000000e+00 0.000000000000000000e+00 0.000000000000000000e+00 0.000000000000000000e+00
9.009937075253481453e+04 6.063005568043619860e+04 4.283417340336663619e+04 2.770024446461762273e+04 1.678965303622901411e+04 1.130640436921875880e+04 1.339571258805633079e+04 3.085873927824409293e+03 9.924700703255612098e+02 4.088502679754626570e+02 5.501070885825878065e+01 -1.352695654574606365e+01 1.902948217203914050e+00 0.000000000000000000e+00 0.000000000000000000e+00 0.000000000000000000e+00 0.000000000000000000e+00 0.000000000000000000e+00 0.000000000000000000e+00 0.000000000000000000e+00
4.583020388446965080e+04 3.271044726432867537e+04 2.147321062499550317e+04 1.309502733736865775e+04 9.292125803649147201e+03 6.375825371158651251e+03 3.085873927824409293e+03 4.572666420124834076e+03 5.897230774877982640e+02 2.581182890507451475e+02 4.221530396777792049e+01 -6.695829676122952989e+00 8.407919351006714059e-01 0.000000000000000000e+00 0.000000000000000000e+00 0.000000000000000000e+00 0.000000000000000000e+00 0.000000000000000000e+00 0.000000000000000000e+00 0.000000000000000000e+00
1.672874254375941018e+04 1.196191606069688532e+04 7.946609232545051782e+03 5.216593616570800805e+03 3.658857112289945690e+03 1.887691306512954725e+03 9.924700703255612098e+02 5.897230774877982640e+02 1.304466625837972060e+03 9.278610538148338094e+01 1.414467772726030326e+01 4.540229481145398260e+00 2.894192506005682120e+00 0.000000000000000000e+00 0.000000000000000000e+00 0.000000000000000000e+00 0.000000000000000000e+00 0.000000000000000000e+00 0.000000000000000000e+00 0.000000000000000000e+00
5.815294094908377701e+03 3.941359838446338927e+03 2.605832268091797232e+03 1.882141482281458821e+03 1.265118189452849265e+03 5.341485237416502514e+02 4.088502679754626570e+02 2.581182890507451475e+02 9.278610538148338094e+01 3.458824420472094516e+02 8.418761754803123054e+00 -1.507664460537604390e+00 -6.281066801829345847e-01 0.000000000000000000e+00 0.000000000000000000e+00 0.000000000000000000e+00 0.000000000000000000e+00 0.000000000000000000e+00 0.000000000000000000e+00 0.000000000000000000e+00
7.845590602914256806e+02 9.291082157378710917e+02 4.180667580963013847e+02 2.799103781457947662e+02 2.685370035122306263e+02 1.221880404079936255e+02 5.501070885825878065e+01 4.221530396777792049e+01 1.414467772726030326e+01 8.418761754803123054e+00 5.257097041825933559e+01 -3.846740399758438733e-01 -9.615521511290300860e-02 0.000000000000000000e+00 0.000000000000000000e+00 0.000000000000000000e+00 0.000000000000000000e+00 0.000000000000000000e+00 0.000000000000000000e+00 0.000000000000000000e+00
-9.720834793213538205e+01 4.132902940067360475e+00 -7.065037170401828348e+01 -2.716565748195595376e+01 -1.663613958879950339e+00 -1.326544743071782406e+01 -1.352695654574606365e+01 -6.695829676122952989e+00 4.540229481145398260e+00 -1.507664460537604390e+00 -3.846740399758438733e-01 3.987590434952024143e+00 -7.848502298820501585e-03 0.000000000000000000e+00 0.000000000000000000e+00 0.000000000000000000e+00 0.000000000000000000e+00 0.000000000000000000e+00 0.000000000000000000e+00 0.000000000000000000e+00
4.854535445845882435e+01 3.950596577538016874e+01 1.784640204168715982e+01 1.621576606938887011e+01 -3.190780390706680958e+00 2.225689453063284251e+00 1.902948217203914050e+00 8.407919351006714059e-01 2.894192506005682120e+00 -6.281066801829345847e-01 -9.615521511290300860e-02 -7.848502298820501585e-03 1.002507557172939601e+00 0.000000000000000000e+00 0.000000000000000000e+00 0.000000000000000000e+00 0.000000000000000000e+00 0.000000000000000000e+00 0.000000000000000000e+00 0.000000000000000000e+00
0.000000000000000000e+00 0.000000000000000000e+00 0.000000000000000000e+00 0.000000000000000000e+00 0.000000000000000000e+00 0.000000000000000000e+00 0.000000000000000000e+00 0.000000000000000000e+00 0.000000000000000000e+00 0.000000000000000000e+00 0.000000000000000000e+00 0.000000000000000000e+00 0.000000000000000000e+00 0.000000000000000000e+00 0.000000000000000000e+00 0.000000000000000000e+00 0.000000000000000000e+00 0.000000000000000000e+00 0.000000000000000000e+00 0.000000000000000000e+00
0.000000000000000000e+00 0.000000000000000000e+00 0.000000000000000000e+00 0.000000000000000000e+00 0.000000000000000000e+00 0.000000000000000000e+00 0.000000000000000000e+00 0.000000000000000000e+00 0.000000000000000000e+00 0.000000000000000000e+00 0.000000000000000000e+00 0.000000000000000000e+00 0.000000000000000000e+00 0.000000000000000000e+00 0.000000000000000000e+00 0.000000000000000000e+00 0.000000000000000000e+00 0.000000000000000000e+00 0.000000000000000000e+00 0.000000000000000000e+00
0.000000000000000000e+00 0.000000000000000000e+00 0.000000000000000000e+00 0.000000000000000000e+00 0.000000000000000000e+00 0.000000000000000000e+00 0.000000000000000000e+00 0.000000000000000000e+00 0.000000000000000000e+00 0.000000000000000000e+00 0.000000000000000000e+00 0.000000000000000000e+00 0.000000000000000000e+00 0.000000000000000000e+00 0.000000000000000000e+00 0.000000000000000000e+00 0.000000000000000000e+00 0.000000000000000000e+00 0.000000000000000000e+00 0.000000000000000000e+00
0.000000000000000000e+00 0.000000000000000000e+00 0.000000000000000000e+00 0.000000000000000000e+00 0.000000000000000000e+00 0.000000000000000000e+00 0.000000000000000000e+00 0.000000000000000000e+00 0.000000000000000000e+00 0.000000000000000000e+00 0.000000000000000000e+00 0.000000000000000000e+00 0.000000000000000000e+00 0.000000000000000000e+00 0.000000000000000000e+00 0.000000000000000000e+00 0.000000000000000000e+00 0.000000000000000000e+00 0.000000000000000000e+00 0.000000000000000000e+00
0.000000000000000000e+00 0.000000000000000000e+00 0.000000000000000000e+00 0.000000000000000000e+00 0.000000000000000000e+00 0.000000000000000000e+00 0.000000000000000000e+00 0.000000000000000000e+00 0.000000000000000000e+00 0.000000000000000000e+00 0.000000000000000000e+00 0.000000000000000000e+00 0.000000000000000000e+00 0.000000000000000000e+00 0.000000000000000000e+00 0.000000000000000000e+00 0.000000000000000000e+00 0.000000000000000000e+00 0.000000000000000000e+00 0.000000000000000000e+00
0.000000000000000000e+00 0.000000000000000000e+00 0.000000000000000000e+00 0.000000000000000000e+00 0.000000000000000000e+00 0.000000000000000000e+00 0.000000000000000000e+00 0.000000000000000000e+00 0.000000000000000000e+00 0.000000000000000000e+00 0.000000000000000000e+00 0.000000000000000000e+00 0.000000000000000000e+00 0.000000000000000000e+00 0.000000000000000000e+00 0.000000000000000000e+00 0.000000000000000000e+00 0.000000000000000000e+00 0.000000000000000000e+00 0.000000000000000000e+00
0.000000000000000000e+00 0.000000000000000000e+00 0.000000000000000000e+00 0.000000000000000000e+00 0.000000000000000000e+00 0.000000000000000000e+00 0.000000000000000000e+00 0.000000000000000000e+00 0.000000000000000000e+00 0.000000000000000000e+00 0.000000000000000000e+00 0.000000000000000000e+00 0.000000000000000000e+00 0.000000000000000000e+00 0.000000000000000000e+00 0.000000000000000000e+00 0.000000000000000000e+00 0.000000000000000000e+00 0.000000000000000000e+00 0.000000000000000000e+00
