1.746816457895118976e+06 1.003587995184752857e+06 6.933121070597313810e+05 4.101735960767338984e+05 2.398425256977808604e+05 1.345152471737341548e+05 7.194722649031253241e+04 3.187070358783815391e+04 8.545672322426311439e+03 1.874878545589403302e+03 1.836090596349253588e+02 4.275002268970551000e+01 0.000000000000000000e+00 0.000000000000000000e+00 0.000000000000000000e+00 0.000000000000000000e+00 0.000000000000000000e+00 0.000000000000000000e+00 0.000000000000000000e+00 0.000000000000000000e+00
1.003587995184752857e+06 8.329525813586588483e+05 4.543902529489708832e+05 2.777228239981569350e+05 1.584567783029974089e+05 8.813272789314719557e+04 5.237066011353063368e+04 1.903902840920273229e+04 5.331291239261198825e+03 1.518978426711729981e+03 3.233617327186080388e+02 1.898693812111702073e+01 0.000000000000000000e+00 0.000000000000000000e+00 0.000000000000000000e+00 0.000000000000000000e+00 0.000000000000000000e+00 0.000000000000000000e+00 0.000000000000000000e+00 0.000000000000000000e+00
6.933121070597313810e+05 4.543902529489708832e+05 4.199108174943131744e+05 1.888969268054356507e+05 1.132433635951464676e+05 6.161026650481187244e+04 3.351389995749117952e+04 1.483539499642840201e+04 3.795666954362896831e+03 8.549270592575223873e+02 1.926495713278034145e+02 2.327928343296985503e+01 0.000000000000000000e+00 0.000000000000000000e+00 0.000000000000000000e+00 0.000000000000000000e+00 0.000000000000000000e+00 0.000000000000000000e+00 0.000000000000000000e+00 0.000000000000000000e+00
4.101735960767338984e+05 2.777228239981569350e+05 1.888969268054356507e+05 1.660457133248400642e+05 6.777918717815341370e+04 3.843633091544522904e+04 1.996476347453111521e+04 8.633764406990645512e+03 2.509784172400519765e+03 7.641692773786778616e+02 1.086388235776783517e+02 5.991056322419279212e+00 0.000000000000000000e+00 0.000000000000000000e+00 0.000000000000000000e+00 0.000000000000000000e+00 0.000000000000000000e+00 0.000000000000000000e+00 0.000000000000000000e+00 0.000000000000000000e+00
2.398425256977808604e+05 1.584567783029974089e+05 1.132433635951464676e+05 6.777918717815341370e+04 6.638377280823919864e+04 2.407822748930364833e+04 1.306973263869669790e+04 5.555919566178873538e+03 1.259658522672065828e+03 4.342341284802622567e+02 4.204291252750945063e+01 -2.611563940958182783e+00 0.000000000000000000e+00 0.000000000000000000e+00 0.000000000000000000e+00 0.000000000000000000e+00 0.000000000000000000e+00 0.000000000000000000e+00 0.000000000000000000e+00 0.000000000000000000e+00
1.345152471737341548e+05 8.813272789314719557e+04 6.161026650481187244e+04 3.843633091544522904e+04 2.407822748930364833e+04 2.568627820226894619e+04 7.674195468941871695e+03 3.228528700073168693e+03 9.239948406843910789e+02 2.189291561454778616e+02 2.507143969575645315e+01 8.055187042977062006e+00 0.000000000000000000e+00 0.000000000000000000e+00 0.000000000000000000e+00 0.000000000000000000e+00 0.000000000000000000e+00 0.000000000000000000e+00 0.000000000000000000e+00 0.000000000000000000e+00
7.194722649031253241e+04 5.237066011353063368e+04 3.351389995749117952e+04 1.996476347453111521e+04 1.306973263869669790e+04 7.674195468941871695e+03 1.010404405851371666e+04 1.452353408955590794e+03 5.037345137305941876e+02 1.076513719098894910e+02 1.896362774490107839e+01 5.025124536934122865e+00 0.000000000000000000e+00 0.000000000000000000e+00 0.000000000000000000e+00 0.000000000000000000e+00 0.000000000000000000e+00 0.000000000000000000e+00 0.000000000000000000e+00 0.000000000000000000e+00
3.187070358783815391e+04 1.903902840920273229e+04 1.483539499642840201e+04 8.633764406990645512e+03 5.555919566178873538e+03 3.228528700073168693e+03 1.452353408955590794e+03 2.825068291467069685e+03 2.740505001164807481e+02 5.763770577733198763e+01 6.077634157800646086e+00 -1.003915811451840057e+00 0.000000000000000000e+00 0.000000000000000000e+00 0.000000000000000000e+00 0.000000000000000000e+00 0.000000000000000000e+00 0.000000000000000000e+00 0.000000000000000000e+00 0.000000000000000000e+00
8.545672322426311439e+03 5.331291239261198825e+03 3.795666954362896831e+03 2.509784172400519765e+03 1.259658522672065828e+03 9.239948406843910789e+02 5.037345137305941876e+02 2.740505001164807481e+02 7.233572518867368899e+02 -6.011392826155491642e-01 5.023890808282263976e+00 7.658187910202933768e-01 0.000000000000000000e+00 0.000000000000000000e+00 0.000000000000000000e+00 0.000000000000000000e+00 0.000000000000000000e+00 0.000000000000000000e+00 0.000000000000000000e+00 0.000000000000000000e+00
1.874878545589403302e+03 1.518978426711729981e+03 8.549270592575223873e+02 7.641692773786778616e+02 4.342341284802622567e+02 2.189291561454778616e+02 1.076513719098894910e+02 5.763770577733198763e+01 -6.011392826155491642e-01 1.509954355678722493e+02 3.233631090998663193e+00 -2.767819376373140128e-01 0.000000000000000000e+00 0.000000000000000000e+00 0.000000000000000000e+00 0.000000000000000000e+00 0.000000000000000000e+00 0.000000000000000000e+00 0.000000000000000000e+00 0.000000000000000000e+00
1.836090596349253588e+02 3.233617327186080388e+02 1.926495713278034145e+02 1.086388235776783517e+02 4.204291252750945063e+01 2.507143969575645315e+01 1.896362774490107839e+01 6.077634157800646086e+00 5.023890808282263976e+00 3.233631090998663193e+00 2.224868598345735649e+01 -4.121201950385644519e-02 0.000000000000000000e+00 0.000000000000000000e+00 0.000000000000000000e+00 0.000000000000000000e+00 0.000000000000000000e+00 0.000000000000000000e+00 0.000000000000000000e+00 0.000000000000000000e+00
4.275002268970551000e+01 1.898693812111702073e+01 2.327928343296985503e+01 5.991056322419279212e+00 -2.611563940958182783e+00 8.055187042977062006e+00 5.025124536934122865e+00 -1.003915811451840057e+00 7.658187910202933768e-01 -2.767819376373140128e-01 -4.121201950385644519e-02 1.002645160748661946e+00 0.000000000000000000e+00 0.000000000000000000e+00 0.000000000000000000e+00 0.000000000000000000e+00 0.000000000000000000e+00 0.000000000000000000e+00 0.000000000000000000e+00 0.000000000000000000e+00
0.000000000000000000e+00 0.000000000000000000e+00 0.000000000000000000e+00 0.000000000000000000e+00 0.000000000000000000e+00 0.000000000000000000e+00 0.000000000000000000e+00 0.000000000000000000e+00 0.000000000000000000e+00 0.000000000000000000e+00 0.000000000000000000e+00 0.000000000000000000e+00 0.000000000000000000e+00 0.000000000000000000e+00 0.000000000000000000e+00 0.000000000000000000e+00 0.000000000000000000e+00 0.000000000000000000e+00 0.000000000000000000e+00 0.000000000000000000e+00
0.000000000000000000e+00 0.000000000000000000e+00 0.000000000000000000e+00 0.000000000000000000e+00 0.000000000000000000e+00 0.000000000000000000e+00 0.000000000000000000e+00 0.000000000000000000e+00 0.000000000000000000e+00 0.000000000000000000e+00 0.000000000000000000e+00 0.000000000000000000e+00 0.000000000000000000e+00 0.000000000000000000e+00 0.000000000000000000e+00 0.000000000000000000e+00 0.000000000000000000e+00 0.000000000000000000e+00 0.000000000000000000e+00 0.000000000000000000e+00
0.000000000000000000e+00 0.000000000000000000e+00 0.000000000000000000e+00 0.000000000000000000e+00 0.000000000000000000e+00 0.000000000000000000e+00 0.000000000000000000e+00 0.000000000000000000e+00 0.000000000000000000e+00 0.000000000000000000e+00 0.000000000000000000e+00 0.000000000000000000e+00 0.000000000000000000e+00 0.000000000000000000e+00 0.000000000000000000e+00 0.000000000000000000e+00 0.000000000000000000e+00 0.000000000000000000e+00 0.000000000000000000e+00 0.000000000000000000e+00
0.000000000000000000e+00 0.000000000000000000e+00 0.000000000000000000e+00 0.000000000000000000e+00 0.000000000000000000e+00 0.000000000000000000e+00 0.000000000000000000e+00 0.000000000000000000e+00 0.000000000000000000e+00 0.000000000000000000e+00 0.000000000000000000e+00 0.000000000000000000e+00 0.000000000000000000e+00 0.000000000000000000e+00 0.000000000000000000e+00 0.000000000000000000e+00 0.000000000000000000e+00 0.000000000000000000e+00 0.000000000000000000e+00 0.000000000000000000e+00
0.000000000000000000e+00 0.000000000000000000e+00 0.000000000000000000e+00 0.000000000000000000e+00 0.000000000000000000e+00 0.000000000000000000e+00 0.000000000000000000e+00 0.000000000000000000e+00 0.000000000000000000e+00 0.000000000000000000e+00 0.000000000000000000e+00 0.000000000000000000e+00 0.000000000000000000e+00 0.000000000000000000e+00 0.000000000000000000e+00 0.000000000000000000e+00 0.000000000000000000e+00 0.000000000000000000e+00 0.000000000000000000e+00 0.000000000000000000e+00
0.000000000000000000e+00 0.000000000000000000e+00 0.000000000000000000e+00 0.000000000000000000e+00 0.000000000000000000e+00 0.000000000000000000e+00 0.000000000000000000e+00 0.000000000000000000e+00 0.000000000000000000e+00 0.000000000000000000e+00 0.000000000000000000e+00 0.000000000000000000e+00 0.000000000000000000e+00 0.000000000000000000e+00 0.000000000000000000e+00 0.000000000000000000e+00 0.000000000000000000e+00 0.000000000000000000e+00 0.000000000000000000e+00 0.000000000000000000e+00
0.000000000000000000e+00 0.000000000000000000e+00 0.000000000000000000e+00 0.000000000000000000e+00 0.000000000000000000e+00 0.000000000000000000e+00 0.000000000000000000e+00 0.000000000000000000e+00 0.000000000000000000e+00 0.000000000000000000e+00 0.000000000000000000e+00 0.000000000000000000e+00 0.000000000000000000e+00 0.000000000000000000e+00 0.000000000000000000e+00 0.000000000000000000e+00 0.000000000000000000e+00 0.000000000000000000e+00 0.000000000000000000e+00 0.000000000000000000e+00
0.000000000000000000e+00 0.000000000000000000e+00 0.000000000000000000e+00 0.000000000000000000e+00 0.000000000000000000e+00 0.000000000000000000e+00 0.000000000000000000e+00 0.000000000000000000e+00 0.000000000000000000e+00 0.000000000000000000e+00 0.000000000000000000e+00 0.000000000000000000e+00 0.000000000000000000e+00 0.000000000000000000e+00 0.000000000000000000e+00 0.000000000000000000e+00 0.000000000000000000e+00 0.000000000000000000e+00 0.000000000000000000e+00 0.000000000000000000e+00
