1.812009289637350943e+06 1.016347162296069553e+06 6.670667746880340856e+05 4.054554896486949874e+05 2.426967094961411203e+05 1.402882634647099476e+05 6.657423596848749730e+04 2.993384589743499237e+04 8.733897975234618571e+03 2.490415703592170757e+03 4.721847248087102571e+02 3.769173694344986529e+02 0.000000000000000000e+00 0.000000000000000000e+00 0.000000000000000000e+00 0.000000000000000000e+00 0.000000000000000000e+00 0.000000000000000000e+00 0.000000000000000000e+00 0.000000000000000000e+00
1.016347162296069553e+06 8.087617968877203530e+05 4.293744467509042588e+05 2.648944110255468986e+05 1.605752925621823815e+05 8.989827501893680892e+04 4.337038707828902261e+04 2.068422629186094127e+04 6.117642800062076276e+03 1.904341049626116728e+03 2.414262250260789813e+02 2.254339365049986270e+02 0.000000000000000000e+00 0.000000000000000000e+00 0.000000000000000000e+00 0.000000000000000000e+00 0.000000000000000000e+00 0.000000000000000000e+00 0.000000000000000000e+00 0.000000000000000000e+00
6.670667746880340856e+05 4.293744467509042588e+05 3.732299042091195006e+05 1.662535854346739652e+05 1.068738038136283139e+05 5.778566325929851155e+04 2.902961771886152565e+04 1.277011928502991213e+04 3.909803043337795771e+03 1.086951476547842503e+03 3.034056818765899948e+02 1.581301575494985627e+02 0.000000000000000000e+00 0.000000000000000000e+00 0.000000000000000000e+00 0.000000000000000000e+00 0.000000000000000000e+00 0.000000000000000000e+00 0.000000000000000000e+00 0.000000000000000000e+00
4.054554896486949874e+05 2.648944110255468986e+05 1.662535854346739652e+05 1.580410202823158470e+05 6.705663539172497985e+04 3.635277496415313362e+04 1.792665087261742519e+04 8.188803657012729673e+03 2.126522346100867708e+03 8.106835684291648931e+02 1.052938499753184232e+02 1.543161916191927787e+02 0.000000000000000000e+00 0.000000000000000000e+00 0.000000000000000000e+00 0.000000000000000000e+00 0.000000000000000000e+00 0.000000000000000000e+00 0.000000000000000000e+00 0.000000000000000000e+00
2.426967094961411203e+05 1.605752925621823815e+05 1.068738038136283139e+05 6.705663539172497985e+04 6.396876765094833536e+04 2.466015973258667145e+04 1.071714341338533086e+04 5.427875647345736070e+03 1.567434703505726020e+03 5.194351569550176464e+02 6.668014169013399339e+01 9.222806484324932796e+01 0.000000000000000000e+00 0.000000000000000000e+00 0.000000000000000000e+00 0.000000000000000000e+00 0.000000000000000000e+00 0.000000000000000000e+00 0.000000000000000000e+00 0.000000000000000000e+00
1.402882634647099476e+05 8.989827501893680892e+04 5.778566325929851155e+04 3.635277496415313362e+04 2.466015973258667145e+04 2.451623770721858818e+04 6.487630811541252115e+03 3.202405993493763162e+03 6.398577887523737218e+02 2.183687264309490672e+02 1.032163483178849646e+02 5.044812379136291014e+01 0.000000000000000000e+00 0.000000000000000000e+00 0.000000000000000000e+00 0.000000000000000000e+00 0.000000000000000000e+00 0.000000000000000000e+00 0.000000000000000000e+00 0.000000000000000000e+00
6.657423596848749730e+04 4.337038707828902261e+04 2.902961771886152565e+04 1.792665087261742519e+04 1.071714341338533086e+04 6.487630811541252115e+03 8.013570227473300292e+03 1.284174354686770585e+03 5.686294623236597090e+02 1.631578707849062937e+02 8.218877598533504969e-01 2.344580819297362595e+01 0.000000000000000000e+00 0.000000000000000000e+00 0.000000000000000000e+00 0.000000000000000000e+00 0.000000000000000000e+00 0.000000000000000000e+00 0.000000000000000000e+00 0.000000000000000000e+00
2.993384589743499237e+04 2.068422629186094127e+04 1.277011928502991213e+04 8.188803657012729673e+03 5.427875647345736070e+03 3.202405993493763162e+03 1.284174354686770585e+03 2.472930929278650638e+03 2.238312318035756903e+02 4.718359739406137976e+01 1.818872580256469007e+01 1.688542768134016470e+01 0.000000000000000000e+00 0.000000000000000000e+00 0.000000000000000000e+00 0.000000000000000000e+00 0.000000000000000000e+00 0.000000000000000000e+00 0.000000000000000000e+00 0.000000000000000000e+00
8.733897975234618571e+03 6.117642800062076276e+03 3.909803043337795771e+03 2.126522346100867708e+03 1.567434703505726020e+03 6.398577887523737218e+02 5.686294623236597090e+02 2.238312318035756903e+02 5.809045533146554590e+02 4.518073145872324403e+01 1.404198189151674381e+00 1.588565258095515187e+00 0.000000000000000000e+00 0.000000000000000000e+00 0.000000000000000000e+00 0.000000000000000000e+00 0.000000000000000000e+00 0.000000000000000000e+00 0.000000000000000000e+00 0.000000000000000000e+00
2.490415703592170757e+03 1.904341049626116728e+03 1.086951476547842503e+03 8.106835684291648931e+02 5.194351569550176464e+02 2.183687264309490672e+02 1.631578707849062937e+02 4.718359739406137976e+01 4.518073145872324403e+01 1.265592018318805430e+02 3.753782590253473828e+00 -1.727420510273832699e-01 0.000000000000000000e+00 0.000000000000000000e+00 0.000000000000000000e+00 0.000000000000000000e+00 0.000000000000000000e+00 0.000000000000000000e+00 0.000000000000000000e+00 0.000000000000000000e+00
4.721847248087102571e+02 2.414262250260789813e+02 3.034056818765899948e+02 1.052938499753184232e+02 6.668014169013399339e+01 1.032163483178849646e+02 8.218877598533504969e-01 1.818872580256469007e+01 1.404198189151674381e+00 3.753782590253473828e+00 3.127737094292246312e+01 -3.041893767084120070e-01 0.000000000000000000e+00 0.000000000000000000e+00 0.000000000000000000e+00 0.000000000000000000e+00 0.000000000000000000e+00 0.000000000000000000e+00 0.000000000000000000e+00 0.000000000000000000e+00
3.769173694344986529e+02 2.254339365049986270e+02 1.581301575494985627e+02 1.543161916191927787e+02 9.222806484324932796e+01 5.044812379136291014e+01 2.344580819297362595e+01 1.688542768134016470e+01 1.588565258095515187e+00 -1.727420510273832699e-01 -3.041893767084120070e-01 4.974214170088520071e+00 0.000000000000000000e+00 0.000000000000000000e+00 0.000000000000000000e+00 0.000000000000000000e+00 0.000000000000000000e+00 0.000000000000000000e+00 0.000000000000000000e+00 0.000000000000000000e+00
0.000000000000000000e+00 0.000000000000000000e+00 0.000000000000000000e+00 0.000000000000000000e+00 0.000000000000000000e+00 0.000000000000000000e+00 0.000000000000000000e+00 0.000000000000000000e+00 0.000000000000000000e+00 0.000000000000000000e+00 0.000000000000000000e+00 0.000000000000000000e+00 0.000000000000000000e+00 0.000000000000000000e+00 0.000000000000000000e+00 0.000000000000000000e+00 0.000000000000000000e+00 0.000000000000000000e+00 0.000000000000000000e+00 0.000000000000000000e+00
0.000000000000000000e+00 0.000000000000000000e+00 0.000000000000000000e+00 0.000000000000000000e+00 0.000000000000000000e+00 0.000000000000000000e+00 0.000000000000000000e+00 0.000000000000000000e+00 0.000000000000000000e+00 0.000000000000000000e+00 0.000000000000000000e+00 0.000000000000000000e+00 0.000000000000000000e+00 0.000000000000000000e+00 0.000000000000000000e+00 0.000000000000000000e+00 0.000000000000000000e+00 0.000000000000000000e+00 0.000000000000000000e+00 0.000000000000000000e+00
0.000000000000000000e+00 0.000000000000000000e+00 0.000000000000000000e+00 0.000000000000000000e+00 0.000000000000000000e+00 0.000000000000000000e+00 0.000000000000000000e+00 0.000000000000000000e+00 0.000000000000000000e+00 0.000000000000000000e+00 0.000000000000000000e+00 0.000000000000000000e+00 0.000000000000000000e+00 0.000000000000000000e+00 0.000000000000000000e+00 0.000000000000000000e+00 0.000000000000000000e+00 0.000000000000000000e+00 0.000000000000000000e+00 0.000000000000000000e+00
0.000000000000000000e+00 0.000000000000000000e+00 0.000000000000000000e+00 0.000000000000000000e+00 0.000000000000000000e+00 0.000000000000000000e+00 0.000000000000000000e+00 0.000000000000000000e+00 0.000000000000000000e+00 0.000000000000000000e+00 0.000000000000000000e+00 0.000000000000000000e+00 0.000000000000000000e+00 0.000000000000000000e+00 0.000000000000000000e+00 0.000000000000000000e+00 0.000000000000000000e+00 0.000000000000000000e+00 0.000000000000000000e+00 0.000000000000000000e+00
0.000000000000000000e+00 0.000000000000000000e+00 0.000000000000000000e+00 0.000000000000000000e+00 0.000000000000000000e+00 0.000000000000000000e+00 0.000000000000000000e+00 0.000000000000000000e+00 0.000000000000000000e+00 0.000000000000000000e+00 0.000000000000000000e+00 0.000000000000000000e+00 0.000000000000000000e+00 0.000000000000000000e+00 0.000000000000000000e+00 0.000000000000000000e+00 0.000000000000000000e+00 0.000000000000000000e+00 0.000000000000000000e+00 0.000000000000000000e+00
0.000000000000000000e+00 0.000000000000000000e+00 0.000000000000000000e+00 0.000000000000000000e+00 0.000000000000000000e+00 0.000000000000000000e+00 0.000000000000000000e+00 0.000000000000000000e+00 0.000000000000000000e+00 0.000000000000000000e+00 0.000000000000000000e+00 0.000000000000000000e+00 0.000000000000000000e+00 0.000000000000000000e+00 0.000000000000000000e+00 0.000000000000000000e+00 0.000000000000000000e+00 0.000000000000000000e+00 0.000000000000000000e+00 0.000000000000000000e+00
0.000000000000000000e+00 0.000000000000000000e+00 0.000000000000000000e+00 0.000000000000000000e+00 0.000000000000000000e+00 0.000000000000000000e+00 0.000000000000000000e+00 0.000000000000000000e+00 0.000000000000000000e+00 0.000000000000000000e+00 0.000000000000000000e+00 0.000000000000000000e+00 0.000000000000000000e+00 0.000000000000000000e+00 0.000000000000000000e+00 0.000000000000000000e+00 0.000000000000000000e+00 0.000000000000000000e+00 0.000000000000000000e+00 0.000000000000000000e+00
0.000000000000000000e+00 0.000000000000000000e+00 0.000000000000000000e+00 0.000000000000000000e+00 0.000000000000000000e+00 0.000000000000000000e+00 0.000000000000000000e+00 0.000000000000000000e+00 0.000000000000000000e+00 0.000000000000000000e+00 0.000000000000000000e+00 0.000000000000000000e+00 0.000000000000000000e+00 0.000000000000000000e+00 0.000000000000000000e+00 0.000000000000000000e+00 0.000000000000000000e+00 0.000000000000000000e+00 0.000000000000000000e+00 0.000000000000000000e+00
