2.052540806655536173e+06 1.254496227232757257e+06 8.200066051311560441e+05 5.679813189867718611e+05 3.904632487499081180e+05 2.303927240218961670e+05 1.539826843573108781e+05 7.843842667291463295e+04 3.866131365651878878e+04 1.678010780659084776e+04 5.365792402348835822e+03 1.332602262402618408e+03 4.179386006205818376e+02 0.000000000000000000e+00 0.000000000000000000e+00 0.000000000000000000e+00 0.000000000000000000e+00 0.000000000000000000e+00 0.000000000000000000e+00 0.000000000000000000e+00
1.254496227232757257e+06 1.105887764130364172e+06 6.017546861090979073e+05 4.038729318876406760e+05 2.871266358910007402e+05 1.673698734185943322e+05 1.121425581250010146e+05 5.687218965384829062e+04 2.907711477365771862e+04 1.269202476505033519e+04 3.775671169202061265e+03 7.793930256153857954e+02 2.946984661697599677e+02 0.000000000000000000e+00 0.000000000000000000e+00 0.000000000000000000e+00 0.000000000000000000e+00 0.000000000000000000e+00 0.000000000000000000e+00 0.000000000000000000e+00
8.200066051311560441e+05 6.017546861090979073e+05 5.078935187952297856e+05 2.658107010241519893e+05 1.849311216669214773e+05 1.122202694424435613e+05 6.966230929286373430e+04 3.723095193277742510e+04 1.939205621870879258e+04 8.015853768206598943e+03 2.593303937468690947e+03 5.087794917760545559e+02 2.068183201707693968e+02 0.000000000000000000e+00 0.000000000000000000e+00 0.000000000000000000e+00 0.000000000000000000e+00 0.000000000000000000e+00 0.000000000000000000e+00 0.000000000000000000e+00
5.679813189867718611e+05 4.038729318876406760e+05 2.658107010241519893e+05 2.657457012947250041e+05 1.247449144909890456e+05 7.432555593807314290e+04 4.927547926228092547e+04 2.910268314672712586e+04 1.334912567048739947e+04 4.920438555996212017e+03 1.926720266455734418e+03 3.057236448331347560e+02 7.840216653976655437e+01 0.000000000000000000e+00 0.000000000000000000e+00 0.000000000000000000e+00 0.000000000000000000e+00 0.000000000000000000e+00 0.000000000000000000e+00 0.000000000000000000e+00
3.904632487499081180e+05 2.871266358910007402e+05 1.849311216669214773e+05 1.247449144909890456e+05 1.306009881328162155e+05 5.439552885588691424e+04 3.251407658833973255e+04 1.838992038811717794e+04 8.703927670409768325e+03 3.834864158978263276e+03 1.370485711725662895e+03 3.055751523474840496e+02 9.255103470237834529e+01 0.000000000000000000e+00 0.000000000000000000e+00 0.000000000000000000e+00 0.000000000000000000e+00 0.000000000000000000e+00 0.000000000000000000e+00 0.000000000000000000e+00
2.303927240218961670e+05 1.673698734185943322e+05 1.122202694424435613e+05 7.432555593807314290e+04 5.439552885588691424e+04 5.489522201879623026e+04 2.123774614325112270e+04 9.857440557132575123e+03 5.173327278122122152e+03 2.057429320097670825e+03 6.082497337246820734e+02 1.635389841905931121e+02 8.830987222476294107e+01 0.000000000000000000e+00 0.000000000000000000e+00 0.000000000000000000e+00 0.000000000000000000e+00 0.000000000000000000e+00 0.000000000000000000e+00 0.000000000000000000e+00
1.539826843573108781e+05 1.121425581250010146e+05 6.966230929286373430e+04 4.927547926228092547e+04 3.251407658833973255e+04 2.123774614325112270e+04 2.575292746923732921e+04 7.832769715165770322e+03 3.723791669387803267e+03 1.551106565908424955e+03 5.152736014329456111e+02 1.679847118101179717e+02 2.973104095459815355e+01 0.000000000000000000e+00 0.000000000000000000e+00 0.000000000000000000e+00 0.000000000000000000e+00 0.000000000000000000e+00 0.000000000000000000e+00 0.000000000000000000e+00
7.843842667291463295e+04 5.687218965384829062e+04 3.723095193277742510e+04 2.910268314672712586e+04 1.838992038811717794e+04 9.857440557132575123e+03 7.832769715165770322e+03 1.025831497819795732e+04 2.072448393409884829e+03 1.006521670624947774e+03 2.835863430098460753e+02 5.489634002530746670e+01 2.480541124660475916e+01 0.000000000000000000e+00 0.000000000000000000e+00 0.000000000000000000e+00 0.000000000000000000e+00 0.000000000000000000e+00 0.000000000000000000e+00 0.000000000000000000e+00
3.866131365651878878e+04 2.907711477365771862e+04 1.939205621870879258e+04 1.334912567048739947e+04 8.703927670409768325e+03 5.173327278122122152e+03 3.723791669387803267e+03 2.072448393409884829e+03 3.345387624526292257e+03 3.626849240421879585e+02 1.392233780090351729e+02 4.770697201912543051e+01 1.065722053445995599e+01 0.000000000000000000e+00 0.000000000000000000e+00 0.000000000000000000e+00 0.000000000000000000e+00 0.000000000000000000e+00 0.000000000000000000e+00 0.000000000000000000e+00
1.678010780659084776e+04 1.269202476505033519e+04 8.015853768206598943e+03 4.920438555996212017e+03 3.834864158978263276e+03 2.057429320097670825e+03 1.551106565908424955e+03 1.006521670624947774e+03 3.626849240421879585e+02 1.104793939937222376e+03 6.672439209670272930e+01 1.038387859451206197e+01 2.773340104400486172e+00 0.000000000000000000e+00 0.000000000000000000e+00 0.000000000000000000e+00 0.000000000000000000e+00 0.000000000000000000e+00 0.000000000000000000e+00 0.000000000000000000e+00
5.365792402348835822e+03 3.775671169202061265e+03 2.593303937468690947e+03 1.926720266455734418e+03 1.370485711725662895e+03 6.082497337246820734e+02 5.152736014329456111e+02 2.835863430098460753e+02 1.392233780090351729e+02 6.672439209670272930e+01 2.169411780684178268e+02 2.237229817027776846e-01 8.045381535831351572e-02 0.000000000000000000e+00 0.000000000000000000e+00 0.000000000000000000e+00 0.000000000000000000e+00 0.000000000000000000e+00 0.000000000000000000e+00 0.000000000000000000e+00
1.332602262402618408e+03 7.793930256153857954e+02 5.087794917760545559e+02 3.057236448331347560e+02 3.055751523474840496e+02 1.635389841905931121e+02 1.679847118101179717e+02 5.489634002530746670e+01 4.770697201912543051e+01 1.038387859451206197e+01 2.237229817027776846e-01 5.135406123980924775e+01 2.130711983993393677e+00 0.000000000000000000e+00 0.000000000000000000e+00 0.000000000000000000e+00 0.000000000000000000e+00 0.000000000000000000e+00 0.000000000000000000e+00 0.000000000000000000e+00
4.179386006205818376e+02 2.946984661697599677e+02 2.068183201707693968e+02 7.840216653976655437e+01 9.255103470237834529e+01 8.830987222476294107e+01 2.973104095459815355e+01 2.480541124660475916e+01 1.065722053445995599e+01 2.773340104400486172e+00 8.045381535831351572e-02 2.130711983993393677e+00 8.881012023437381941e+00 0.000000000000000000e+00 0.000000000000000000e+00 0.000000000000000000e+00 0.000000000000000000e+00 0.000000000000000000e+00 0.000000000000000000e+00 0.000000000000000000e+00
0.000000000000000000e+00 0.000000000000000000e+00 0.000000000000000000e+00 0.000000000000000000e+00 0.000000000000000000e+00 0.000000000000000000e+00 0.000000000000000000e+00 0.000000000000000000e+00 0.000000000000000000e+00 0.000000000000000000e+00 0.000000000000000000e+00 0.000000000000000000e+00 0.000000000000000000e+00 0.000000000000000000e+00 0.000000000000000000e+00 0.000000000000000000e+00 0.000000000000000000e+00 0.000000000000000000e+00 0.000000000000000000e+00 0.000000000000000000e+00
0.000000000000000000e+00 0.000000000000000000e+00 0.000000000000000000e+00 0.000000000000000000e+00 0.000000000000000000e+00 0.000000000000000000e+00 0.000000000000000000e+00 0.000000000000000000e+00 0.000000000000000000e+00 0.000000000000000000e+00 0.000000000000000000e+00 0.000000000000000000e+00 0.000000000000000000e+00 0.000000000000000000e+00 0.000000000000000000e+00 0.000000000000000000e+00 0.000000000000000000e+00 0.000000000000000000e+00 0.000000000000000000e+00 0.000000000000000000e+00
0.000000000000000000e+00 0.000000000000000000e+00 0.000000000000000000e+00 0.000000000000000000e+00 0.000000000000000000e+00 0.000000000000000000e+00 0.000000000000000000e+00 0.000000000000000000e+00 0.000000000000000000e+00 0.000000000000000000e+00 0.000000000000000000e+00 0.000000000000000000e+00 0.000000000000000000e+00 0.000000000000000000e+00 0.000000000000000000e+00 0.000000000000000000e+00 0.000000000000000000e+00 0.000000000000000000e+00 0.000000000000000000e+00 0.000000000000000000e+00
0.000000000000000000e+00 0.000000000000000000e+00 0.000000000000000000e+00 0.000000000000000000e+00 0.000000000000000000e+00 0.000000000000000000e+00 0.000000000000000000e+00 0.000000000000000000e+00 0.000000000000000000e+00 0.000000000000000000e+00 0.000000000000000000e+00 0.000000000000000000e+00 0.000000000000000000e+00 0.000000000000000000e+00 0.000000000000000000e+00 0.000000000000000000e+00 0.000000000000000000e+00 0.000000000000000000e+00 0.000000000000000000e+00 0.000000000000000000e+00
0.000000000000000000e+00 0.000000000000000000e+00 0.000000000000000000e+00 0.000000000000000000e+00 0.000000000000000000e+00 0.000000000000000000e+00 0.000000000000000000e+00 0.000000000000000000e+00 0.000000000000000000e+00 0.000000000000000000e+00 0.000000000000000000e+00 0.000000000000000000e+00 0.000000000000000000e+00 0.000000000000000000e+00 0.000000000000000000e+00 0.000000000000000000e+00 0.000000000000000000e+00 0.000000000000000000e+00 0.000000000000000000e+00 0.000000000000000000e+00
0.000000000000000000e+00 0.000000000000000000e+00 0.000000000000000000e+00 0.000000000000000000e+00 0.000000000000000000e+00 0.000000000000000000e+00 0.000000000000000000e+00 0.000000000000000000e+00 0.000000000000000000e+00 0.000000000000000000e+00 0.000000000000000000e+00 0.000000000000000000e+00 0.000000000000000000e+00 0.000000000000000000e+00 0.000000000000000000e+00 0.000000000000000000e+00 0.000000000000000000e+00 0.000000000000000000e+00 0.000000000000000000e+00 0.000000000000000000e+00
0.000000000000000000e+00 0.000000000000000000e+00 0.000000000000000000e+00 0.000000000000000000e+00 0.000000000000000000e+00 0.000000000000000000e+00 0.000000000000000000e+00 0.000000000000000000e+00 0.000000000000000000e+00 0.000000000000000000e+00 0.000000000000000000e+00 0.000000000000000000e+00 0.000000000000000000e+00 0.000000000000000000e+00 0.000000000000000000e+00 0.000000000000000000e+00 0.000000000000000000e+00 0.000000000000000000e+00 0.000000000000000000e+00 0.000000000000000000e+00
