1.421131144724165322e+06 7.673754159892272437e+05 4.716306798269530991e+05 2.772466006840741611e+05 1.424886815789460379e+05 6.657634634983268916e+04 3.058930647279184268e+04 9.892833672751292397e+03 1.451301789401198675e+03 1.464097143875922313e+02 5.998843898434283517e+01
7.673754159892272437e+05 6.095396779254428111e+05 2.955451750046192901e+05 1.782623121898902173e+05 9.360086067161695973e+04 4.635647573351002211e+04 1.960537459304688309e+04 6.816837004366148904e+03 1.242399208986262238e+03 1.588043596672147828e+02 3.425492183795650192e+01
4.716306798269530991e+05 2.955451750046192901e+05 2.402461057536588050e+05 1.082801359366940305e+05 5.837209608646045672e+04 2.602394398705349158e+04 1.191409035514455172e+04 3.889330216247586577e+03 6.664131163351917166e+02 1.350603431717028116e+02 2.384877034733803214e+01
2.772466006840741611e+05 1.782623121898902173e+05 1.082801359366940305e+05 9.599229579463870323e+04 3.356246138544713904e+04 1.553656406769742171e+04 7.487872642856220409e+03 2.486437372547907671e+03 3.986820030488278235e+02 1.027914262312925757e+02 3.564494432352301789e+00
1.424886815789460379e+05 9.360086067161695973e+04 5.837209608646045672e+04 3.356246138544713904e+04 3.187415427790081594e+04 7.790596963474967197e+03 4.526581757981391092e+03 1.381462994076697441e+03 2.580007495275374367e+02 4.253053629527482116e+01 1.758573629225296031e+01
6.657634634983268916e+04 4.635647573351002211e+04 2.602394398705349158e+04 1.553656406769742171e+04 7.790596963474967197e+03 1.011499972157958837e+04 1.865789770864632601e+03 5.812186359321672171e+02 9.998011205222545073e+01 1.619285406623797385e+01 1.452011206759130957e+01
3.058930647279184268e+04 1.960537459304688309e+04 1.191409035514455172e+04 7.487872642856220409e+03 4.526581757981391092e+03 1.865789770864632601e+03 2.834329928642693176e+03 3.489959526912475098e+02 7.759594152937526701e+01 2.521756339909022593e+00 1.406234992440095644e+00
9.892833672751292397e+03 6.816837004366148904e+03 3.889330216247586577e+03 2.486437372547907671e+03 1.381462994076697441e+03 5.812186359321672171e+02 3.489959526912475098e+02 6.587467759208318512e+02 3.107569285837434592e+01 -2.759348742784474284e-01 1.997618793597298437e+00
1.451301789401198675e+03 1.242399208986262238e+03 6.664131163351917166e+02 3.986820030488278235e+02 2.580007495275374367e+02 9.998011205222545073e+01 7.759594152937526701e+01 3.107569285837434592e+01 1.217020216938494457e+02 8.901450430405470904e-01 -2.244002298808323304e-01
1.464097143875922313e+02 1.588043596672147828e+02 1.350603431717028116e+02 1.027914262312925757e+02 4.253053629527482116e+01 1.619285406623797385e+01 2.521756339909022593e+00 -2.759348742784474284e-01 8.901450430405470904e-01 1.372092625230706631e+01 -2.753912837639116429e-02
5.998843898434283517e+01 3.425492183795650192e+01 2.384877034733803214e+01 3.564494432352301789e+00 1.758573629225296031e+01 1.452011206759130957e+01 1.406234992440095644e+00 1.997618793597298437e+00 -2.244002298808323304e-01 -2.753912837639116429e-02 1.004706375750899383e+00
