1.076563484687089076e+05 3.388288516380290093e+04 1.273873149080706753e+04 4.628041482267573883e+03 1.142987615809575345e+03 1.918723521304586939e+02 6.032436588750438489e+01 2.072402356201436291e+01
3.388288516380290093e+04 2.819431020390776757e+04 5.531083041989070807e+03 1.801836659303893384e+03 4.670210072465990265e+02 3.923506314045924626e+01 2.661915588986227021e+01 1.226552011008235965e+01
1.273873149080706753e+04 5.531083041989070807e+03 5.970839132752079422e+03 7.720442103736471608e+02 2.501371290193215486e+02 4.872083427287751789e+01 7.023203110313864350e+00 4.549245530950355665e+00
4.628041482267573883e+03 1.801836659303893384e+03 7.720442103736471608e+02 1.375473157125824855e+03 7.827736091774346505e+01 1.233176418356672244e+01 4.791339045678403963e+00 3.982787214554178057e+00
1.142987615809575345e+03 4.670210072465990265e+02 2.501371290193215486e+02 7.827736091774346505e+01 2.365924880692171257e+02 5.518772618729355095e+00 -7.191180261629521731e-01 5.784531679723423636e-01
1.918723521304586939e+02 3.923506314045924626e+01 4.872083427287751789e+01 1.233176418356672244e+01 5.518772618729355095e+00 3.191737986350441503e+01 7.968843292524732114e-01 -5.322056457882727576e-02
6.032436588750438489e+01 2.661915588986227021e+01 7.023203110313864350e+00 4.791339045678403963e+00 -7.191180261629521731e-01 7.968843292524732114e-01 4.004550293019342178e+00 -7.877562034401775978e-03
2.072402356201436291e+01 1.226552011008235965e+01 4.549245530950355665e+00 3.982787214554178057e+00 5.784531679723423636e-01 -5.322056457882727576e-02 -7.877562034401775978e-03 1.005667771257351850e+00
