8.731923089142292738e+05 4.718204283838480478e+05 2.709775465626922669e+05 1.327003506267243356e+05 6.317053062756377039e+04 2.451410415860678768e+04 9.150053193729938357e+03 1.676983773806031422e+03 1.057956732701921965e+02 5.182137016939053353e+01
4.718204283838480478e+05 3.838898239514775923e+05 1.715402214912086492e+05 8.745276312515969039e+04 4.178159685357460694e+04 1.622181238583073718e+04 6.666147019964947503e+03 1.119878064192582542e+03 1.119681986512175627e+02 2.331755776058317764e+01
2.709775465626922669e+05 1.715402214912086492e+05 1.384224267523406306e+05 5.046439497397823288e+04 2.424623655699885421e+04 9.712547118002228672e+03 3.563613803562224348e+03 5.297116968761458793e+02 7.712911638665380565e+01 1.550190141735013860e+01
1.327003506267243356e+05 8.745276312515969039e+04 5.046439497397823288e+04 4.278953809154005285e+04 1.228929411269207230e+04 4.799828677126726689e+03 2.257218806606967064e+03 3.986533752551609950e+02 4.983510326629830445e+01 2.467833686298662954e+01
6.317053062756377039e+04 4.178159685357460694e+04 2.424623655699885421e+04 1.228929411269207230e+04 1.265236723205052294e+04 2.492935550951501682e+03 9.178513869049502318e+02 2.582146974008290954e+02 2.818812734326348490e+01 1.760777570552133797e+00
2.451410415860678768e+04 1.622181238583073718e+04 9.712547118002228672e+03 4.799828677126726689e+03 2.492935550951501682e+03 3.236895446938224268e+03 3.700515240061004079e+02 6.150368603061220085e+01 1.348230130858832254e+01 2.782342285760160738e+00
9.150053193729938357e+03 6.666147019964947503e+03 3.563613803562224348e+03 2.257218806606967064e+03 9.178513869049502318e+02 3.700515240061004079e+02 8.598065111576564732e+02 4.879785233665555211e+01 1.811757767471737557e+00 7.431344089521337848e-01
1.676983773806031422e+03 1.119878064192582542e+03 5.297116968761458793e+02 3.986533752551609950e+02 2.582146974008290954e+02 6.150368603061220085e+01 4.879785233665555211e+01 1.327818444322746814e+02 -5.725468269499589535e-01 7.745068378261416031e-01
1.057956732701921965e+02 1.119681986512175627e+02 7.712911638665380565e+01 4.983510326629830445e+01 2.818812734326348490e+01 1.348230130858832254e+01 1.811757767471737557e+00 -5.725468269499589535e-01 1.929404375749173894e+01 -3.921553609246292843e-02
5.182137016939053353e+01 2.331755776058317764e+01 1.550190141735013860e+01 2.467833686298662954e+01 1.760777570552133797e+00 2.782342285760160738e+00 7.431344089521337848e-01 7.745068378261416031e-01 -3.921553609246292843e-02 1.001956947162428113e+00
