2.099821684439204633e+06 1.320899816173640080e+06 8.660411783095565625e+05 6.032255620085756527e+05 4.014723314779591747e+05 2.395370903222636553e+05 1.553560775123208878e+05 8.243468868097481027e+04 3.967514410266518098e+04 1.278262330916710016e+04 3.793189816915369192e+03 6.591464144038729955e+02 1.012256434421736913e+02
1.320899816173640080e+06 1.170039013499523280e+06 6.453748478618877707e+05 4.342690758441085345e+05 3.017414646096238284e+05 1.846715259787247633e+05 1.119753064810719952e+05 5.990247991805899073e+04 2.997958101369761789e+04 8.811575013497824330e+03 3.146864511789874541e+03 5.260051274017928336e+02 6.112709837148094039e+01
8.660411783095565625e+05 6.453748478618877707e+05 5.459488280972881475e+05 2.887237523160270648e+05 1.929236692176030483e+05 1.193724328069761978e+05 7.584653520986315561e+04 3.906566731740295654e+04 1.932189132045903534e+04 7.052232865441113063e+03 1.628409926005043417e+03 3.238147030106480315e+02 5.921543011665333722e+01
6.032255620085756527e+05 4.342690758441085345e+05 2.887237523160270648e+05 2.642444461469720700e+05 1.379437633110680908e+05 8.406049669384960725e+04 5.190350048866884026e+04 2.697232275381495492e+04 1.303494438597049339e+04 4.526960768980987268e+03 1.400504087049567488e+03 1.681583568394769657e+02 8.984410455746625246e+01
4.014723314779591747e+05 3.017414646096238284e+05 1.929236692176030483e+05 1.379437633110680908e+05 1.339211696136602841e+05 5.739485747672998696e+04 3.419294577465434122e+04 1.834159423146556219e+04 9.794217743167175286e+03 3.252611723608333705e+03 1.069640669217694494e+03 2.359530875433780750e+02 4.026547351276695963e+01
2.395370903222636553e+05 1.846715259787247633e+05 1.193724328069761978e+05 8.406049669384960725e+04 5.739485747672998696e+04 5.709329708130004292e+04 2.174014142146539234e+04 1.169437399949634892e+04 5.809844357017858783e+03 1.662932673423998267e+03 5.227283826267602080e+02 1.816150380727302149e+02 9.586041493866270358e+00
1.553560775123208878e+05 1.119753064810719952e+05 7.584653520986315561e+04 5.190350048866884026e+04 3.419294577465434122e+04 2.174014142146539234e+04 2.348875331189726057e+04 7.615952579508946656e+03 3.471392656080862253e+03 1.197720986954049522e+03 3.226023230967686004e+02 8.369451509621869434e+01 4.178658967059809548e+00
8.243468868097481027e+04 5.990247991805899073e+04 3.906566731740295654e+04 2.697232275381495492e+04 1.834159423146556219e+04 1.169437399949634892e+04 7.615952579508946656e+03 8.738057810435659121e+03 2.053776867206687257e+03 4.731111451725239476e+02 4.748462243300740937e+01 6.420748964464084452e+01 8.032989413940947454e-01
3.967514410266518098e+04 2.997958101369761789e+04 1.932189132045903534e+04 1.303494438597049339e+04 9.794217743167175286e+03 5.809844357017858783e+03 3.471392656080862253e+03 2.053776867206687257e+03 2.690462539400883543e+03 3.088344289428757747e+02 1.290440289432667669e+02 3.224600075066057059e+01 8.136406913987672240e+00
1.278262330916710016e+04 8.811575013497824330e+03 7.052232865441113063e+03 4.526960768980987268e+03 3.252611723608333705e+03 1.662932673423998267e+03 1.197720986954049522e+03 4.731111451725239476e+02 3.088344289428757747e+02 8.156516873378894843e+02 4.540888343118622572e+01 1.645910254042878407e+01 1.004231424234132675e+01
3.793189816915369192e+03 3.146864511789874541e+03 1.628409926005043417e+03 1.400504087049567488e+03 1.069640669217694494e+03 5.227283826267602080e+02 3.226023230967686004e+02 4.748462243300740937e+01 1.290440289432667669e+02 4.540888343118622572e+01 2.018128439993378151e+02 2.091340378677425171e+00 -2.200915368622012869e-01
6.591464144038729955e+02 5.260051274017928336e+02 3.238147030106480315e+02 1.681583568394769657e+02 2.359530875433780750e+02 1.816150380727302149e+02 8.369451509621869434e+01 6.420748964464084452e+01 3.224600075066057059e+01 1.645910254042878407e+01 2.091340378677425171e+00 2.482810923444712259e+01 1.807274343054569465e+00
1.012256434421736913e+02 6.112709837148094039e+01 5.921543011665333722e+01 8.984410455746625246e+01 4.026547351276695963e+01 9.586041493866270358e+00 4.178658967059809548e+00 8.032989413940947454e-01 8.136406913987672240e+00 1.004231424234132675e+01 -2.200915368622012869e-01 1.807274343054569465e+00 3.990820413934634825e+00
