1.729049329314684961e+06 9.794194119047862478e+05 6.428751184010202996e+05 4.143338504984072642e+05 2.649186795700005023e+05 1.256349953316600149e+05 6.346720596198728890e+04 2.923488411885578535e+04 9.617041601403101595e+03 1.120758452977674551e+03 3.167242772508139979e+02 4.384885168179360448e+01
9.794194119047862478e+05 7.835671305792739149e+05 4.413971684238186572e+05 2.751211483411731897e+05 1.788623032540415879e+05 8.621853844002980622e+04 4.400964518365116965e+04 2.066553654436045690e+04 6.449830201324069094e+03 9.743943076198743256e+02 3.507084608284652631e+02 4.075474588408356169e+01
6.428751184010202996e+05 4.413971684238186572e+05 3.640929036883156514e+05 1.834234897078283248e+05 1.209228467109090998e+05 5.574051202315920091e+04 2.796738701215186302e+04 1.343954068803335031e+04 4.138046897798245482e+03 8.903063943535610179e+02 1.868306570517079308e+02 2.739989506780315409e+01
4.143338504984072642e+05 2.751211483411731897e+05 1.834234897078283248e+05 1.703439260725773638e+05 7.913666163962050632e+04 3.479348832150414819e+04 1.864436977493203449e+04 9.473799012718103768e+03 3.277936466235853914e+03 3.871730270640703111e+02 1.705209155908515015e+02 8.809770183171538704e+00
2.649186795700005023e+05 1.788623032540415879e+05 1.209228467109090998e+05 7.913666163962050632e+04 7.276141546639236913e+04 2.265628186166494561e+04 1.267726125436136681e+04 5.908118550403885820e+03 1.767412839258416625e+03 2.062345043102537829e+02 9.284670325251475731e+01 1.738816870339771015e+01
1.256349953316600149e+05 8.621853844002980622e+04 5.574051202315920091e+04 3.479348832150414819e+04 2.265628186166494561e+04 2.393010247356453328e+04 6.054072893409609605e+03 2.943251473454799452e+03 1.061019466071251827e+03 1.627425140069116765e+02 7.742323290734726982e+01 1.262936339857731127e+01
6.346720596198728890e+04 4.400964518365116965e+04 2.796738701215186302e+04 1.864436977493203449e+04 1.267726125436136681e+04 6.054072893409609605e+03 7.381914867054484603e+03 1.385328028002405517e+03 3.589437234079326231e+02 3.538221743942757769e+01 3.358810666319609339e+01 4.335277515022418982e+00
2.923488411885578535e+04 2.066553654436045690e+04 1.343954068803335031e+04 9.473799012718103768e+03 5.908118550403885820e+03 2.943251473454799452e+03 1.385328028002405517e+03 2.425339731388957262e+03 3.603750904752987481e+02 4.682335009440217277e+01 8.062714220610509130e+00 8.627417940342990699e-01
9.617041601403101595e+03 6.449830201324069094e+03 4.138046897798245482e+03 3.277936466235853914e+03 1.767412839258416625e+03 1.061019466071251827e+03 3.589437234079326231e+02 3.603750904752987481e+02 6.381073601893342584e+02 1.565876356172042350e+01 2.392147701640191304e+00 2.035286323198787439e+00
1.120758452977674551e+03 9.743943076198743256e+02 8.903063943535610179e+02 3.871730270640703111e+02 2.062345043102537829e+02 1.627425140069116765e+02 3.538221743942757769e+01 4.682335009440217277e+01 1.565876356172042350e+01 9.976236304242092956e+01 -1.603915426181731885e+00 -1.862737964391986967e-01
3.167242772508139979e+02 3.507084608284652631e+02 1.868306570517079308e+02 1.705209155908515015e+02 9.284670325251475731e+01 7.742323290734726982e+01 3.358810666319609339e+01 8.062714220610509130e+00 2.392147701640191304e+00 -1.603915426181731885e+00 1.367053588183255641e+01 -2.745087526472402006e-02
4.384885168179360448e+01 4.075474588408356169e+01 2.739989506780315409e+01 8.809770183171538704e+00 1.738816870339771015e+01 1.262936339857731127e+01 4.335277515022418982e+00 8.627417940342990699e-01 2.035286323198787439e+00 -1.862737964391986967e-01 -2.745087526472402006e-02 1.001956947162427003e+00
