9.117269746372828959e+05 4.893133785461218213e+05 2.797266275644185953e+05 1.365521885208932799e+05 6.486366347779847274e+04 2.513355562780050968e+04 9.371606149172184814e+03 1.716385371807633646e+03 1.082271114116727802e+02 5.299861139977144830e+01
4.893133785461218213e+05 3.954325331956980517e+05 1.758822111375542881e+05 8.938313391343748663e+04 4.261155965366213059e+04 1.651934132404951743e+04 6.781421591630794865e+03 1.138445196978435888e+03 1.137675220977952932e+02 2.368612995548022937e+01
2.797266275644185953e+05 1.758822111375542881e+05 1.412708514199545607e+05 5.134016570840089116e+04 2.461369912977459171e+04 9.845020949973968527e+03 3.608499446581550274e+03 5.360077976756097087e+02 7.800673796746109190e+01 1.567422839368797050e+01
1.365521885208932799e+05 8.938313391343748663e+04 5.134016570840089116e+04 4.339461954791806784e+04 1.243613933264665502e+04 4.849928472455895644e+03 2.278430376425887061e+03 4.021175998897561499e+02 5.024295975686608529e+01 2.487385965609595573e+01
6.486366347779847274e+04 4.261155965366213059e+04 2.461369912977459171e+04 1.243613933264665502e+04 1.277587882819276820e+04 2.513512230084047133e+03 9.244742624505015556e+02 2.598956131209777141e+02 2.835740147654367860e+01 1.770892273790855231e+00
2.513355562780050968e+04 1.651934132404951743e+04 9.845020949973968527e+03 4.849928472455895644e+03 2.513512230084047133e+03 3.258739012406503662e+03 3.721650702967681354e+02 6.181161509537784582e+01 1.354300978168627445e+01 2.794146406269711669e+00
9.371606149172184814e+03 6.781421591630794865e+03 3.608499446581550274e+03 2.278430376425887061e+03 9.244742624505015556e+02 3.721650702967681354e+02 8.638267464969746925e+02 4.899166055934799857e+01 1.818041530924260130e+00 7.455185901001044613e-01
1.716385371807633646e+03 1.138445196978435888e+03 5.360077976756097087e+02 4.021175998897561499e+02 2.598956131209777141e+02 6.181161509537784582e+01 4.899166055934799857e+01 1.332157832975530312e+02 -5.741299652919249485e-01 7.764471448275788168e-01
1.082271114116727802e+02 1.137675220977952932e+02 7.800673796746109190e+01 5.024295975686608529e+01 2.835740147654367860e+01 1.354300978168627445e+01 1.818041530924260130e+00 -5.741299652919249485e-01 1.933769374155890119e+01 -3.929406994075981818e-02
5.299861139977144830e+01 2.368612995548022937e+01 1.567422839368797050e+01 2.487385965609595573e+01 1.770892273790855231e+00 2.794146406269711669e+00 7.455185901001044613e-01 7.764471448275788168e-01 -3.929406994075981818e-02 1.003703311542724741e+00
