1.086680952960051654e+05 3.420146799816445127e+04 1.285379335157426431e+04 4.667401539212909483e+03 1.152069152185021267e+03 1.932885914087842423e+02 6.074519798330420173e+01 2.086071126753478211e+01
3.420146799816445127e+04 2.845953440086397313e+04 5.581067337762393436e+03 1.817168895387981138e+03 4.707338108934800402e+02 3.952484096088512899e+01 2.680497581271806595e+01 1.234647431237896420e+01
1.285379335157426431e+04 5.581067337762393436e+03 6.022588917962179039e+03 7.783282841084918573e+02 2.520332874604738720e+02 4.906267895402852730e+01 7.069637326381299047e+00 4.577592532459042296e+00
4.667401539212909483e+03 1.817168895387981138e+03 7.783282841084918573e+02 1.385943588830989256e+03 7.882948890034759870e+01 1.241179360782932584e+01 4.820494618405512632e+00 4.005508441207410009e+00
1.152069152185021267e+03 4.707338108934800402e+02 2.520332874604738720e+02 7.882948890034759870e+01 2.381291644614142911e+02 5.551507565078328099e+00 -7.230926969107983604e-01 5.814305566012486493e-01
1.932885914087842423e+02 3.952484096088512899e+01 4.906267895402852730e+01 1.241179360782932584e+01 5.551507565078328099e+00 3.208872533180164055e+01 8.008402357189350340e-01 -5.346455099423146756e-02
6.074519798330420173e+01 2.680497581271806595e+01 7.069637326381299047e+00 4.820494618405512632e+00 -7.230926969107983604e-01 8.008402357189350340e-01 4.022811800669917837e+00 -7.910494687224651003e-03
2.086071126753478211e+01 1.234647431237896420e+01 4.577592532459042296e+00 4.005508441207410009e+00 5.814305566012486493e-01 -5.346455099423146756e-02 -7.910494687224651003e-03 1.009490397165756281e+00
