1.822098547953909962e+06 1.025150608055678080e+06 6.695345009152853163e+05 4.299196347395485500e+05 2.741326183923084754e+05 1.297408127342079679e+05 6.544308563987281377e+04 3.011088464233689592e+04 9.897093025074847901e+03 1.152678731959731522e+03 3.256050989148141070e+02 4.506329557058883495e+01
1.025150608055678080e+06 8.146098627130173845e+05 4.565941831728720572e+05 2.835406480308767059e+05 1.838321385624150862e+05 8.843437903436437773e+04 4.507302890538011707e+04 2.114089220177523748e+04 6.592785213277884395e+03 9.953721451157930460e+02 3.581051566013410365e+02 4.160039002583925338e+01
6.695345009152853163e+05 4.565941831728720572e+05 3.747489490022376995e+05 1.880934539003205427e+05 1.236625963746421767e+05 5.688775632293196395e+04 2.850021564562455751e+04 1.368007348180145709e+04 4.208656017271699056e+03 9.049354778085138378e+02 1.898190738133651507e+02 2.782886473817521988e+01
4.299196347395485500e+05 2.835406480308767059e+05 1.880934539003205427e+05 1.740347214805607509e+05 8.063029413811769336e+04 3.537824982559076307e+04 1.892929685610301385e+04 9.607683569270599037e+03 3.321536851271280739e+03 3.920791399065448104e+02 1.726075885386646576e+02 8.914596489099313459e+00
2.741326183923084754e+05 1.838321385624150862e+05 1.236625963746421767e+05 8.063029413811769336e+04 7.393208018547171378e+04 2.297408795869584355e+04 1.283581600767830969e+04 5.975235047136358844e+03 1.786026167084822873e+03 2.082769640047890789e+02 9.372597898702244379e+01 1.754697366636600719e+01
1.297408127342079679e+05 8.843437903436437773e+04 5.688775632293196395e+04 3.537824982559076307e+04 2.297408795869584355e+04 2.421653777855143198e+04 6.117353000997823983e+03 2.970646783905921438e+03 1.070017836881258290e+03 1.640207470111293730e+02 7.799785389412127756e+01 1.271884552434805293e+01
6.544308563987281377e+04 4.507302890538011707e+04 2.850021564562455751e+04 1.892929685610301385e+04 1.283581600767830969e+04 6.117353000997823983e+03 7.447891323999869201e+03 1.396126175143043156e+03 3.614451747464816549e+02 3.560665808967829093e+01 3.378666123486506478e+01 4.359448367972275307e+00
3.011088464233689592e+04 2.114089220177523748e+04 1.368007348180145709e+04 9.607683569270599037e+03 5.975235047136358844e+03 2.970646783905921438e+03 1.396126175143043156e+03 2.441475551668038861e+03 3.624754369701636847e+02 4.706698726451573833e+01 8.101189109447345160e+00 8.665691462317757221e-01
9.897093025074847901e+03 6.592785213277884395e+03 4.208656017271699056e+03 3.321536851271280739e+03 1.786026167084822873e+03 1.070017836881258290e+03 3.614451747464816549e+02 3.624754369701636847e+02 6.413005182786821479e+02 1.572734460785652466e+01 2.401593581280406564e+00 2.042640405434049455e+00
1.152678731959731522e+03 9.953721451157930460e+02 9.049354778085138378e+02 3.920791399065448104e+02 2.082769640047890789e+02 1.640207470111293730e+02 3.560665808967829093e+01 4.706698726451573833e+01 1.572734460785652466e+01 1.001370431335115825e+02 -1.609248402067903871e+00 -1.868307123138946979e-01
3.256050989148141070e+02 3.581051566013410365e+02 1.898190738133651507e+02 1.726075885386646576e+02 9.372597898702244379e+01 7.799785389412127756e+01 3.378666123486506478e+01 8.101189109447345160e+00 2.401593581280406564e+00 -1.609248402067903871e+00 1.371010395537262205e+01 -2.752113156363284602e-02
4.506329557058883495e+01 4.160039002583925338e+01 2.782886473817521988e+01 8.914596489099313459e+00 1.754697366636600719e+01 1.271884552434805293e+01 4.359448367972275307e+00 8.665691462317757221e-01 2.042640405434049455e+00 -1.868307123138946979e-01 -2.752113156363284602e-02 1.004185699495381945e+00
