1.489323488558867481e+06 8.573472735169630032e+05 5.377175642556222156e+05 3.458623617403261014e+05 1.834643326886674622e+05 9.627015680852891819e+04 4.277235384362069453e+04 1.601004064782172645e+04 5.544072885750436399e+03 5.284371919530869945e+02 -3.956063281006881027e+01
8.573472735169630032e+05 6.950554068039250560e+05 3.681280549017883604e+05 2.283283393063231197e+05 1.251599049942491401e+05 6.591673775760192075e+04 2.836792665469724307e+04 1.099706768892727450e+04 3.591550951475103830e+03 3.793946254802302747e+02 6.022918110761752075e+01
5.377175642556222156e+05 3.681280549017883604e+05 3.008471753095136955e+05 1.471400619942395133e+05 7.984861185426991142e+04 4.216056991203325015e+04 1.776199080119962309e+04 6.826840522209708070e+03 2.358441948368697012e+03 3.164301607300740216e+02 4.053513888197309711e+01
3.458623617403261014e+05 2.283283393063231197e+05 1.471400619942395133e+05 1.310274021315713908e+05 5.144087750889141898e+04 2.451084926911299408e+04 1.273819827589515626e+04 4.990863239647300361e+03 1.496892306631748625e+03 9.167808027695713236e+01 6.935267557951858564e+00
1.834643326886674622e+05 1.251599049942491401e+05 7.984861185426991142e+04 5.144087750889141898e+04 4.649315528049950080e+04 1.425816500396380434e+04 6.924695049421557997e+03 2.704381800008306527e+03 8.437144159220963502e+02 6.723111507691643851e+01 5.450959516852183384e+00
9.627015680852891819e+04 6.591673775760192075e+04 4.216056991203325015e+04 2.451084926911299408e+04 1.425816500396380434e+04 1.630964538279304907e+04 3.779526702180520715e+03 1.420390638822656456e+03 5.395704826498292732e+02 4.124690086205087169e+01 2.660970201554048131e+01
4.277235384362069453e+04 2.836792665469724307e+04 1.776199080119962309e+04 1.273819827589515626e+04 6.924695049421557997e+03 3.779526702180520715e+03 4.576476591312374694e+03 5.206646726996425514e+02 2.369167397490145959e+02 3.894887044703641266e+01 -3.345085228687202594e+00
1.601004064782172645e+04 1.099706768892727450e+04 6.826840522209708070e+03 4.990863239647300361e+03 2.704381800008306527e+03 1.420390638822656456e+03 5.206646726996425514e+02 1.246983459775311985e+03 1.026584303828484366e+02 1.174897461330177251e+01 -5.450959516852413866e-01
5.544072885750436399e+03 3.591550951475103830e+03 2.358441948368697012e+03 1.496892306631748625e+03 8.437144159220963502e+02 5.395704826498292732e+02 2.369167397490145959e+02 1.026584303828484366e+02 2.945165191616146672e+02 7.576441573063826596e+00 -3.960769145338748909e-01
5.284371919530869945e+02 3.793946254802302747e+02 3.164301607300740216e+02 9.167808027695713236e+01 6.723111507691643851e+01 4.124690086205087169e+01 3.894887044703641266e+01 1.174897461330177251e+01 7.576441573063826596e+00 4.238415140873387799e+01 -2.588225382102550820e-01
-3.956063281006881027e+01 6.022918110761752075e+01 4.053513888197309711e+01 6.935267557951858564e+00 5.450959516852183384e+00 2.660970201554048131e+01 -3.345085228687202594e+00 -5.450959516852413866e-01 -3.960769145338748909e-01 -2.588225382102550820e-01 2.994106180659540151e+00
