1.168221454193286132e+06 6.185757343209265964e+05 3.857170463993115118e+05 2.041336316031655879e+05 9.745639873382438964e+04 4.329259714475860528e+04 1.789902348676269321e+04 3.600449315568424481e+03 3.931126111189033736e+02 1.330551181745122165e+02
6.185757343209265964e+05 4.809618664768379531e+05 2.368015918908487365e+05 1.250887324617403647e+05 6.512458457527538121e+04 2.781877972582501025e+04 1.188300154226004270e+04 2.894289550428111397e+03 2.717162917617233688e+02 2.548851817451139468e+01
3.857170463993115118e+05 2.368015918908487365e+05 1.995107377242185757e+05 7.776810241896296793e+04 3.964804962566387985e+04 1.688731497322357973e+04 7.431213450116174499e+03 1.689525029829879486e+03 1.248465399574859163e+02 6.981167857823153611e+01
2.041336316031655879e+05 1.250887324617403647e+05 7.776810241896296793e+04 6.543460472287391167e+04 2.059729667960135703e+04 9.088173148923520785e+03 4.159948506373976670e+03 8.253474522958538273e+02 1.272407100312850616e+02 3.377654991681684038e+01
9.745639873382438964e+04 6.512458457527538121e+04 3.964804962566387985e+04 2.059729667960135703e+04 2.083761556750287855e+04 4.844422949340379091e+03 2.365493510463996699e+03 5.930690949527471503e+02 7.303774243937922961e+01 2.556332027600066326e+01
4.329259714475860528e+04 2.781877972582501025e+04 1.688731497322357973e+04 9.088173148923520785e+03 4.844422949340379091e+03 5.712835511326632513e+03 1.007517033634616269e+03 2.421041759335816437e+02 2.240988576112166797e+01 6.327956566146450967e+00
1.789902348676269321e+04 1.188300154226004270e+04 7.431213450116174499e+03 4.159948506373976670e+03 2.365493510463996699e+03 1.007517033634616269e+03 1.536171954717670815e+03 1.401588474306390140e+02 1.370342847261883712e+01 3.626806280098880730e+00
3.600449315568424481e+03 2.894289550428111397e+03 1.689525029829879486e+03 8.253474522958538273e+02 5.930690949527471503e+02 2.421041759335816437e+02 1.401588474306390140e+02 3.106492157422567288e+02 3.558129914424194240e+00 -6.819781364075473418e-01
3.931126111189033736e+02 2.717162917617233688e+02 1.248465399574859163e+02 1.272407100312850616e+02 7.303774243937922961e+01 2.240988576112166797e+01 1.370342847261883712e+01 3.558129914424194240e+00 4.092029523521719625e+01 -4.135767519928725267e-01
1.330551181745122165e+02 2.548851817451139468e+01 6.981167857823153611e+01 3.377654991681684038e+01 2.556332027600066326e+01 6.327956566146450967e+00 3.626806280098880730e+00 -6.819781364075473418e-01 -4.135767519928725267e-01 4.989119109303985056e+00
