3.971143288135735784e+05 1.593366428532502614e+05 8.178358678154167137e+04 3.980783883037647320e+04 1.158157027928324351e+04 2.511821441943725404e+03 8.531311529982151569e+02 1.171660492193938410e+02 3.275403813164064815e+01
1.593366428532502614e+05 1.296938300008204824e+05 4.243560121952434565e+04 2.194305320596310412e+04 6.703369444777427816e+03 1.405348629928764922e+03 3.955750316412108418e+02 4.189360710973474511e+01 2.097429586464042472e+01
8.178358678154167137e+04 4.243560121952434565e+04 3.841656931708937191e+04 1.066465870002081101e+04 3.881383208769952944e+03 7.647670091874432501e+02 2.079550928625739914e+02 3.322335383657198093e+01 5.043371504930592053e+00
3.980783883037647320e+04 2.194305320596310412e+04 1.066465870002081101e+04 1.205384726482952647e+04 1.676148470658037468e+03 4.173081016254957945e+02 9.184418236139980252e+01 3.433893612447619148e+00 4.317716814613573817e+00
1.158157027928324351e+04 6.703369444777427816e+03 3.881383208769952944e+03 1.676148470658037468e+03 2.393286149353220935e+03 1.048772087172770142e+02 6.189046664214784954e+01 -5.919160385982004335e+00 1.138213837334691947e+00
2.511821441943725404e+03 1.405348629928764922e+03 7.647670091874432501e+02 4.173081016254957945e+02 1.048772087172770142e+02 4.359493858791019534e+02 9.119089453020070124e+00 3.330610129045426415e+00 1.457582748414193163e-01
8.531311529982151569e+02 3.955750316412108418e+02 2.079550928625739914e+02 9.184418236139980252e+01 6.189046664214784954e+01 9.119089453020070124e+00 1.078031518731299485e+02 -8.347466213163626803e-01 8.028111252337760684e-01
1.171660492193938410e+02 4.189360710973474511e+01 3.322335383657198093e+01 3.433893612447619148e+00 -5.919160385982004335e+00 3.330610129045426415e+00 -8.347466213163626803e-01 8.906411384356802685e+00 -1.769698048489092360e-02
3.275403813164064815e+01 2.097429586464042472e+01 5.043371504930592053e+00 4.317716814613573817e+00 1.138213837334691947e+00 1.457582748414193163e-01 8.028111252337760684e-01 -1.769698048489092360e-02 1.004250296251894436e+00
