1.938973476587764220e+06 1.087918097504878649e+06 7.682860960434419103e+05 5.162114983609839110e+05 3.672673536386919441e+05 2.317062573910790670e+05 1.475158463778696605e+05 8.379358024428199860e+04 4.727621770274328446e+04 2.385598057049686031e+04 5.696491422139698443e+03 1.834101036817670092e+03 4.461187409044088099e+02
1.087918097504878649e+06 9.520325204156076070e+05 5.164216316703058546e+05 3.503221370047877426e+05 2.507443346313775401e+05 1.635968179453111079e+05 1.020236238792221848e+05 5.666511791740494664e+04 3.311537296875019092e+04 1.567481594228123868e+04 3.361119596439184988e+03 1.742857730815180503e+03 1.981127573888507527e+02
7.682860960434419103e+05 5.164216316703058546e+05 4.856655468325619004e+05 2.415388774889610359e+05 1.667381314412394131e+05 1.145986446441957232e+05 6.946669484366395045e+04 3.840213768902909214e+04 2.194148573610664243e+04 1.155229704123968622e+04 2.419478425051470822e+03 1.053708800369489609e+03 1.834781362088391177e+02
5.162114983609839110e+05 3.503221370047877426e+05 2.415388774889610359e+05 2.327185453202332428e+05 1.135664711229140667e+05 7.651156935173078091e+04 4.655475191584447020e+04 2.726522621531294499e+04 1.625599602850570773e+04 7.354551012374749007e+03 1.994098390403302801e+03 7.699774332894843383e+02 1.050282845113062677e+02
3.672673536386919441e+05 2.507443346313775401e+05 1.667381314412394131e+05 1.135664711229140667e+05 1.270041191459666152e+05 5.600976713233423652e+04 3.207355436801143151e+04 1.676186615220006206e+04 1.097417669772331465e+04 5.700396544216041548e+03 1.333893654504629467e+03 5.290240019249044963e+02 1.907232111901742755e+01
2.317062573910790670e+05 1.635968179453111079e+05 1.145986446441957232e+05 7.651156935173078091e+04 5.600976713233423652e+04 6.129922382863068196e+04 2.265536308236478362e+04 1.185228328218934075e+04 7.306168110446939863e+03 3.786262643628614114e+03 9.179249507510273816e+02 3.984392452508957376e+02 2.572253478581711761e+01
1.475158463778696605e+05 1.020236238792221848e+05 6.946669484366395045e+04 4.655475191584447020e+04 3.207355436801143151e+04 2.265536308236478362e+04 2.965899923312475585e+04 8.135174203832859348e+03 4.276536522838143355e+03 1.998004408965771972e+03 6.179653505599355867e+02 1.806535871913190761e+02 3.086606644984908243e+01
8.379358024428199860e+04 5.666511791740494664e+04 3.840213768902909214e+04 2.726522621531294499e+04 1.676186615220006206e+04 1.185228328218934075e+04 8.135174203832859348e+03 1.220725555777240515e+04 2.667537150001283862e+03 1.244361091082618032e+03 2.598999785570742915e+02 8.550514669569051307e+01 2.567417342166908867e+01
4.727621770274328446e+04 3.311537296875019092e+04 2.194148573610664243e+04 1.625599602850570773e+04 1.097417669772331465e+04 7.306168110446939863e+03 4.276536522838143355e+03 2.667537150001283862e+03 4.294120593885725611e+03 7.478146061649403009e+02 1.758243613817476785e+02 8.023277141310649085e+01 1.288389229858325713e+01
2.385598057049686031e+04 1.567481594228123868e+04 1.155229704123968622e+04 7.354551012374749007e+03 5.700396544216041548e+03 3.786262643628614114e+03 1.998004408965771972e+03 1.244361091082618032e+03 7.478146061649403009e+02 1.634515247280430913e+03 1.123637459035264214e+02 3.694262332072791821e+01 1.974921572300521078e+01
5.696491422139698443e+03 3.361119596439184988e+03 2.419478425051470822e+03 1.994098390403302801e+03 1.333893654504629467e+03 9.179249507510273816e+02 6.179653505599355867e+02 2.598999785570742915e+02 1.758243613817476785e+02 1.123637459035264214e+02 3.010950584163778103e+02 8.846946918908665580e+00 -2.696209750508054448e+00
1.834101036817670092e+03 1.742857730815180503e+03 1.053708800369489609e+03 7.699774332894843383e+02 5.290240019249044963e+02 3.984392452508957376e+02 1.806535871913190761e+02 8.550514669569051307e+01 8.023277141310649085e+01 3.694262332072791821e+01 8.846946918908665580e+00 9.716694869271653090e+01 5.179636514414140969e-01
4.461187409044088099e+02 1.981127573888507527e+02 1.834781362088391177e+02 1.050282845113062677e+02 1.907232111901742755e+01 2.572253478581711761e+01 3.086606644984908243e+01 2.567417342166908867e+01 1.288389229858325713e+01 1.974921572300521078e+01 -2.696209750508054448e+00 5.179636514414140969e-01 9.848191889743317162e+00
