1.857525809843025869e+06 1.049287830607246608e+06 7.444208099081530236e+05 5.017549921760434518e+05 3.577555338406356750e+05 2.260414088487700210e+05 1.440569875268560136e+05 8.188640993256297952e+04 4.622254259136522887e+04 2.333209299903132705e+04 5.572659050785583531e+03 1.794526460912915809e+03 4.365355831204267361e+02
1.049287830607246608e+06 9.244547635769869667e+05 5.037735981710027554e+05 3.428207145652550389e+05 2.459068406141045562e+05 1.606795258290121565e+05 1.003071393874803616e+05 5.575095708119626215e+04 3.259689281214323273e+04 1.543456245954912811e+04 3.310353989146756248e+03 1.716816954591921785e+03 1.951718015785469333e+02
7.444208099081530236e+05 5.037735981710027554e+05 4.759544262775914976e+05 2.374562553299279534e+05 1.642750120595589979e+05 1.130738728482291626e+05 6.861275096220399428e+04 3.795675071710505290e+04 2.169749925896647619e+04 1.142766015755273474e+04 2.393918283095034894e+03 1.042748947805881699e+03 1.815875398761829445e+02
5.017549921760434518e+05 3.428207145652550389e+05 2.374562553299279534e+05 2.295070661647152156e+05 1.122419505439942877e+05 7.573181977703404846e+04 4.612758413149230910e+04 2.703405725315000018e+04 1.612596569406453091e+04 7.298164207397858263e+03 1.979259086783508337e+03 7.643735432998277020e+02 1.042741104698558274e+02
3.577555338406356750e+05 2.459068406141045562e+05 1.642750120595589979e+05 1.122419505439942877e+05 1.257948574645399349e+05 5.555908134542683547e+04 3.184811920910065965e+04 1.665576170434348751e+04 1.090998370870164217e+04 5.668948878106170014e+03 1.326836095143623652e+03 5.263117098969293011e+02 1.897639791514223973e+01
2.260414088487700210e+05 1.606795258290121565e+05 1.130738728482291626e+05 7.573181977703404846e+04 5.555908134542683547e+04 6.089651972839860537e+04 2.252962352319304046e+04 1.179479404567200618e+04 7.274246651935058253e+03 3.770981636865566543e+03 9.144278706040468023e+02 3.969867149712084142e+02 2.563127439003293873e+01
1.440569875268560136e+05 1.003071393874803616e+05 6.861275096220399428e+04 4.612758413149230910e+04 3.184811920910065965e+04 2.252962352319304046e+04 2.952465359737307517e+04 8.104021905553225224e+03 4.262220932058186008e+03 1.991982567468691286e+03 6.162427380409808393e+02 1.801797021304237489e+02 3.078811738619158689e+01
8.188640993256297952e+04 5.575095708119626215e+04 3.795675071710505290e+04 2.703405725315000018e+04 1.665576170434348751e+04 1.179479404567200618e+04 8.104021905553225224e+03 1.216906516136193022e+04 2.660478046576086854e+03 1.241483480838388459e+03 2.593578302779228579e+02 8.534084964441447596e+01 2.562735283642408746e+01
4.622254259136522887e+04 3.259689281214323273e+04 2.169749925896647619e+04 1.612596569406453091e+04 1.090998370870164217e+04 7.274246651935058253e+03 4.262220932058186008e+03 2.660478046576086854e+03 4.284828688615497413e+03 7.464461609751731430e+02 1.755424649874975671e+02 8.011734023689908213e+01 1.286661739193699994e+01
2.333209299903132705e+04 1.543456245954912811e+04 1.142766015755273474e+04 7.298164207397858263e+03 5.668948878106170014e+03 3.770981636865566543e+03 1.991982567468691286e+03 1.241483480838388459e+03 7.464461609751731430e+02 1.632070220319310693e+03 1.122211388589986427e+02 3.690181946300649685e+01 1.972933620811786781e+01
5.572659050785583531e+03 3.310353989146756248e+03 2.393918283095034894e+03 1.979259086783508337e+03 1.326836095143623652e+03 9.144278706040468023e+02 6.162427380409808393e+02 2.593578302779228579e+02 1.755424649874975671e+02 1.122211388589986427e+02 3.007812010523987283e+02 8.839181835241427976e+00 -2.694107329552262620e+00
1.794526460912915809e+03 1.716816954591921785e+03 1.042748947805881699e+03 7.643735432998277020e+02 5.263117098969293011e+02 3.969867149712084142e+02 1.801797021304237489e+02 8.534084964441447596e+01 8.011734023689908213e+01 3.690181946300649685e+01 8.839181835241427976e+00 9.709766736493807571e+01 5.176450764205101640e-01
4.365355831204267361e+02 1.951718015785469333e+02 1.815875398761829445e+02 1.042741104698558274e+02 1.897639791514223973e+01 2.563127439003293873e+01 3.078811738619158689e+01 2.562735283642408746e+01 1.286661739193699994e+01 1.972933620811786781e+01 -2.694107329552262620e+00 5.176450764205101640e-01 9.843099559208180693e+00
