1.772509835918257711e+06 9.934361376460383181e+05 6.958559396237942856e+05 4.273546212473114720e+05 2.965094800339320791e+05 1.815527377152937406e+05 9.509309782041663129e+04 5.493535284899693943e+04 1.916477738716786189e+04 7.418783476544555924e+03 1.561413640263871912e+03 6.211213348184885490e+02
9.934361376460383181e+05 8.444417402753821807e+05 4.641499210255451035e+05 2.921661377378561883e+05 2.021489995480929792e+05 1.252000411744417797e+05 5.974456218326136877e+04 3.633045527604632662e+04 1.233362483137457639e+04 4.994134450227556954e+03 1.088866409111131361e+03 2.733215703117652424e+02
6.958559396237942856e+05 4.641499210255451035e+05 4.293196088805801119e+05 2.032667811159114062e+05 1.411525810280792066e+05 8.750009152209816966e+04 4.438615103382528469e+04 2.559125684595840357e+04 9.053327465245280109e+03 4.159222658217014214e+03 4.851088250047686188e+02 1.759369556160684738e+02
4.273546212473114720e+05 2.921661377378561883e+05 2.032667811159114062e+05 1.913484906185394211e+05 8.918370212673650531e+04 5.374404318991206674e+04 2.499059416979417438e+04 1.418824965045331737e+04 6.515327009089514831e+03 2.152342130647275098e+03 4.001841051432650147e+02 1.614077904012946476e+02
2.965094800339320791e+05 2.021489995480929792e+05 1.411525810280792066e+05 8.918370212673650531e+04 9.610526359711644182e+04 3.953677138022357394e+04 1.787878626205447654e+04 1.014929953647583898e+04 4.267738892185068835e+03 1.733090179022065286e+03 3.132443495162835347e+02 1.111396978079761624e+02
1.815527377152937406e+05 1.252000411744417797e+05 8.750009152209816966e+04 5.374404318991206674e+04 3.953677138022357394e+04 4.208415308185671893e+04 1.292103006296778221e+04 7.632481299309515634e+03 2.616212862373349253e+03 1.103726747165032975e+03 1.503519190380562804e+02 3.261131720002187961e+01
9.509309782041663129e+04 5.974456218326136877e+04 4.438615103382528469e+04 2.499059416979417438e+04 1.787878626205447654e+04 1.292103006296778221e+04 1.419600944654676641e+04 3.698243358848761090e+03 1.271278410998142590e+03 3.942747054813472118e+02 1.341435312388564114e+02 4.842946224017445189e+01
5.493535284899693943e+04 3.633045527604632662e+04 2.559125684595840357e+04 1.418824965045331737e+04 1.014929953647583898e+04 7.632481299309515634e+03 3.698243358848761090e+03 5.404926596805193185e+03 7.931301670546307605e+02 3.640621913200098447e+02 9.491242368790233641e+00 3.488884728475179742e+01
1.916477738716786189e+04 1.233362483137457639e+04 9.053327465245280109e+03 6.515327009089514831e+03 4.267738892185068835e+03 2.616212862373349253e+03 1.271278410998142590e+03 7.931301670546307605e+02 1.475968923182608705e+03 1.866535509877988659e+02 2.029732181551738535e+01 1.048394491639892756e+01
7.418783476544555924e+03 4.994134450227556954e+03 4.159222658217014214e+03 2.152342130647275098e+03 1.733090179022065286e+03 1.103726747165032975e+03 3.942747054813472118e+02 3.640621913200098447e+02 1.866535509877988659e+02 4.327762049462972413e+02 9.442045558277677442e-01 3.775641613173932321e-01
1.561413640263871912e+03 1.088866409111131361e+03 4.851088250047686188e+02 4.001841051432650147e+02 3.132443495162835347e+02 1.503519190380562804e+02 1.341435312388564114e+02 9.491242368790233641e+00 2.029732181551738535e+01 9.442045558277677442e-01 8.266534655542280063e+01 2.185691844039899134e+00
6.211213348184885490e+02 2.733215703117652424e+02 1.759369556160684738e+02 1.614077904012946476e+02 1.111396978079761624e+02 3.261131720002187961e+01 4.842946224017445189e+01 3.488884728475179742e+01 1.048394491639892756e+01 3.775641613173932321e-01 2.185691844039899134e+00 1.178962729353337480e+01
