4.008483760383040644e+05 1.608344136791100609e+05 8.252145868753755349e+04 4.014579105930944206e+04 1.167323609132084312e+04 2.530348778648155985e+03 8.590114130732987405e+02 1.179272276769732741e+02 3.295433028071528270e+01
1.608344136791100609e+05 1.309125794563969976e+05 4.281834224130019720e+04 2.212927687722203336e+04 6.756405777737081735e+03 1.415710475765857609e+03 3.983004081244063741e+02 4.216565055761916625e+01 2.110249356582535185e+01
8.252145868753755349e+04 4.281834224130019720e+04 3.874855338024184312e+04 1.075114088176133009e+04 3.910628103289361661e+03 7.701174090617238335e+02 2.093094640962262645e+02 3.342658014424933555e+01 5.072298132935046944e+00
4.014579105930944206e+04 2.212927687722203336e+04 1.075114088176133009e+04 1.214517991342705682e+04 1.687886176102486843e+03 4.200058014515802256e+02 9.239354573848393670e+01 3.453074812842647834e+00 4.340189016099558650e+00
1.167323609132084312e+04 6.756405777737081735e+03 3.910628103289361661e+03 1.687886176102486843e+03 2.408672206103000008e+03 1.054950290265206547e+02 6.222517716813362654e+01 -5.948831425465184175e+00 1.143485738204424340e+00
2.530348778648155985e+03 1.415710475765857609e+03 7.701174090617238335e+02 4.200058014515802256e+02 1.054950290265206547e+02 4.382831233267008884e+02 9.163505870669585107e+00 3.345516336364487309e+00 1.463551174875690197e-01
8.590114130732987405e+02 3.983004081244063741e+02 2.093094640962262645e+02 9.239354573848393670e+01 6.222517716813362654e+01 9.163505870669585107e+00 1.082762369903450548e+02 -8.380801127001525908e-01 8.057115405939405672e-01
1.179272276769732741e+02 4.216565055761916625e+01 3.342658014424933555e+01 3.453074812842647834e+00 -5.948831425465184175e+00 3.345516336364487309e+00 -8.380801127001525908e-01 8.938461756341231634e+00 -1.775393166443582985e-02
3.295433028071528270e+01 2.110249356582535185e+01 5.072298132935046944e+00 4.340189016099558650e+00 1.143485738204424340e+00 1.463551174875690197e-01 8.057115405939405672e-01 -1.775393166443582985e-02 1.007100188558868625e+00
