4.439465777406887355e+04 1.102298209314674750e+04 4.021019288451122065e+03 6.848372561051476168e+02 1.729445562762692816e+02 4.760257098442940560e+01
1.102298209314674750e+04 1.254545066611199945e+04 1.956887919967029802e+03 3.492814616145962532e+02 8.846900844598913238e+01 7.416304939108450789e+00
4.021019288451122065e+03 1.956887919967029802e+03 2.277891884038177523e+03 8.033067439024752332e+01 4.046561017944695493e+01 1.678450607884153900e+00
6.848372561051476168e+02 3.492814616145962532e+02 8.033067439024752332e+01 3.860258236018801767e+02 2.083763399943779859e+01 1.546261392777614985e+00
1.729445562762692816e+02 8.846900844598913238e+01 4.046561017944695493e+01 2.083763399943779859e+01 6.768244795263382230e+01 2.266723906192659843e+00
4.760257098442940560e+01 7.416304939108450789e+00 1.678450607884153900e+00 1.546261392777614985e+00 2.266723906192659843e+00 5.997389392270946473e+00
