1.755973338414743310e+06 9.841839487426545238e+05 6.896408740654930007e+05 4.237662145002980251e+05 2.941877781552908127e+05 1.802296182359613595e+05 9.444580197896651225e+04 5.458430804549965978e+04 1.904892664864540711e+04 7.376059361935771449e+03 1.552789627567140542e+03 6.177940197253253700e+02
9.841839487426545238e+05 8.365907836159530561e+05 4.600118251726219314e+05 2.897175898926894879e+05 2.005694110988741159e+05 1.242896291672017105e+05 5.933884737337284605e+04 3.609888527026992233e+04 1.225926757648398961e+04 4.965454392773945983e+03 1.082869976423742401e+03 2.718618201093605080e+02
6.896408740654930007e+05 4.600118251726219314e+05 4.256560115498827072e+05 2.016409455831110827e+05 1.401035881817405752e+05 8.689729529486285173e+04 4.410172136978324124e+04 2.543793760728504640e+04 9.002214381898424108e+03 4.136930918831020790e+03 4.826232267518128083e+02 1.750647536497773444e+02
4.237662145002980251e+05 2.897175898926894879e+05 2.016409455831110827e+05 1.899204040574014070e+05 8.856868569322167605e+04 5.340259442257525370e+04 2.484385041291395100e+04 1.411085642173537235e+04 6.482038544543296666e+03 2.141961569242382211e+03 3.983484648826649845e+02 1.606942754313506043e+02
2.941877781552908127e+05 2.005694110988741159e+05 1.401035881817405752e+05 8.856868569322167605e+04 9.549705892278807005e+04 3.930803565199764125e+04 1.778396008775556766e+04 1.009970619683047698e+04 4.248360384770693599e+03 1.725717279728245558e+03 3.119856920758105048e+02 1.107116297340888167e+02
1.802296182359613595e+05 1.242896291672017105e+05 8.689729529486285173e+04 5.340259442257525370e+04 3.930803565199764125e+04 4.186354957817826653e+04 1.285952410840439552e+04 7.599337567585648685e+03 2.605756944240919893e+03 1.099632003993828221e+03 1.498296361445441391e+02 3.250346720767289810e+01
9.444580197896651225e+04 5.933884737337284605e+04 4.410172136978324124e+04 2.484385041291395100e+04 1.778396008775556766e+04 1.285952410840439552e+04 1.413527761402093347e+04 3.683967382972205542e+03 1.266810929993323953e+03 3.930022372390217242e+02 1.337422996703771219e+02 4.829267909905718881e+01
5.458430804549965978e+04 3.609888527026992233e+04 2.543793760728504640e+04 1.411085642173537235e+04 1.009970619683047698e+04 7.599337567585648685e+03 3.683967382972205542e+03 5.386322072638109603e+03 7.906746707740762758e+02 3.630395273868264781e+02 9.466824874308173321e+00 3.480490885996243833e+01
1.904892664864540711e+04 1.225926757648398961e+04 9.002214381898424108e+03 6.482038544543296666e+03 4.248360384770693599e+03 2.605756944240919893e+03 1.266810929993323953e+03 7.906746707740762758e+02 1.471910524755142660e+03 1.861938922068035822e+02 2.025213700404107797e+01 1.046235495474649824e+01
7.376059361935771449e+03 4.965454392773945983e+03 4.136930918831020790e+03 2.141961569242382211e+03 1.725717279728245558e+03 1.099632003993828221e+03 3.930022372390217242e+02 3.630395273868264781e+02 1.861938922068035822e+02 4.318346879172605099e+02 9.423737655996027307e-01 3.768950732805244064e-01
1.552789627567140542e+03 1.082869976423742401e+03 4.826232267518128083e+02 3.983484648826649845e+02 3.119856920758105048e+02 1.498296361445441391e+02 1.337422996703771219e+02 9.466824874308173321e+00 2.025213700404107797e+01 9.423737655996027307e-01 8.252461972955795488e+01 2.182335781011659037e+00
6.177940197253253700e+02 2.718618201093605080e+02 1.750647536497773444e+02 1.606942754313506043e+02 1.107116297340888167e+02 3.250346720767289810e+01 4.829267909905718881e+01 3.480490885996243833e+01 1.046235495474649824e+01 3.768950732805244064e-01 2.182335781011659037e+00 1.177349267981887770e+01
