1.778101408128689043e+06 1.017667430133873015e+06 7.000742660145851551e+05 4.614055251320027746e+05 3.160456543594571995e+05 2.020554771772347740e+05 1.214331173057624692e+05 6.659602143067430006e+04 3.664667730285799189e+04 1.203186568678854564e+04 2.014190325557817914e+03 1.210267914108840159e+03 1.811953845152072233e+02
1.017667430133873015e+06 8.785413707820889540e+05 4.950485296241909964e+05 3.160971600445614895e+05 2.215611652222443372e+05 1.434513408266596380e+05 8.323712632840474544e+04 4.322112663477592287e+04 2.366979758809136547e+04 8.378440462467800899e+03 1.730893371272243030e+03 8.613476817261762335e+02 2.830969550514786093e+01
7.000742660145851551e+05 4.950485296241909964e+05 4.457008480206557433e+05 2.142510598841112223e+05 1.505344372302464326e+05 1.010931030441800831e+05 5.962671086584389559e+04 3.250359513022621104e+04 1.602318765629745030e+04 6.218123245545222744e+03 1.389714285714297375e+03 6.968032138357293661e+02 3.347830316213563862e+01
4.614055251320027746e+05 3.160971600445614895e+05 2.142510598841112223e+05 2.078364256264219293e+05 1.031335913082382031e+05 6.275586947047180729e+04 3.726810629554728803e+04 1.977461642686614505e+04 1.058026732434374208e+04 3.509796362605798095e+03 8.160772668609340599e+02 3.483418032253147203e+02 6.637229483649153394e+01
3.160456543594571995e+05 2.215611652222443372e+05 1.505344372302464326e+05 1.031335913082382031e+05 1.093270146483751887e+05 4.658545296624671028e+04 2.692563217818460907e+04 1.287171345085157373e+04 7.655200094975032698e+03 3.364161626219219670e+03 4.443649649013166254e+02 3.443378969902743165e+02 2.245873752015284808e+01
2.020554771772347740e+05 1.434513408266596380e+05 1.010931030441800831e+05 6.275586947047180729e+04 4.658545296624671028e+04 5.101458110224471602e+04 1.712981675162028841e+04 9.155635525292360398e+03 5.310128683637015456e+03 1.700479762255787591e+03 2.620538983842665175e+02 1.615993811298164644e+02 1.537249014824501003e+01
1.214331173057624692e+05 8.323712632840474544e+04 5.962671086584389559e+04 3.726810629554728803e+04 2.692563217818460907e+04 1.712981675162028841e+04 2.299973740909346816e+04 5.234813285794532021e+03 2.728564060339858770e+03 1.021649028611278027e+03 2.415226044630594515e+02 8.663300155866561170e+01 1.203524802677641681e+01
6.659602143067430006e+04 4.322112663477592287e+04 3.250359513022621104e+04 1.977461642686614505e+04 1.287171345085157373e+04 9.155635525292360398e+03 5.234813285794532021e+03 8.628137545428671729e+03 1.602313471532329913e+03 5.995133903439352707e+02 1.408524017600992693e+02 3.746848395954253164e+01 8.623496386732337982e+00
3.664667730285799189e+04 2.366979758809136547e+04 1.602318765629745030e+04 1.058026732434374208e+04 7.655200094975032698e+03 5.310128683637015456e+03 2.728564060339858770e+03 1.602313471532329913e+03 2.763940395448913932e+03 4.024004197287938496e+02 6.502524117171842022e+01 4.904491021403964623e+01 1.282348030223561919e+00
1.203186568678854564e+04 8.378440462467800899e+03 6.218123245545222744e+03 3.509796362605798095e+03 3.364161626219219670e+03 1.700479762255787591e+03 1.021649028611278027e+03 5.995133903439352707e+02 4.024004197287938496e+02 8.162458936661780626e+02 1.822149884536292319e+01 1.026466657220216838e+01 3.454888729746021792e+00
2.014190325557817914e+03 1.730893371272243030e+03 1.389714285714297375e+03 8.160772668609340599e+02 4.443649649013166254e+02 2.620538983842665175e+02 2.415226044630594515e+02 1.408524017600992693e+02 6.502524117171842022e+01 1.822149884536292319e+01 1.815659713312985275e+02 -2.743126749667776032e+00 -6.156839166516667738e-01
1.210267914108840159e+03 8.613476817261762335e+02 6.968032138357293661e+02 3.483418032253147203e+02 3.443378969902743165e+02 1.615993811298164644e+02 8.663300155866561170e+01 3.746848395954253164e+01 4.904491021403964623e+01 1.026466657220216838e+01 -2.743126749667776032e+00 3.875867509698568369e+01 -1.372543763236201697e-01
1.811953845152072233e+02 2.830969550514786093e+01 3.347830316213563862e+01 6.637229483649153394e+01 2.245873752015284808e+01 1.537249014824501003e+01 1.203524802677641681e+01 8.623496386732337982e+00 1.282348030223561919e+00 3.454888729746021792e+00 -6.156839166516667738e-01 -1.372543763236201697e-01 1.999992340715606831e+00
