1.857301616583842319e+06 1.110203791437754408e+06 7.596496594299189746e+05 5.368950223076480906e+05 3.959461071916692890e+05 2.540352153675766021e+05 1.628201333174962201e+05 9.062966468418351724e+04 6.011605212908874091e+04 3.333457037924758333e+04 1.100704804286108629e+04 3.954451522473988007e+03 1.038007789492068241e+03 1.034309764438908701e+02
1.110203791437754408e+06 9.673548973236132879e+05 5.327704165349099785e+05 3.759573347222353914e+05 2.789429395874096081e+05 1.760918354326258996e+05 1.149774126171444659e+05 6.398303535909067432e+04 4.337540251454596000e+04 2.489385760624547402e+04 8.093318024977247660e+03 2.471067007249921971e+03 7.948695049422101420e+02 3.031164862267267068e+01
7.596496594299189746e+05 5.327704165349099785e+05 4.704071220315644168e+05 2.477880883115454053e+05 1.841691378326493432e+05 1.224456251929171849e+05 7.177733884291113645e+04 4.116926782602680032e+04 2.848082426154968562e+04 1.631087871140217067e+04 4.757205310947790167e+03 1.858908567292635553e+03 3.594633292611451338e+02 6.115466775940348754e+01
5.368950223076480906e+05 3.759573347222353914e+05 2.477880883115454053e+05 2.509316331355818547e+05 1.319635495268402155e+05 8.861201358756546688e+04 5.516353972296063148e+04 3.127494101201946614e+04 2.060573285181893880e+04 1.158598700219381135e+04 3.782118849115795456e+03 1.309957728409397532e+03 3.568319667893326823e+02 2.869596853565889205e+01
3.959461071916692890e+05 2.789429395874096081e+05 1.841691378326493432e+05 1.319635495268402155e+05 1.448063160297251015e+05 6.439796514259307150e+04 4.115942668724232499e+04 2.039389052584701130e+04 1.432813336345931384e+04 8.412234450694846601e+03 3.014325711068716373e+03 1.059627314539972303e+03 1.587366469950667351e+02 1.735679627452357465e+01
2.540352153675766021e+05 1.760918354326258996e+05 1.224456251929171849e+05 8.861201358756546688e+04 6.439796514259307150e+04 7.132531116225406004e+04 2.636178923946989380e+04 1.551997977948831976e+04 1.011011030135417059e+04 5.739617234921447562e+03 1.836855710570900555e+03 6.766170166321168153e+02 2.066580321000549532e+02 8.399967831005310970e+00
1.628201333174962201e+05 1.149774126171444659e+05 7.177733884291113645e+04 5.516353972296063148e+04 4.115942668724232499e+04 2.636178923946989380e+04 3.560351659192289662e+04 9.977889239087842725e+03 6.224344790346013724e+03 3.941733924119287167e+03 1.310002826275894222e+03 4.324355988219911069e+02 8.197419587087730974e+01 5.468606508093789564e+00
9.062966468418351724e+04 6.398303535909067432e+04 4.116926782602680032e+04 3.127494101201946614e+04 2.039389052584701130e+04 1.551997977948831976e+04 9.977889239087842725e+03 1.380520007199648535e+04 3.724087698806165463e+03 2.087999846814210287e+03 6.454092930097283443e+02 1.426798457420082400e+02 4.520570923058530610e+01 2.582343051688607893e+00
6.011605212908874091e+04 4.337540251454596000e+04 2.848082426154968562e+04 2.060573285181893880e+04 1.432813336345931384e+04 1.011011030135417059e+04 6.224344790346013724e+03 3.724087698806165463e+03 6.520665224167983979e+03 1.430990598228370573e+03 4.914804707396103254e+02 1.272387284056049168e+02 2.044698051861047716e+01 7.066639603861647245e+00
3.333457037924758333e+04 2.489385760624547402e+04 1.631087871140217067e+04 1.158598700219381135e+04 8.412234450694846601e+03 5.739617234921447562e+03 3.941733924119287167e+03 2.087999846814210287e+03 1.430990598228370573e+03 2.354657649135743668e+03 2.712460200443396161e+02 1.344387008321787107e+02 3.592927416791395956e+01 3.694103499909892729e+00
1.100704804286108629e+04 8.093318024977247660e+03 4.757205310947790167e+03 3.782118849115795456e+03 3.014325711068716373e+03 1.836855710570900555e+03 1.310002826275894222e+03 6.454092930097283443e+02 4.914804707396103254e+02 2.712460200443396161e+02 6.453936067953131897e+02 3.766260086320113487e+01 2.666656454287192890e-01 -7.843107218493705624e-02
3.954451522473988007e+03 2.471067007249921971e+03 1.858908567292635553e+03 1.309957728409397532e+03 1.059627314539972303e+03 6.766170166321168153e+02 4.324355988219911069e+02 1.426798457420082400e+02 1.272387284056049168e+02 1.344387008321787107e+02 3.766260086320113487e+01 1.574092010983413843e+02 6.978404647653768222e+00 -2.882341902796021760e-01
1.038007789492068241e+03 7.948695049422101420e+02 3.594633292611451338e+02 3.568319667893326823e+02 1.587366469950667351e+02 2.066580321000549532e+02 8.197419587087730974e+01 4.520570923058530610e+01 2.044698051861047716e+01 3.592927416791395956e+01 2.666656454287192890e-01 6.978404647653768222e+00 3.474300420111747911e+01 -6.862718816181005710e-02
1.034309764438908701e+02 3.031164862267267068e+01 6.115466775940348754e+01 2.869596853565889205e+01 1.735679627452357465e+01 8.399967831005310970e+00 5.468606508093789564e+00 2.582343051688607893e+00 7.066639603861647245e+00 3.694103499909892729e+00 -7.843107218493705624e-02 -2.882341902796021760e-01 -6.862718816181005710e-02 1.001956947162427003e+00
