1.346983319309116574e+06 7.440470911290929653e+05 4.643980556207795162e+05 3.034190174399002572e+05 1.667456429870437132e+05 7.913457043258541671e+04 3.665049559810796200e+04 1.456029153198959830e+04 3.152148915442746329e+03 1.061390374200259430e+03 1.744510372414592609e+02
7.440470911290929653e+05 6.285588327219286002e+05 3.086501665864445968e+05 2.010279734890294785e+05 1.065395161715003051e+05 4.989500836703139794e+04 2.240867641734470453e+04 9.536296367744160307e+03 2.043893648060124860e+03 9.181636040229706168e+02 3.914708035918116735e+01
4.643980556207795162e+05 3.086501665864445968e+05 2.759305649014261435e+05 1.286570000072951516e+05 6.969862621131808555e+04 3.079989657633556635e+04 1.524279418458131659e+04 6.427753383645463146e+03 1.491262151432565133e+03 6.538067041312795027e+02 -1.054092660166767992e+01
3.034190174399002572e+05 2.010279734890294785e+05 1.286570000072951516e+05 1.268160020171035430e+05 4.501568168185400282e+04 2.110204062644491205e+04 1.020266769885238682e+04 3.944321169019060108e+03 1.005167036926389642e+03 3.692000215237524117e+02 -2.186867956068444485e+01
1.667456429870437132e+05 1.065395161715003051e+05 6.969862621131808555e+04 4.501568168185400282e+04 4.566647821462179854e+04 1.192084697333532313e+04 5.642593907885112458e+03 2.641166012314768977e+03 3.342136012620981091e+02 1.815332579309611560e+02 1.327209020905457315e+01
7.913457043258541671e+04 4.989500836703139794e+04 3.079989657633556635e+04 2.110204062644491205e+04 1.192084697333532313e+04 1.470480234248009583e+04 2.989331684761682936e+03 1.117784280568647091e+03 3.099880943069211980e+02 7.689900468487699925e+01 2.466241331978975992e+00
3.665049559810796200e+04 2.240867641734470453e+04 1.524279418458131659e+04 1.020266769885238682e+04 5.642593907885112458e+03 2.989331684761682936e+03 3.988025600166570257e+03 4.357323347396530266e+02 1.141020302581487016e+02 7.416084115078116668e+01 6.451254833768929942e+00
1.456029153198959830e+04 9.536296367744160307e+03 6.427753383645463146e+03 3.944321169019060108e+03 2.641166012314768977e+03 1.117784280568647091e+03 4.357323347396530266e+02 1.232092445452259199e+03 6.877005994962974000e+01 7.236725337148879333e+00 -4.145859156277922897e-01
3.152148915442746329e+03 2.043893648060124860e+03 1.491262151432565133e+03 1.005167036926389642e+03 3.342136012620981091e+02 3.099880943069211980e+02 1.141020302581487016e+02 6.877005994962974000e+01 2.622872216479221379e+02 6.970075256873381697e+00 2.871276470232311251e+00
1.061390374200259430e+03 9.181636040229706168e+02 6.538067041312795027e+02 3.692000215237524117e+02 1.815332579309611560e+02 7.689900468487699925e+01 7.416084115078116668e+01 7.236725337148879333e+00 6.970075256873381697e+00 4.542771743475248769e+01 4.829660714639933405e-01
1.744510372414592609e+02 3.914708035918116735e+01 -1.054092660166767992e+01 -2.186867956068444485e+01 1.327209020905457315e+01 2.466241331978975992e+00 6.451254833768929942e+00 -4.145859156277922897e-01 2.871276470232311251e+00 4.829660714639933405e-01 6.938166485054243715e+00
