1.856066521808511345e+06 1.055133569826303748e+06 7.225178522926901933e+05 4.746994871888789348e+05 3.244492264906734345e+05 2.071188230510255671e+05 1.243493687809741095e+05 6.814707190481016005e+04 3.748235216984455474e+04 1.230209020891910041e+04 2.058939738269451027e+03 1.236970916989338775e+03 1.851740948706124357e+02
1.055133569826303748e+06 9.047494679769704817e+05 5.074775064685514080e+05 3.230138317294619046e+05 2.259202262203672435e+05 1.460555645554649527e+05 8.466191216235798493e+04 4.392983305588334770e+04 2.404646996460325317e+04 8.508904978299206050e+03 1.757429849769602015e+03 8.744218719548042600e+02 2.873643250588403220e+01
7.225178522926901933e+05 5.074775064685514080e+05 4.547946906820889562e+05 2.179347115253950469e+05 1.527918679445159796e+05 1.024561250403604936e+05 6.036910699479938194e+04 3.288499442121379980e+04 1.620349162221762708e+04 6.285975946816150099e+03 1.404546458618569432e+03 7.041344151255231054e+02 3.382703980238683528e+01
4.746994871888789348e+05 3.230138317294619046e+05 2.179347115253950469e+05 2.107446687572787050e+05 1.043508572839760745e+05 6.340189717519054102e+04 3.761341164902132732e+04 1.994370971219002240e+04 1.066566243040474183e+04 3.536932828717167922e+03 8.221922342972513889e+02 3.508993188707810305e+02 6.685269102855272649e+01
3.244492264906734345e+05 2.259202262203672435e+05 1.527918679445159796e+05 1.043508572839760745e+05 1.103784567258364987e+05 4.696336131920526532e+04 2.711641415594516002e+04 1.295374033659735505e+04 7.700318491322813315e+03 3.382849627995691662e+03 4.467276657509582378e+02 3.461168163835434370e+02 2.257243169607519562e+01
2.071188230510255671e+05 1.460555645554649527e+05 1.024561250403604936e+05 6.340189717519054102e+04 4.696336131920526532e+04 5.135174399015485687e+04 1.722547032777604909e+04 9.200243925779635902e+03 5.333462049457784815e+03 1.707376621092871801e+03 2.630544696464071421e+02 1.621920611913572259e+02 1.542727615100082694e+01
1.243493687809741095e+05 8.466191216235798493e+04 6.036910699479938194e+04 3.761341164902132732e+04 2.711641415594516002e+04 1.722547032777604909e+04 2.310461565589854581e+04 5.254961533808607783e+03 2.737762792825706128e+03 1.024748020764773855e+03 2.421978831364323526e+02 8.686218713069936825e+01 1.206584033310506676e+01
6.814707190481016005e+04 4.392983305588334770e+04 3.288499442121379980e+04 1.994370971219002240e+04 1.295374033659735505e+04 9.200243925779635902e+03 5.254961533808607783e+03 8.655215384915492905e+03 1.606577280820427404e+03 6.009062540165931523e+02 1.411462327430178618e+02 3.754101361967803996e+01 8.639296705155521394e+00
3.748235216984455474e+04 2.404646996460325317e+04 1.620349162221762708e+04 1.066566243040474183e+04 7.700318491322813315e+03 5.333462049457784815e+03 2.737762792825706128e+03 1.606577280820427404e+03 2.769976773289585708e+03 4.031434225779032658e+02 6.512988675946387218e+01 4.911646862387841139e+01 1.284086351675995274e+00
1.230209020891910041e+04 8.508904978299206050e+03 6.285975946816150099e+03 3.536932828717167922e+03 3.382849627995691662e+03 1.707376621092871801e+03 1.024748020764773855e+03 6.009062540165931523e+02 4.031434225779032658e+02 8.174776018129168733e+02 1.824467571656170506e+01 1.027618079606759238e+01 3.458406867827336750e+00
2.058939738269451027e+03 1.757429849769602015e+03 1.404546458618569432e+03 8.221922342972513889e+02 4.467276657509582378e+02 2.630544696464071421e+02 2.421978831364323526e+02 1.411462327430178618e+02 6.512988675946387218e+01 1.824467571656170506e+01 1.817538863900971080e+02 -2.745553829597543238e+00 -6.161650020674215300e-01
1.236970916989338775e+03 8.744218719548042600e+02 7.041344151255231054e+02 3.508993188707810305e+02 3.461168163835434370e+02 1.621920611913572259e+02 8.686218713069936825e+01 3.754101361967803996e+01 4.911646862387841139e+01 1.027618079606759238e+01 -2.745553829597543238e+00 3.878714822306432097e+01 -1.373410166720598069e-01
1.851740948706124357e+02 2.873643250588403220e+01 3.382703980238683528e+01 6.685269102855272649e+01 2.257243169607519562e+01 1.542727615100082694e+01 1.206584033310506676e+01 8.639296705155521394e+00 1.284086351675995274e+00 3.458406867827336750e+00 -6.161650020674215300e-01 -1.373410166720598069e-01 2.001048063227182094e+00
