1.938739453038329259e+06 1.151076722127499990e+06 7.839937046412657946e+05 5.523583010986364679e+05 4.064706436870435718e+05 2.604003995213690796e+05 1.667286351823013974e+05 9.274024629114130221e+04 6.148634399820090766e+04 3.408307812412671046e+04 1.125164573578471209e+04 4.041691490694622644e+03 1.060784657550934526e+03 1.056939229572555092e+02
1.151076722127499990e+06 9.962124241449544206e+05 5.461398707123538479e+05 3.841798861583110993e+05 2.844284501639261725e+05 1.792881127787742007e+05 1.169443311140176229e+05 6.503202308595961222e+04 4.406525522351739346e+04 2.528137569867824277e+04 8.217436327435467319e+03 2.508568589670211168e+03 8.068392306877716464e+02 3.076617489661145655e+01
7.839937046412657946e+05 5.461398707123538479e+05 4.799934739904687740e+05 2.520427149988903548e+05 1.869270616227286810e+05 1.240946936490299558e+05 7.266941403191899008e+04 4.165174793936939386e+04 2.880069636471822741e+04 1.648859012906275166e+04 4.807942876411239013e+03 1.878439229492500317e+03 3.631979812517741379e+02 6.178616223027002263e+01
5.523583010986364679e+05 3.841798861583110993e+05 2.520427149988903548e+05 2.544376741335820407e+05 1.335185454565788677e+05 8.952304040507914033e+04 5.567352392582725588e+04 3.154197383618085223e+04 2.077163962736515896e+04 1.167539226979730847e+04 3.810437615867183467e+03 1.319558600703964657e+03 3.594056226597966770e+02 2.890112687526860213e+01
4.064706436870435718e+05 2.844284501639261725e+05 1.869270616227286810e+05 1.335185454565788677e+05 1.461964102551382966e+05 6.491961905613420822e+04 4.145028320731643907e+04 2.052362409854585349e+04 1.441232110486017336e+04 8.458851721873643328e+03 3.030340721331514032e+03 1.065089602699991019e+03 1.595364470557117613e+02 1.744315560954443356e+01
2.604003995213690796e+05 1.792881127787742007e+05 1.240946936490299558e+05 8.952304040507914033e+04 6.491961905613420822e+04 7.179630719402935938e+04 2.650865438897917193e+04 1.559551544628308329e+04 1.015441298077088504e+04 5.762853630071017506e+03 1.843872727402932696e+03 6.790949960081039762e+02 2.073908621471425704e+02 8.429226543620012890e+00
1.667286351823013974e+05 1.169443311140176229e+05 7.266941403191899008e+04 5.567352392582725588e+04 4.145028320731643907e+04 2.650865438897917193e+04 3.576515095993893192e+04 1.001616864026823714e+04 6.245208435309038578e+03 3.953632794934326284e+03 1.313658553365543867e+03 4.335741888978756151e+02 8.218051526876851653e+01 5.482026688154989280e+00
9.274024629114130221e+04 6.503202308595961222e+04 4.165174793936939386e+04 3.154197383618085223e+04 2.052362409854585349e+04 1.559551544628308329e+04 1.001616864026823714e+04 1.384845860094666386e+04 3.733954125928247777e+03 2.092836353163891545e+03 6.467571852507383028e+02 1.429553441865145089e+02 4.528775211187324601e+01 2.586867525085960740e+00
6.148634399820090766e+04 4.406525522351739346e+04 2.880069636471822741e+04 2.077163962736515896e+04 1.441232110486017336e+04 1.015441298077088504e+04 6.245208435309038578e+03 3.733954125928247777e+03 6.534785376908619583e+03 1.433613014263380592e+03 4.922691953664736388e+02 1.274228841702786070e+02 2.047420309744999400e+01 7.075604387192187872e+00
3.408307812412671046e+04 2.528137569867824277e+04 1.648859012906275166e+04 1.167539226979730847e+04 8.458851721873643328e+03 5.762853630071017506e+03 3.953632794934326284e+03 2.092836353163891545e+03 1.433613014263380592e+03 2.358189258076910392e+03 2.715910777652142656e+02 1.345885602598673643e+02 3.596516004965246793e+01 3.697561348399982073e+00
1.125164573578471209e+04 8.217436327435467319e+03 4.807942876411239013e+03 3.810437615867183467e+03 3.030340721331514032e+03 1.843872727402932696e+03 1.313658553365543867e+03 6.467571852507383028e+02 4.922691953664736388e+02 2.715910777652142656e+02 6.460676906242197219e+02 3.769601035043009318e+01 2.668712946159814137e-01 -7.848663705169141303e-02
4.041691490694622644e+03 2.508568589670211168e+03 1.878439229492500317e+03 1.319558600703964657e+03 1.065089602699991019e+03 6.790949960081039762e+02 4.335741888978756151e+02 1.429553441865145089e+02 1.274228841702786070e+02 1.345885602598673643e+02 3.769601035043009318e+01 1.575240653445887062e+02 6.982688340090092538e+00 -2.883930439360528619e-01
1.060784657550934526e+03 8.068392306877716464e+02 3.631979812517741379e+02 3.594056226597966770e+02 1.595364470557117613e+02 2.073908621471425704e+02 8.218051526876851653e+01 4.528775211187324601e+01 2.047420309744999400e+01 3.596516004965246793e+01 2.668712946159814137e-01 6.982688340090092538e+00 3.476030606333192452e+01 -6.865706020801008724e-02
1.056939229572555092e+02 3.076617489661145655e+01 6.178616223027002263e+01 2.890112687526860213e+01 1.744315560954443356e+01 8.429226543620012890e+00 5.482026688154989280e+00 2.586867525085960740e+00 7.075604387192187872e+00 3.697561348399982073e+00 -7.848663705169141303e-02 -2.883930439360528619e-01 -6.865706020801008724e-02 1.002330244728447228e+00
