1.952664700554474723e+06 1.193834065356118372e+06 7.820789785276006442e+05 5.726950723491540411e+05 4.115479626215703902e+05 2.769981994524803595e+05 1.802574504682014813e+05 1.037528319421202614e+05 6.768812820210654172e+04 4.306002072959824727e+04 1.562847117549940231e+04 5.360088691115268375e+03 1.345357434407275150e+03 3.018061562516439267e+02
1.193834065356118372e+06 1.033908922066682484e+06 5.652103247948535718e+05 4.019889460632914561e+05 2.964110603227835381e+05 1.971370735165821970e+05 1.338129562711823091e+05 7.297776651730049343e+04 4.963987164481145737e+04 3.066643612283959374e+04 1.115319626429059463e+04 3.998491838506823115e+03 1.120361872376739939e+03 2.266796931005061140e+02
7.820789785276006442e+05 5.652103247948535718e+05 4.812116816168372170e+05 2.583957512713535107e+05 1.865721895885487029e+05 1.299239583464368188e+05 8.391826922880964412e+04 4.420854319897871028e+04 3.155645306130413155e+04 1.883812467213968921e+04 6.768475168586911423e+03 2.473752746951179688e+03 6.030875053414694094e+02 2.095668901295617559e+02
5.726950723491540411e+05 4.019889460632914561e+05 2.583957512713535107e+05 2.710472273330643657e+05 1.332691272968114645e+05 9.443281711984454887e+04 6.201117087227231241e+04 3.573284942453019175e+04 2.239250326793903514e+04 1.409344365498785555e+04 5.531188973923904996e+03 1.847391533090042685e+03 6.343114022405314927e+02 1.001138389127594337e+02
4.115479626215703902e+05 2.964110603227835381e+05 1.865721895885487029e+05 1.332691272968114645e+05 1.504226933111143589e+05 6.845554037133177917e+04 4.376123291826414788e+04 2.480211717120524554e+04 1.555244205327958844e+04 9.979568274173443569e+03 3.615842473754835282e+03 1.383098072232813365e+03 2.849960884643294889e+02 4.420088679424147671e+01
2.769981994524803595e+05 1.971370735165821970e+05 1.299239583464368188e+05 9.443281711984454887e+04 6.845554037133177917e+04 7.913677540328694158e+04 3.218876327089779443e+04 1.569462888284350811e+04 1.131509602770401580e+04 6.815328200709563134e+03 2.470792102273647288e+03 1.135998302070827776e+03 2.708936604552502558e+02 9.727242701800079772e+01
1.802574504682014813e+05 1.338129562711823091e+05 8.391826922880964412e+04 6.201117087227231241e+04 4.376123291826414788e+04 3.218876327089779443e+04 4.070738555506958801e+04 1.266831837281600201e+04 8.005547699992280286e+03 5.067678165638527389e+03 1.749706919223417344e+03 7.054921434429709279e+02 2.160950708065031733e+02 5.407333140222753798e+00
1.037528319421202614e+05 7.297776651730049343e+04 4.420854319897871028e+04 3.573284942453019175e+04 2.480211717120524554e+04 1.569462888284350811e+04 1.266831837281600201e+04 1.621306472208502782e+04 4.023763960481527647e+03 2.806742163148305735e+03 8.725905011816087153e+02 2.494660741275683051e+02 1.024755549851669656e+02 -9.860333725806154082e-01
6.768812820210654172e+04 4.963987164481145737e+04 3.155645306130413155e+04 2.239250326793903514e+04 1.555244205327958844e+04 1.131509602770401580e+04 8.005547699992280286e+03 4.023763960481527647e+03 7.514426295408648002e+03 1.720297249713437623e+03 8.185696583130296631e+02 2.946253406811734408e+02 6.651942224168751139e+00 1.992115580856127366e+01
4.306002072959824727e+04 3.066643612283959374e+04 1.883812467213968921e+04 1.409344365498785555e+04 9.979568274173443569e+03 6.815328200709563134e+03 5.067678165638527389e+03 2.806742163148305735e+03 1.720297249713437623e+03 3.273423232779180125e+03 3.216892951890970949e+02 2.018769320799551963e+02 4.515072183874544010e+01 1.616206122087741193e+01
1.562847117549940231e+04 1.115319626429059463e+04 6.768475168586911423e+03 5.531188973923904996e+03 3.615842473754835282e+03 2.470792102273647288e+03 1.749706919223417344e+03 8.725905011816087153e+02 8.185696583130296631e+02 3.216892951890970949e+02 1.036252758485813047e+03 3.949333398466750822e+01 1.694633258360489236e+01 -6.900924327783756418e+00
5.360088691115268375e+03 3.998491838506823115e+03 2.473752746951179688e+03 1.847391533090042685e+03 1.383098072232813365e+03 1.135998302070827776e+03 7.054921434429709279e+02 2.494660741275683051e+02 2.946253406811734408e+02 2.018769320799551963e+02 3.949333398466750822e+01 2.433425386304635367e+02 8.507132380252910409e+00 5.296994068364146102e+00
1.345357434407275150e+03 1.120361872376739939e+03 6.030875053414694094e+02 6.343114022405314927e+02 2.849960884643294889e+02 2.708936604552502558e+02 2.160950708065031733e+02 1.024755549851669656e+02 6.651942224168751139e+00 4.515072183874544010e+01 1.694633258360489236e+01 8.507132380252910409e+00 6.098742586487873751e+01 -9.180475544559197898e-01
3.018061562516439267e+02 2.266796931005061140e+02 2.095668901295617559e+02 1.001138389127594337e+02 4.420088679424147671e+01 9.727242701800079772e+01 5.407333140222753798e+00 -9.860333725806154082e-01 1.992115580856127366e+01 1.616206122087741193e+01 -6.900924327783756418e+00 5.296994068364146102e+00 -9.180475544559197898e-01 8.879768108256948622e+00
