7.994908927074066014e+04 2.301599841072241907e+04 6.854184174010883908e+03 1.759075725176857986e+03 3.585600193039429087e+02 2.937831795926488780e+02 2.648709602292164433e+01
2.301599841072241907e+04 1.906944484116288004e+04 3.143240248516992324e+03 6.902052780583715048e+02 1.780865786232029677e+02 6.337853700671236368e+01 7.251553271128298839e+00
6.854184174010883908e+03 3.143240248516992324e+03 4.193173047599745587e+03 3.399207717993892288e+02 9.821137998471725439e+01 5.230464611341766101e+01 1.879920142629497581e-01
1.759075725176857986e+03 6.902052780583715048e+02 3.399207717993892288e+02 8.325096239446080517e+02 2.894209599314068981e+01 2.622473012717791718e+01 -1.884891000069278455e+00
3.585600193039429087e+02 1.780865786232029677e+02 9.821137998471725439e+01 2.894209599314068981e+01 1.584507115611547761e+02 4.726748358141104944e+00 -5.881464248538947892e-01
2.937831795926488780e+02 6.337853700671236368e+01 5.230464611341766101e+01 2.622473012717791718e+01 4.726748358141104944e+00 2.343048298676018959e+01 -8.723332398644038921e-02
2.648709602292164433e+01 7.251553271128298839e+00 1.879920142629497581e-01 -1.884891000069278455e+00 -5.881464248538947892e-01 -8.723332398644038921e-02 2.019796528029012883e+00
