1.069251144665853586e+06 5.528284792789838975e+05 3.197864460704652593e+05 1.698937809657786856e+05 7.442821447302434535e+04 3.670872915983002895e+04 1.196236021094487842e+04 4.068238129137549549e+03 5.587312941260361185e+02 1.009210094938565732e+02
5.528284792789838975e+05 4.372307800064061885e+05 1.901155225766797957e+05 1.090183790786381578e+05 4.304384690383914858e+04 2.413821379230903040e+04 6.905411529618782879e+03 2.417748880351296521e+03 4.022133360175610051e+02 3.708637821521090672e+01
3.197864460704652593e+05 1.901155225766797957e+05 1.526454475919583056e+05 5.983500051282688219e+04 2.487795140310255374e+04 1.299381747740252285e+04 4.366201884810314368e+03 1.762161401359835736e+03 2.629378122992484919e+02 3.525219194609096718e+01
1.698937809657786856e+05 1.090183790786381578e+05 5.983500051282688219e+04 5.219099333054443559e+04 1.424769936541336028e+04 7.812283958203711336e+03 2.674993595923039265e+03 7.235685734801714943e+02 8.300296806738184330e+01 1.225165058917794880e+01
7.442821447302434535e+04 4.304384690383914858e+04 2.487795140310255374e+04 1.424769936541336028e+04 1.479916287467709117e+04 3.389397098848733094e+03 1.135552614555253740e+03 3.257399157496808471e+02 1.006942093730594756e+01 3.712166742447480239e+00
3.670872915983002895e+04 2.413821379230903040e+04 1.299381747740252285e+04 7.812283958203711336e+03 3.389397098848733094e+03 4.233604800809980588e+03 5.945917637325143232e+02 1.967916752084583152e+02 2.903882275866843443e+01 3.261774999059977809e+00
1.196236021094487842e+04 6.905411529618782879e+03 4.366201884810314368e+03 2.674993595923039265e+03 1.135552614555253740e+03 5.945917637325143232e+02 9.818361453934932115e+02 6.460425847006956701e+01 1.412577473394907557e+01 9.008396873086432777e+00
4.068238129137549549e+03 2.417748880351296521e+03 1.762161401359835736e+03 7.235685734801714943e+02 3.257399157496808471e+02 1.967916752084583152e+02 6.460425847006956701e+01 2.117721824849632810e+02 9.469590161477600687e-02 1.269676023222859662e+00
5.587312941260361185e+02 4.022133360175610051e+02 2.629378122992484919e+02 8.300296806738184330e+01 1.006942093730594756e+01 2.903882275866843443e+01 1.412577473394907557e+01 9.469590161477600687e-02 2.308765563044697089e+01 9.140792656521574688e-01
1.009210094938565732e+02 3.708637821521090672e+01 3.525219194609096718e+01 1.225165058917794880e+01 3.712166742447480239e+00 3.261774999059977809e+00 9.008396873086432777e+00 1.269676023222859662e+00 9.140792656521574688e-01 2.008089910289724500e+00
