7.920554689261100430e+04 2.280161572847374919e+04 6.792734510874167427e+03 1.744203043336286100e+03 3.557257789770583827e+02 2.916292756819067336e+02 2.630271259607449608e+01
2.280161572847374919e+04 1.889154950072120482e+04 3.115015235788383052e+03 6.843598269455812897e+02 1.766763401229701174e+02 6.291296156286480112e+01 7.200969353365290537e+00
6.792734510874167427e+03 3.115015235788383052e+03 4.156984942975200283e+03 3.371607439636678123e+02 9.746800677093494869e+01 5.193872152835069045e+01 1.867464650036627094e-01
1.744203043336286100e+03 6.843598269455812897e+02 3.371607439636678123e+02 8.261752784625301729e+02 2.873782425003499696e+01 2.605467428576423572e+01 -1.873366986946136015e+00
3.557257789770583827e+02 1.766763401229701174e+02 9.746800677093494869e+01 2.873782425003499696e+01 1.574196964946043806e+02 4.698703867323362537e+00 -5.848749962356822873e-01
2.916292756819067336e+02 6.291296156286480112e+01 5.193872152835069045e+01 2.605467428576423572e+01 4.698703867323362537e+00 2.330491641567029149e+01 -8.679820244284561226e-02
2.630271259607449608e+01 7.200969353365290537e+00 1.867464650036627094e-01 -1.873366986946136015e+00 -5.848749962356822873e-01 -8.679820244284561226e-02 2.010471552518218630e+00
