2.173423043533096090e+06 1.269928508750081062e+06 8.693253208206681302e+05 5.470508666025579441e+05 3.560840450414685183e+05 1.893107415329944051e+05 1.207205818825206370e+05 5.633752032802151371e+04 2.670960801527458898e+04 1.047703919794028116e+04 1.837938728984273666e+03 2.866486232406897443e+02 9.856062537552898561e+01
1.269928508750081062e+06 1.069669845413561212e+06 5.977154747385635274e+05 3.678902581514120102e+05 2.444337243808816711e+05 1.296147866117642407e+05 8.396071404966425325e+04 3.816941309256946988e+04 1.786483078338726773e+04 7.418942804895837980e+03 1.120583689709234704e+03 2.702538424676683348e+02 4.860527722168442466e+01
8.693253208206681302e+05 5.977154747385635274e+05 5.064134437576458440e+05 2.500486435781088658e+05 1.732771185169890523e+05 8.614903411196659727e+04 5.508014766545978637e+04 2.640996630708369048e+04 1.327315450092020183e+04 5.281855799936050971e+03 8.659740729142109785e+02 1.150947097852815233e+02 4.319162223774378617e+01
5.470508666025579441e+05 3.678902581514120102e+05 2.500486435781088658e+05 2.179217334731377196e+05 1.053488991478336102e+05 5.787506442338314810e+04 3.660688327496312559e+04 1.589968394084545616e+04 8.256147313826662867e+03 3.140944557955753680e+03 4.713693975862847196e+02 1.111802894383746576e+02 6.897743310022342200e+00
3.560840450414685183e+05 2.444337243808816711e+05 1.732771185169890523e+05 1.053488991478336102e+05 1.040691396406434360e+05 3.939996071101674897e+04 2.387099189740741713e+04 1.083784034479585353e+04 5.582584847899807755e+03 2.038835513143423896e+03 2.855711172661867181e+02 9.746658432372281311e+01 6.656021633738194332e+00
1.893107415329944051e+05 1.296147866117642407e+05 8.614903411196659727e+04 5.787506442338314810e+04 3.939996071101674897e+04 4.039601627002171881e+04 1.292109686665770460e+04 6.947968605238742384e+03 2.926196306981517409e+03 1.206238497967619196e+03 2.383105393386530864e+02 6.564757925917247405e+01 -4.174173939924656906e+00
1.207205818825206370e+05 8.396071404966425325e+04 5.508014766545978637e+04 3.660688327496312559e+04 2.387099189740741713e+04 1.292109686665770460e+04 1.570560620400920379e+04 3.986159059297272051e+03 1.969047924287355045e+03 6.570642249692896257e+02 1.239253694752439827e+02 5.025130909421861958e+01 1.105865025406703062e+01
5.633752032802151371e+04 3.816941309256946988e+04 2.640996630708369048e+04 1.589968394084545616e+04 1.083784034479585353e+04 6.947968605238742384e+03 3.986159059297272051e+03 5.243493664130249272e+03 9.968920040566879379e+02 3.732939959595340156e+02 5.942351800908392789e+01 8.173380220376571970e+00 7.732546559969845745e+00
2.670960801527458898e+04 1.786483078338726773e+04 1.327315450092020183e+04 8.256147313826662867e+03 5.582584847899807755e+03 2.926196306981517409e+03 1.969047924287355045e+03 9.968920040566879379e+02 1.528657709740707332e+03 1.496293279316799101e+02 3.807994052418219155e+01 -1.272535935807024066e+00 -2.120693411573049136e-01
1.047703919794028116e+04 7.418942804895837980e+03 5.281855799936050971e+03 3.140944557955753680e+03 2.038835513143423896e+03 1.206238497967619196e+03 6.570642249692896257e+02 3.732939959595340156e+02 1.496293279316799101e+02 4.026239647290512380e+02 1.047870118034038001e+01 2.108367599822452032e+00 -6.536501539902719315e-01
1.837938728984273666e+03 1.120583689709234704e+03 8.659740729142109785e+02 4.713693975862847196e+02 2.855711172661867181e+02 2.383105393386530864e+02 1.239253694752439827e+02 5.942351800908392789e+01 3.807994052418219155e+01 1.047870118034038001e+01 6.857522954857141428e+01 2.158892446511165297e-01 -1.314837876966178931e-01
2.866486232406897443e+02 2.702538424676683348e+02 1.150947097852815233e+02 1.111802894383746576e+02 9.746658432372281311e+01 6.564757925917247405e+01 5.025130909421861958e+01 8.173380220376571970e+00 -1.272535935807024066e+00 2.108367599822452032e+00 2.158892446511165297e-01 5.957607507661466961e+00 -1.177281862891335282e-02
9.856062537552898561e+01 4.860527722168442466e+01 4.319162223774378617e+01 6.897743310022342200e+00 6.656021633738194332e+00 -4.174173939924656906e+00 1.105865025406703062e+01 7.732546559969845745e+00 -2.120693411573049136e-01 -6.536501539902719315e-01 -1.314837876966178931e-01 -1.177281862891335282e-02 1.002557257514416822e+00
