8.439310033279000781e+05 4.163212448481459869e+05 2.219901145599023439e+05 1.110052258684618573e+05 5.204278108616010286e+04 2.024948323574040842e+04 7.615370835742503004e+03 1.050858720669683862e+03 8.120753214028373179e+01
4.163212448481459869e+05 3.062839721355059883e+05 1.314458338624547760e+05 6.477555585341350525e+04 2.977331342940462491e+04 1.217665924992594591e+04 4.232870064069857108e+03 8.279027117696158484e+02 5.982722186265966968e+01
2.219901145599023439e+05 1.314458338624547760e+05 1.004635525139629026e+05 3.494170147938905575e+04 1.585838632664460965e+04 6.651017666139277935e+03 2.422610330076826813e+03 3.385085075501299343e+02 4.354493127706953715e+01
1.110052258684618573e+05 6.477555585341350525e+04 3.494170147938905575e+04 3.261119863970974620e+04 8.709394096989104582e+03 3.712475978569252675e+03 1.317612601054685456e+03 1.473523768674290864e+02 2.195285710456002093e+01
5.204278108616010286e+04 2.977331342940462491e+04 1.585838632664460965e+04 8.709394096989104582e+03 9.253611620665773444e+03 1.634817268622545271e+03 6.907895113759442438e+02 6.255662317469515443e+01 1.769404988491875841e+01
2.024948323574040842e+04 1.217665924992594591e+04 6.651017666139277935e+03 3.712475978569252675e+03 1.634817268622545271e+03 2.285097131215036825e+03 2.142854538700474336e+02 5.864291267266903418e+01 4.721550545532352317e+00
7.615370835742503004e+03 4.232870064069857108e+03 2.422610330076826813e+03 1.317612601054685456e+03 6.907895113759442438e+02 2.142854538700474336e+02 5.306940460552928016e+02 1.158034780810427122e+01 4.776452296062076108e+00
1.050858720669683862e+03 8.279027117696158484e+02 3.385085075501299343e+02 1.473523768674290864e+02 6.255662317469515443e+01 5.864291267266903418e+01 1.158034780810427122e+01 7.917616737068254906e+01 1.364700656017707292e+00
8.120753214028373179e+01 5.982722186265966968e+01 4.354493127706953715e+01 2.195285710456002093e+01 1.769404988491875841e+01 4.721550545532352317e+00 4.776452296062076108e+00 1.364700656017707292e+00 3.984298466994228516e+00
