1.641699430501453578e+06 9.610799821384946117e+05 6.302759431221177801e+05 3.520480753060653224e+05 2.018246231593658158e+05 1.165006479601354222e+05 5.534770568433527660e+04 1.918677358006476425e+04 8.291846676444676632e+03 1.588444897193252473e+03 4.355473516109315710e+02
9.610799821384946117e+05 7.942094055092821363e+05 4.297026563470371184e+05 2.358351242833652068e+05 1.388937896530644211e+05 7.976836510276389890e+04 3.807410909118578275e+04 1.472247695129821477e+04 5.254932816586817353e+03 1.188195449619130159e+03 3.002066934486181253e+02
6.302759431221177801e+05 4.297026563470371184e+05 3.713714385591142927e+05 1.701596954055699171e+05 9.358297494264578563e+04 5.360200844818798214e+04 2.444854362536796907e+04 9.519622366642264751e+03 3.567341240267752255e+03 7.829871975061147396e+02 2.351265505263776276e+02
3.520480753060653224e+05 2.358351242833652068e+05 1.701596954055699171e+05 1.345510749116248917e+05 5.595245238797065394e+04 3.115114148612966892e+04 1.418701037450020704e+04 5.567064954561301420e+03 2.018049134309313104e+03 3.851024467584015269e+02 1.189740541741149684e+02
2.018246231593658158e+05 1.388937896530644211e+05 9.358297494264578563e+04 5.595245238797065394e+04 5.388500148206846643e+04 1.813882465217181016e+04 8.570829921760016077e+03 3.536127634315116666e+03 1.182575863297040542e+03 2.678656408331693228e+02 6.072917919278629029e+01
1.165006479601354222e+05 7.976836510276389890e+04 5.360200844818798214e+04 3.115114148612966892e+04 1.813882465217181016e+04 2.102407438696910685e+04 5.185523278479864530e+03 1.969431673438769167e+03 8.108851298822842182e+02 1.848365470414057654e+02 4.178219292971348864e+01
5.534770568433527660e+04 3.807410909118578275e+04 2.444854362536796907e+04 1.418701037450020704e+04 8.570829921760016077e+03 5.185523278479864530e+03 5.836791372581894393e+03 9.482120549477151599e+02 3.608711670068551598e+02 1.029309783586896145e+02 2.135089862554095674e+01
1.918677358006476425e+04 1.472247695129821477e+04 9.519622366642264751e+03 5.567064954561301420e+03 3.536127634315116666e+03 1.969431673438769167e+03 9.482120549477151599e+02 1.506747170851903320e+03 1.573680247854451864e+02 4.685080096966696317e+01 4.317630523780270124e+00
8.291846676444676632e+03 5.254932816586817353e+03 3.567341240267752255e+03 2.018049134309313104e+03 1.182575863297040542e+03 8.108851298822842182e+02 3.608711670068551598e+02 1.573680247854451864e+02 4.121376373405288973e+02 7.664676529271513772e+00 3.645084079794421950e+00
1.588444897193252473e+03 1.188195449619130159e+03 7.829871975061147396e+02 3.851024467584015269e+02 2.678656408331693228e+02 1.848365470414057654e+02 1.029309783586896145e+02 4.685080096966696317e+01 7.664676529271513772e+00 6.015467158903342693e+01 1.507837362755197752e+00
4.355473516109315710e+02 3.002066934486181253e+02 2.351265505263776276e+02 1.189740541741149684e+02 6.072917919278629029e+01 4.178219292971348864e+01 2.135089862554095674e+01 4.317630523780270124e+00 3.645084079794421950e+00 1.507837362755197752e+00 4.970569199719668596e+00
