2.360963977432186250e+06 1.374533591034755576e+06 9.258177241279197624e+05 6.105279719963036478e+05 4.043089985795035027e+05 2.279721778033059672e+05 1.358122682102586841e+05 7.646430058607434330e+04 3.449431579622653226e+04 1.372309163762589014e+04 4.483730652023024959e+03 4.871316091579913063e+02 1.325278710845316255e+02
1.374533591034755576e+06 1.137766401291125920e+06 6.441036403340045363e+05 4.265752856505661621e+05 2.872861995215371135e+05 1.605849952982299437e+05 9.464333642802284157e+04 4.974855821837252734e+04 2.384111374941762915e+04 9.716035996125525344e+03 3.535897033198950339e+03 4.004975782954972487e+02 1.173165898598486336e+02
9.258177241279197624e+05 6.441036403340045363e+05 5.517332940906037111e+05 2.818003366328710108e+05 1.991993246178081026e+05 1.035040409014053730e+05 6.164913083001843188e+04 3.591623198025760939e+04 1.665506517052927666e+04 6.473734627199796705e+03 1.958052296778629625e+03 1.933683319940132890e+02 8.735172394828806830e+01
6.105279719963036478e+05 4.265752856505661621e+05 2.818003366328710108e+05 2.577092289098861802e+05 1.274954962543550500e+05 7.011526547496551939e+04 4.159283972082091350e+04 2.286223275182409270e+04 1.144256979603523359e+04 4.049758201171294786e+03 1.222520031461154304e+03 1.554571557170292806e+02 7.469026891049881556e+01
4.043089985795035027e+05 2.872861995215371135e+05 1.991993246178081026e+05 1.274954962543550500e+05 1.229679169862804265e+05 5.038402764456286241e+04 3.003520838552884379e+04 1.626133751022002252e+04 7.308785512026946890e+03 3.192873771568333723e+03 9.794726602665720065e+02 1.096971848832731524e+02 3.731208143072301908e+01
2.279721778033059672e+05 1.605849952982299437e+05 1.035040409014053730e+05 7.011526547496551939e+04 5.038402764456286241e+04 5.068867024263265193e+04 1.704340445473860382e+04 9.026633170275343218e+03 4.682839938366447313e+03 1.729081585421312639e+03 5.695768862012205318e+02 7.846398889840817503e+01 5.607080858766864573e+00
1.358122682102586841e+05 9.464333642802284157e+04 6.164913083001843188e+04 4.159283972082091350e+04 3.003520838552884379e+04 1.704340445473860382e+04 1.888367503608125480e+04 5.650216751152248435e+03 2.809862818714666446e+03 8.921691022315054624e+02 3.598240778517795775e+02 5.312528015886280031e+01 3.318935723471116717e+01
7.646430058607434330e+04 4.974855821837252734e+04 3.591623198025760939e+04 2.286223275182409270e+04 1.626133751022002252e+04 9.026633170275343218e+03 5.650216751152248435e+03 7.550305664788347713e+03 1.630697785108943435e+03 5.310983133174814839e+02 2.140701551861222924e+02 2.255579462529079748e+01 8.585227432072649378e+00
3.449431579622653226e+04 2.384111374941762915e+04 1.665506517052927666e+04 1.144256979603523359e+04 7.308785512026946890e+03 4.682839938366447313e+03 2.809862818714666446e+03 1.630697785108943435e+03 2.355558220448464454e+03 2.292056820039919671e+02 8.261820654520735729e+01 -3.689833820423799704e+00 4.544708557921646630e+00
1.372309163762589014e+04 9.716035996125525344e+03 6.473734627199796705e+03 4.049758201171294786e+03 3.192873771568333723e+03 1.729081585421312639e+03 8.921691022315054624e+02 5.310983133174814839e+02 2.292056820039919671e+02 5.721327843009771641e+02 4.348104096984182831e+01 1.711377550017894578e+01 2.147029012612095222e+00
4.483730652023024959e+03 3.535897033198950339e+03 1.958052296778629625e+03 1.222520031461154304e+03 9.794726602665720065e+02 5.695768862012205318e+02 3.598240778517795775e+02 2.140701551861222924e+02 8.261820654520735729e+01 4.348104096984182831e+01 1.303277679036202983e+02 4.424812764443098345e+00 -4.834405033911525762e-01
4.871316091579913063e+02 4.004975782954972487e+02 1.933683319940132890e+02 1.554571557170292806e+02 1.096971848832731524e+02 7.846398889840817503e+01 5.312528015886280031e+01 2.255579462529079748e+01 -3.689833820423799704e+00 1.711377550017894578e+01 4.424812764443098345e+00 1.666181974891163620e+01 -5.893693875359707485e-02
1.325278710845316255e+02 1.173165898598486336e+02 8.735172394828806830e+01 7.469026891049881556e+01 3.731208143072301908e+01 5.607080858766864573e+00 3.318935723471116717e+01 8.585227432072649378e+00 4.544708557921646630e+00 2.147029012612095222e+00 -4.834405033911525762e-01 -5.893693875359707485e-02 2.003341623613557942e+00
