8.895820284483598080e+05 4.358969578033420257e+05 2.312749124960137124e+05 1.152222354539802618e+05 5.387116987032309407e+04 2.091789399867669999e+04 7.854489688457580087e+03 1.082602077152275115e+03 8.359289209636887108e+01
4.358969578033420257e+05 3.185339601603753981e+05 1.360247453442094557e+05 6.678519927026814548e+04 3.061253434186684171e+04 1.249419765244984592e+04 4.336487115154288404e+03 8.471884655250541982e+02 6.117135215056037367e+01
2.312749124960137124e+05 1.360247453442094557e+05 1.034473220270411693e+05 3.584699474511992594e+04 1.622447807728146108e+04 6.790596822091940339e+03 2.469598276123317191e+03 3.446751256659974274e+02 4.430232093756188050e+01
1.152222354539802618e+05 6.678519927026814548e+04 3.584699474511992594e+04 3.333292667129849724e+04 8.877642785325624573e+03 3.776430345281911741e+03 1.338222939406154865e+03 1.494842656103380136e+02 2.225245348614719987e+01
5.387116987032309407e+04 3.061253434186684171e+04 1.622447807728146108e+04 8.877642785325624573e+03 9.406412710442251409e+03 1.658403025177291056e+03 6.996639598513504552e+02 6.328702374192253899e+01 1.788616105683156121e+01
2.091789399867669999e+04 1.249419765244984592e+04 6.790596822091940339e+03 3.776430345281911741e+03 1.658403025177291056e+03 2.313308922378845182e+03 2.165930730561439361e+02 5.920590317382209378e+01 4.763022532680864174e+00
7.854489688457580087e+03 4.336487115154288404e+03 2.469598276123317191e+03 1.338222939406154865e+03 6.996639598513504552e+02 2.165930730561439361e+02 5.355733904065182287e+02 1.167330909666200967e+01 4.810900131096347287e+00
1.082602077152275115e+03 8.471884655250541982e+02 3.446751256659974274e+02 1.494842656103380136e+02 6.328702374192253899e+01 5.920590317382209378e+01 1.167330909666200967e+01 7.971948111695537875e+01 1.372953735851722756e+00
8.359289209636887108e+01 6.117135215056037367e+01 4.430232093756188050e+01 2.225245348614719987e+01 1.788616105683156121e+01 4.763022532680864174e+00 4.810900131096347287e+00 1.372953735851722756e+00 4.005150887121965653e+00
