1.510866676644066116e+06 8.179816830970586743e+05 5.268523039050576044e+05 2.924809112710013287e+05 1.548701519984974002e+05 8.346012351361493347e+04 3.418070439374641865e+04 1.350919924479400470e+04 4.004447409438448176e+03 8.187419625383852235e+02
8.179816830970586743e+05 6.395432762588628102e+05 3.448092206754534272e+05 1.897297204590867041e+05 9.911152631921750435e+04 5.214634147387332632e+04 2.319724449584543618e+04 8.843417113138819332e+03 2.044917658863074166e+03 6.260681906089334916e+02
5.268523039050576044e+05 3.448092206754534272e+05 2.900541362509948667e+05 1.257847261307907902e+05 6.686324197594329598e+04 3.553361293806148024e+04 1.430643148578550245e+04 5.919718505979817564e+03 1.411586750969821651e+03 4.113239149666200092e+02
2.924809112710013287e+05 1.897297204590867041e+05 1.257847261307907902e+05 1.010757462479023088e+05 3.828957885424795677e+04 1.948683125447488419e+04 8.684253016800146725e+03 3.425363352621856848e+03 8.795966314466990070e+02 1.998894305704961312e+02
1.548701519984974002e+05 9.911152631921750435e+04 6.686324197594329598e+04 3.828957885424795677e+04 3.717293999333924148e+04 1.097449914790470575e+04 5.098505964667732769e+03 1.850926244920973204e+03 4.381787140827571534e+02 6.556837634660244873e+01
8.346012351361493347e+04 5.214634147387332632e+04 3.553361293806148024e+04 1.948683125447488419e+04 1.097449914790470575e+04 1.240479759192037091e+04 2.627980131816148059e+03 1.139417205050501252e+03 2.587401855844553893e+02 7.360756124555243218e+01
3.418070439374641865e+04 2.319724449584543618e+04 1.430643148578550245e+04 8.684253016800146725e+03 5.098505964667732769e+03 2.627980131816148059e+03 3.350102856529923883e+03 5.444469345628849624e+02 1.636032950241412323e+02 1.955286629570143475e+01
1.350919924479400470e+04 8.843417113138819332e+03 5.919718505979817564e+03 3.425363352621856848e+03 1.850926244920973204e+03 1.139417205050501252e+03 5.444469345628849624e+02 9.121043500905648216e+02 3.374496880756449713e+01 1.028231356344379854e+01
4.004447409438448176e+03 2.044917658863074166e+03 1.411586750969821651e+03 8.795966314466990070e+02 4.381787140827571534e+02 2.587401855844553893e+02 1.636032950241412323e+02 3.374496880756449713e+01 1.759287380180069533e+02 3.843122537061363087e+00
8.187419625383852235e+02 6.260681906089334916e+02 4.113239149666200092e+02 1.998894305704961312e+02 6.556837634660244873e+01 7.360756124555243218e+01 1.955286629570143475e+01 1.028231356344379854e+01 3.843122537061363087e+00 2.130187920542583413e+01
