1.304271887581722811e+06 7.185283157192977378e+05 4.074239952330452506e+05 2.268161543372131127e+05 1.168350248518515873e+05 5.825065957957960927e+04 2.019343083027953617e+04 7.176851119855844445e+03 2.097987175305205255e+03 2.036870113202385824e+02
7.185283157192977378e+05 5.700136208866542438e+05 2.684635256337673636e+05 1.455284154746374988e+05 7.192795057660793827e+04 3.868667857411220029e+04 1.461885501126792951e+04 4.587264548475700394e+03 1.168578986973643623e+03 1.085060859522398999e+02
4.074239952330452506e+05 2.684635256337673636e+05 2.015752834083545022e+05 8.126146726325820782e+04 4.379885855346090830e+04 2.148032669758849806e+04 7.651152981034824734e+03 2.808159253199383784e+03 7.960062081683306587e+02 5.794007763814024514e+01
2.268161543372131127e+05 1.455284154746374988e+05 8.126146726325820782e+04 7.543234605997551989e+04 2.400270279118746112e+04 1.173106122269287516e+04 4.818820754126367319e+03 1.455853635352803849e+03 3.919184793560968956e+02 4.807098497744924259e+01
1.168350248518515873e+05 7.192795057660793827e+04 4.379885855346090830e+04 2.400270279118746112e+04 2.525207943438767688e+04 7.074395650756439863e+03 2.637346861387986337e+03 7.676883011930005978e+02 1.963988382841147882e+02 1.071706950196272423e+01
5.825065957957960927e+04 3.868667857411220029e+04 2.148032669758849806e+04 1.173106122269287516e+04 7.074395650756439863e+03 7.726725612460941193e+03 1.495108565568536278e+03 3.840932412125972064e+02 1.198010762588166926e+02 7.218345783851358277e+00
2.019343083027953617e+04 1.461885501126792951e+04 7.651152981034824734e+03 4.818820754126367319e+03 2.637346861387986337e+03 1.495108565568536278e+03 1.876835377797536012e+03 1.919746981765391354e+02 5.389664426580735324e+01 7.860640301443774902e+00
7.176851119855844445e+03 4.587264548475700394e+03 2.808159253199383784e+03 1.455853635352803849e+03 7.676883011930005978e+02 3.840932412125972064e+02 1.919746981765391354e+02 4.059803933565473812e+02 1.056974257540360007e+01 4.977514232894287183e+00
2.097987175305205255e+03 1.168578986973643623e+03 7.960062081683306587e+02 3.919184793560968956e+02 1.963988382841147882e+02 1.198010762588166926e+02 5.389664426580735324e+01 1.056974257540360007e+01 8.161109959187287188e+01 2.540891186846448768e+00
2.036870113202385824e+02 1.085060859522398999e+02 5.794007763814024514e+01 4.807098497744924259e+01 1.071706950196272423e+01 7.218345783851358277e+00 7.860640301443774902e+00 4.977514232894287183e+00 2.540891186846448768e+00 3.005555975844599104e+00
