1.713915445732698310e+06 9.966734775050036842e+05 6.506380650383592583e+05 3.622692204873475130e+05 2.072309063047776290e+05 1.194415118966014415e+05 5.668561341303453082e+04 1.963645955494912778e+04 8.481917238021995217e+03 1.624291447747198163e+03 4.452774353720562885e+02
9.966734775050036842e+05 8.181369743786087492e+05 4.406303423076001927e+05 2.410657850629294117e+05 1.416644331978845585e+05 8.123725999346305616e+04 3.873473617750302947e+04 1.496717183009397377e+04 5.339585686361619082e+03 1.206916746357332613e+03 3.048690279590873615e+02
6.506380650383592583e+05 4.406303423076001927e+05 3.790794382840318140e+05 1.731406937924535305e+05 9.501457165048459137e+04 5.434017162703436043e+04 2.475934852316482284e+04 9.633718440115389967e+03 3.608281517096121661e+03 7.916978335819400172e+02 2.376894876371655982e+02
3.622692204873475130e+05 2.410657850629294117e+05 1.731406937924535305e+05 1.364741352379196032e+05 5.662826028977966780e+04 3.147999348033431306e+04 1.432180747345072450e+04 5.615924267526944277e+03 2.034736710663892154e+03 3.881519737811507866e+02 1.198895384895114375e+02
2.072309063047776290e+05 1.416644331978845585e+05 9.501457165048459137e+04 5.662826028977966780e+04 5.441678833016127464e+04 1.829029561213594934e+04 8.633377593861450805e+03 3.559375444964702638e+03 1.189751905921377556e+03 2.693974279143541821e+02 6.106288968299777054e+01
1.194415118966014415e+05 8.123725999346305616e+04 5.434017162703436043e+04 3.147999348033431306e+04 1.829029561213594934e+04 2.116776677409475087e+04 5.215512877830204161e+03 1.979399066718048743e+03 8.145791880820012238e+02 1.856140541931331143e+02 4.194862659485878709e+01
5.668561341303453082e+04 3.873473617750302947e+04 2.475934852316482284e+04 1.432180747345072450e+04 8.633377593861450805e+03 5.215512877830204161e+03 5.864417496334532188e+03 9.520158782721098305e+02 3.621366120268379518e+02 1.032560214407915709e+02 2.141356378721664910e+01
1.963645955494912778e+04 1.496717183009397377e+04 9.633718440115389967e+03 5.615924267526944277e+03 3.559375444964702638e+03 1.979399066718048743e+03 9.520158782721098305e+02 1.511705221989957863e+03 1.578064510759080861e+02 4.696499880547521855e+01 4.327193114763041137e+00
8.481917238021995217e+03 5.339585686361619082e+03 3.608281517096121661e+03 2.034736710663892154e+03 1.189751905921377556e+03 8.145791880820012238e+02 3.621366120268379518e+02 1.578064510759080861e+02 4.130780013305616194e+02 7.679494918667987946e+00 3.651319892569713677e+00
1.624291447747198163e+03 1.206916746357332613e+03 7.916978335819400172e+02 3.881519737811507866e+02 2.693974279143541821e+02 1.856140541931331143e+02 1.032560214407915709e+02 4.696499880547521855e+01 7.679494918667987946e+00 6.025002377909847695e+01 1.509891949475245410e+00
4.452774353720562885e+02 3.048690279590873615e+02 2.376894876371655982e+02 1.198895384895114375e+02 6.106288968299777054e+01 4.194862659485878709e+01 2.141356378721664910e+01 4.327193114763041137e+00 3.651319892569713677e+00 1.509891949475245410e+00 4.976236356724611731e+00
