1.897331144877226558e+06 1.139883194060669979e+06 7.556869130460271845e+05 4.479406728410345386e+05 2.785876074275430292e+05 1.498431233158788818e+05 8.935267734975296480e+04 3.360807122728716058e+04 1.464124179483340595e+04 4.424816670254523160e+03 6.956341847713559901e+02 2.302047502116845408e+02
1.139883194060669979e+06 9.730420389560536714e+05 5.298707680891519412e+05 3.145302798618887318e+05 1.893233515453988221e+05 1.036631587492523977e+05 6.130390320380272897e+04 2.471688115649286920e+04 9.155536763297368452e+03 3.024996393388413253e+03 4.136638013906774063e+02 1.681424546666351603e+02
7.556869130460271845e+05 5.298707680891519412e+05 4.352053290499688010e+05 2.151272828772364592e+05 1.296893980871195236e+05 7.223663758234443958e+04 3.727926958556941099e+04 1.688106795482241068e+04 6.892590030667775864e+03 2.262161114443677434e+03 3.202741390559947376e+02 1.050036272997738109e+02
4.479406728410345386e+05 3.145302798618887318e+05 2.151272828772364592e+05 1.803219105515214615e+05 7.750910258054555743e+04 4.340485456877920660e+04 2.478680031898999732e+04 9.883700332062360758e+03 3.986101872471034312e+03 1.274488029128087419e+03 2.139263403952923284e+02 6.741376896415883380e+01
2.785876074275430292e+05 1.893233515453988221e+05 1.296893980871195236e+05 7.750910258054555743e+04 7.819402550934813917e+04 2.783954912341765157e+04 1.454730004865010051e+04 6.578843695437147289e+03 2.352468133178548669e+03 7.092064385673836568e+02 5.469820669604771268e+01 2.867315227093903118e+01
1.498431233158788818e+05 1.036631587492523977e+05 7.223663758234443958e+04 4.340485456877920660e+04 2.783954912341765157e+04 2.873582989265384094e+04 8.970710630962879804e+03 4.079649852783345978e+03 1.513136362755034042e+03 3.985947431181456295e+02 5.694690702851938369e+01 4.764732115359633724e+01
8.935267734975296480e+04 6.130390320380272897e+04 3.727926958556941099e+04 2.478680031898999732e+04 1.454730004865010051e+04 8.970710630962879804e+03 1.081332324550553312e+04 2.157911438767695472e+03 7.715099454454267516e+02 3.061235516212324796e+02 2.907295192921182547e+01 1.199374626761145812e+01
3.360807122728716058e+04 2.471688115649286920e+04 1.688106795482241068e+04 9.883700332062360758e+03 6.578843695437147289e+03 4.079649852783345978e+03 2.157911438767695472e+03 3.018613777466096508e+03 3.698138753608470779e+02 1.127525165581348858e+02 1.700996405850185766e+01 1.004199208533697529e+01
1.464124179483340595e+04 9.155536763297368452e+03 6.892590030667775864e+03 3.986101872471034312e+03 2.352468133178548669e+03 1.513136362755034042e+03 7.715099454454267516e+02 3.698138753608470779e+02 7.052806516312838312e+02 4.772328763144923158e+01 1.539864390852247356e+00 1.356976436654051099e+00
4.424816670254523160e+03 3.024996393388413253e+03 2.262161114443677434e+03 1.274488029128087419e+03 7.092064385673836568e+02 3.985947431181456295e+02 3.061235516212324796e+02 1.127525165581348858e+02 4.772328763144923158e+01 1.905143928413916683e+02 4.900768100959131068e+00 -9.658563068219252479e-01
6.956341847713559901e+02 4.136638013906774063e+02 3.202741390559947376e+02 2.139263403952923284e+02 5.469820669604771268e+01 5.694690702851938369e+01 2.907295192921182547e+01 1.700996405850185766e+01 1.539864390852247356e+00 4.900768100959131068e+00 1.758842344598325624e+01 -9.420804385016866289e-02
2.302047502116845408e+02 1.681424546666351603e+02 1.050036272997738109e+02 6.741376896415883380e+01 2.867315227093903118e+01 4.764732115359633724e+01 1.199374626761145812e+01 1.004199208533697529e+01 1.356976436654051099e+00 -9.658563068219252479e-01 -9.420804385016866289e-02 2.996495510860958777e+00
