1.986977566606415669e+06 1.120389901806090493e+06 7.751838289228151552e+05 4.960218739123856649e+05 3.009408859377107583e+05 1.797407126667985285e+05 1.113855915527631441e+05 5.210320669636689854e+04 2.110735550419440551e+04 6.576521561325471339e+03 1.506507856447879249e+03 9.374253107575752608e+01 2.673593324756289391e+01 0.000000000000000000e+00 0.000000000000000000e+00 0.000000000000000000e+00 0.000000000000000000e+00 0.000000000000000000e+00 0.000000000000000000e+00 0.000000000000000000e+00
1.120389901806090493e+06 9.372574540773651097e+05 5.165186018959906069e+05 3.317858332386871916e+05 2.034783850618224533e+05 1.261199124563711375e+05 7.227994667631248012e+04 3.515151814695583016e+04 1.476655426759337934e+04 4.080485872658947756e+03 8.335722176869951454e+02 -2.101895765679961059e+00 3.582338318610580075e+01 0.000000000000000000e+00 0.000000000000000000e+00 0.000000000000000000e+00 0.000000000000000000e+00 0.000000000000000000e+00 0.000000000000000000e+00 0.000000000000000000e+00
7.751838289228151552e+05 5.165186018959906069e+05 4.632141097663505352e+05 2.311836586373191967e+05 1.422206865561740706e+05 8.931726324375392869e+04 5.222650137356221967e+04 2.364017285902340154e+04 9.159104610804057302e+03 3.130167902002890060e+03 4.773254792531933504e+02 6.657035655291412279e-01 2.191798417852325898e+01 0.000000000000000000e+00 0.000000000000000000e+00 0.000000000000000000e+00 0.000000000000000000e+00 0.000000000000000000e+00 0.000000000000000000e+00 0.000000000000000000e+00
4.960218739123856649e+05 3.317858332386871916e+05 2.311836586373191967e+05 2.013999455874850682e+05 9.142455972670373740e+04 5.631970766659200308e+04 3.328552383315512998e+04 1.508790153542402004e+04 6.118095753740764849e+03 1.956076266799023188e+03 4.352214545818303009e+02 8.492678328946919208e+00 4.111533004959055049e+00 0.000000000000000000e+00 0.000000000000000000e+00 0.000000000000000000e+00 0.000000000000000000e+00 0.000000000000000000e+00 0.000000000000000000e+00 0.000000000000000000e+00
3.009408859377107583e+05 2.034783850618224533e+05 1.422206865561740706e+05 9.142455972670373740e+04 8.213217527919809800e+04 3.406337198995634390e+04 2.032776443560287589e+04 9.353828529168064051e+03 3.738877417445589799e+03 1.156714441451785888e+03 1.328911665811146179e+02 2.179667373879441072e+01 -8.642722327653446612e+00 0.000000000000000000e+00 0.000000000000000000e+00 0.000000000000000000e+00 0.000000000000000000e+00 0.000000000000000000e+00 0.000000000000000000e+00 0.000000000000000000e+00
1.797407126667985285e+05 1.261199124563711375e+05 8.931726324375392869e+04 5.631970766659200308e+04 3.406337198995634390e+04 3.672598105923181720e+04 1.255173999794965493e+04 6.179633325596863870e+03 2.460438331555651985e+03 6.455004121010636027e+02 2.407884243975020695e+02 3.298138384254937439e+00 1.247078898898262800e+01 0.000000000000000000e+00 0.000000000000000000e+00 0.000000000000000000e+00 0.000000000000000000e+00 0.000000000000000000e+00 0.000000000000000000e+00 0.000000000000000000e+00
1.113855915527631441e+05 7.227994667631248012e+04 5.222650137356221967e+04 3.328552383315512998e+04 2.032776443560287589e+04 1.255173999794965493e+04 1.539670379890481854e+04 3.856662241411527248e+03 1.296414044794464189e+03 2.742444335385190470e+02 5.860803296270459839e+01 -5.126956421149689191e+00 4.874729887124272243e-01 0.000000000000000000e+00 0.000000000000000000e+00 0.000000000000000000e+00 0.000000000000000000e+00 0.000000000000000000e+00 0.000000000000000000e+00 0.000000000000000000e+00
5.210320669636689854e+04 3.515151814695583016e+04 2.364017285902340154e+04 1.508790153542402004e+04 9.353828529168064051e+03 6.179633325596863870e+03 3.856662241411527248e+03 4.705139994507448137e+03 9.279869258975444382e+02 1.963631706865461126e+02 1.268870987628544178e+01 -3.587136729982362215e+00 1.078366377460348691e+00 0.000000000000000000e+00 0.000000000000000000e+00 0.000000000000000000e+00 0.000000000000000000e+00 0.000000000000000000e+00 0.000000000000000000e+00 0.000000000000000000e+00
2.110735550419440551e+04 1.476655426759337934e+04 9.159104610804057302e+03 6.118095753740764849e+03 3.738877417445589799e+03 2.460438331555651985e+03 1.296414044794464189e+03 9.279869258975444382e+02 1.339659697247909662e+03 1.136740066996794951e+02 -1.170077062672659984e+01 -3.334105851713832891e+00 -1.058223250686733063e+00 0.000000000000000000e+00 0.000000000000000000e+00 0.000000000000000000e+00 0.000000000000000000e+00 0.000000000000000000e+00 0.000000000000000000e+00 0.000000000000000000e+00
6.576521561325471339e+03 4.080485872658947756e+03 3.130167902002890060e+03 1.956076266799023188e+03 1.156714441451785888e+03 6.455004121010636027e+02 2.742444335385190470e+02 1.963631706865461126e+02 1.136740066996794951e+02 3.276035637746574594e+02 4.142410142475196011e+00 -1.111001903995152640e+00 4.847771728643925360e-01 0.000000000000000000e+00 0.000000000000000000e+00 0.000000000000000000e+00 0.000000000000000000e+00 0.000000000000000000e+00 0.000000000000000000e+00 0.000000000000000000e+00
1.506507856447879249e+03 8.335722176869951454e+02 4.773254792531933504e+02 4.352214545818303009e+02 1.328911665811146179e+02 2.407884243975020695e+02 5.860803296270459839e+01 1.268870987628544178e+01 -1.170077062672659984e+01 4.142410142475196011e+00 5.136961719768111578e+01 4.160380092490784665e-01 1.911185940451071597e+00 0.000000000000000000e+00 0.000000000000000000e+00 0.000000000000000000e+00 0.000000000000000000e+00 0.000000000000000000e+00 0.000000000000000000e+00 0.000000000000000000e+00
9.374253107575752608e+01 -2.101895765679961059e+00 6.657035655291412279e-01 8.492678328946919208e+00 2.179667373879441072e+01 3.298138384254937439e+00 -5.126956421149689191e+00 -3.587136729982362215e+00 -3.334105851713832891e+00 -1.111001903995152640e+00 4.160380092490784665e-01 5.956986923883640372e+00 -1.177126037698929088e-02 0.000000000000000000e+00 0.000000000000000000e+00 0.000000000000000000e+00 0.000000000000000000e+00 0.000000000000000000e+00 0.000000000000000000e+00 0.000000000000000000e+00
2.673593324756289391e+01 3.582338318610580075e+01 2.191798417852325898e+01 4.111533004959055049e+00 -8.642722327653446612e+00 1.247078898898262800e+01 4.874729887124272243e-01 1.078366377460348691e+00 -1.058223250686733063e+00 4.847771728643925360e-01 1.911185940451071597e+00 -1.177126037698929088e-02 1.002396294063971460e+00 0.000000000000000000e+00 0.000000000000000000e+00 0.000000000000000000e+00 0.000000000000000000e+00 0.000000000000000000e+00 0.000000000000000000e+00 0.000000000000000000e+00
0.000000000000000000e+00 0.000000000000000000e+00 0.000000000000000000e+00 0.000000000000000000e+00 0.000000000000000000e+00 0.000000000000000000e+00 0.000000000000000000e+00 0.000000000000000000e+00 0.000000000000000000e+00 0.000000000000000000e+00 0.000000000000000000e+00 0.000000000000000000e+00 0.000000000000000000e+00 0.000000000000000000e+00 0.000000000000000000e+00 0.000000000000000000e+00 0.000000000000000000e+00 0.000000000000000000e+00 0.000000000000000000e+00 0.000000000000000000e+00
0.000000000000000000e+00 0.000000000000000000e+00 0.000000000000000000e+00 0.000000000000000000e+00 0.000000000000000000e+00 0.000000000000000000e+00 0.000000000000000000e+00 0.000000000000000000e+00 0.000000000000000000e+00 0.000000000000000000e+00 0.000000000000000000e+00 0.000000000000000000e+00 0.000000000000000000e+00 0.000000000000000000e+00 0.000000000000000000e+00 0.000000000000000000e+00 0.000000000000000000e+00 0.000000000000000000e+00 0.000000000000000000e+00 0.000000000000000000e+00
0.000000000000000000e+00 0.000000000000000000e+00 0.000000000000000000e+00 0.000000000000000000e+00 0.000000000000000000e+00 0.000000000000000000e+00 0.000000000000000000e+00 0.000000000000000000e+00 0.000000000000000000e+00 0.000000000000000000e+00 0.000000000000000000e+00 0.000000000000000000e+00 0.000000000000000000e+00 0.000000000000000000e+00 0.000000000000000000e+00 0.000000000000000000e+00 0.000000000000000000e+00 0.000000000000000000e+00 0.000000000000000000e+00 0.000000000000000000e+00
0.000000000000000000e+00 0.000000000000000000e+00 0.000000000000000000e+00 0.000000000000000000e+00 0.000000000000000000e+00 0.000000000000000000e+00 0.000000000000000000e+00 0.000000000000000000e+00 0.000000000000000000e+00 0.000000000000000000e+00 0.000000000000000000e+00 0.000000000000000000e+00 0.000000000000000000e+00 0.000000000000000000e+00 0.000000000000000000e+00 0.000000000000000000e+00 0.000000000000000000e+00 0.000000000000000000e+00 0.000000000000000000e+00 0.000000000000000000e+00
0.000000000000000000e+00 0.000000000000000000e+00 0.000000000000000000e+00 0.000000000000000000e+00 0.000000000000000000e+00 0.000000000000000000e+00 0.000000000000000000e+00 0.000000000000000000e+00 0.000000000000000000e+00 0.000000000000000000e+00 0.000000000000000000e+00 0.000000000000000000e+00 0.000000000000000000e+00 0.000000000000000000e+00 0.000000000000000000e+00 0.000000000000000000e+00 0.000000000000000000e+00 0.000000000000000000e+00 0.000000000000000000e+00 0.000000000000000000e+00
0.000000000000000000e+00 0.000000000000000000e+00 0.000000000000000000e+00 0.000000000000000000e+00 0.000000000000000000e+00 0.000000000000000000e+00 0.000000000000000000e+00 0.000000000000000000e+00 0.000000000000000000e+00 0.000000000000000000e+00 0.000000000000000000e+00 0.000000000000000000e+00 0.000000000000000000e+00 0.000000000000000000e+00 0.000000000000000000e+00 0.000000000000000000e+00 0.000000000000000000e+00 0.000000000000000000e+00 0.000000000000000000e+00 0.000000000000000000e+00
0.000000000000000000e+00 0.000000000000000000e+00 0.000000000000000000e+00 0.000000000000000000e+00 0.000000000000000000e+00 0.000000000000000000e+00 0.000000000000000000e+00 0.000000000000000000e+00 0.000000000000000000e+00 0.000000000000000000e+00 0.000000000000000000e+00 0.000000000000000000e+00 0.000000000000000000e+00 0.000000000000000000e+00 0.000000000000000000e+00 0.000000000000000000e+00 0.000000000000000000e+00 0.000000000000000000e+00 0.000000000000000000e+00 0.000000000000000000e+00
