2.080248537506042281e+06 1.210427883419088786e+06 8.193724800380496308e+05 5.312281518819520716e+05 3.640588049195957719e+05 2.075474641483235755e+05 1.318094677900400129e+05 6.956009817072327132e+04 3.475833169264045864e+04 1.198500100473697603e+04 2.793820194491064740e+03 7.136953574211455589e+02 -4.549386667470115952e+01 0.000000000000000000e+00 0.000000000000000000e+00 0.000000000000000000e+00 0.000000000000000000e+00 0.000000000000000000e+00 0.000000000000000000e+00 0.000000000000000000e+00
1.210427883419088786e+06 1.017275284158166847e+06 5.681267961877929047e+05 3.806884267798339133e+05 2.448852562949294515e+05 1.480974338516766147e+05 9.340173559761897195e+04 4.850438261978677474e+04 2.469063914740061955e+04 8.526722481415523362e+03 2.185822340111937592e+03 4.787555136669681701e+02 -2.786119354206788046e+01 0.000000000000000000e+00 0.000000000000000000e+00 0.000000000000000000e+00 0.000000000000000000e+00 0.000000000000000000e+00 0.000000000000000000e+00 0.000000000000000000e+00
8.193724800380496308e+05 5.681267961877929047e+05 4.801631758408601163e+05 2.567179523464505619e+05 1.710410175850120431e+05 9.968646055653471558e+04 6.506258888225897681e+04 3.339643899595709081e+04 1.676693540311881952e+04 5.577824801729882893e+03 1.384669799614060366e+03 2.748723496520605067e+02 -4.311719894819913179e+01 0.000000000000000000e+00 0.000000000000000000e+00 0.000000000000000000e+00 0.000000000000000000e+00 0.000000000000000000e+00 0.000000000000000000e+00 0.000000000000000000e+00
5.312281518819520716e+05 3.806884267798339133e+05 2.567179523464505619e+05 2.326561066812340287e+05 1.136450335486920667e+05 6.673555302414332982e+04 4.225287683127546188e+04 2.173404556143937225e+04 1.064071820507486518e+04 3.313409397963331230e+03 8.680737238443243768e+02 1.882868750022147992e+02 1.346819635188958308e+00 0.000000000000000000e+00 0.000000000000000000e+00 0.000000000000000000e+00 0.000000000000000000e+00 0.000000000000000000e+00 0.000000000000000000e+00 0.000000000000000000e+00
3.640588049195957719e+05 2.448852562949294515e+05 1.710410175850120431e+05 1.136450335486920667e+05 1.126354559613971360e+05 4.315365786302833294e+04 2.674457908677964588e+04 1.513080439516152182e+04 7.006997269237461296e+03 2.485653281064369367e+03 4.588140582255606432e+02 1.474445631580758516e+02 6.816166197895980439e+00 0.000000000000000000e+00 0.000000000000000000e+00 0.000000000000000000e+00 0.000000000000000000e+00 0.000000000000000000e+00 0.000000000000000000e+00 0.000000000000000000e+00
2.075474641483235755e+05 1.480974338516766147e+05 9.968646055653471558e+04 6.673555302414332982e+04 4.315365786302833294e+04 4.650388856943095743e+04 1.663202374165553192e+04 9.180169931971491678e+03 4.482871690945314185e+03 1.334286120187601909e+03 3.792188672899524136e+02 1.112689954742545382e+02 -7.266512586610316404e+00 0.000000000000000000e+00 0.000000000000000000e+00 0.000000000000000000e+00 0.000000000000000000e+00 0.000000000000000000e+00 0.000000000000000000e+00 0.000000000000000000e+00
1.318094677900400129e+05 9.340173559761897195e+04 6.506258888225897681e+04 4.225287683127546188e+04 2.674457908677964588e+04 1.663202374165553192e+04 2.049404583671615910e+04 5.911536840815944743e+03 2.827446207640765351e+03 6.529206232358590114e+02 1.695087372928396974e+02 2.125526791708022145e+01 2.213312100896108525e+00 0.000000000000000000e+00 0.000000000000000000e+00 0.000000000000000000e+00 0.000000000000000000e+00 0.000000000000000000e+00 0.000000000000000000e+00 0.000000000000000000e+00
6.956009817072327132e+04 4.850438261978677474e+04 3.339643899595709081e+04 2.173404556143937225e+04 1.513080439516152182e+04 9.180169931971491678e+03 5.911536840815944743e+03 8.184070200792258220e+03 1.615146548496594733e+03 4.455627064133904014e+02 6.476424719612182912e+01 2.853671543494231599e+01 3.903008825143114535e+00 0.000000000000000000e+00 0.000000000000000000e+00 0.000000000000000000e+00 0.000000000000000000e+00 0.000000000000000000e+00 0.000000000000000000e+00 0.000000000000000000e+00
3.475833169264045864e+04 2.469063914740061955e+04 1.676693540311881952e+04 1.064071820507486518e+04 7.006997269237461296e+03 4.482871690945314185e+03 2.827446207640765351e+03 1.615146548496594733e+03 2.623440875117507403e+03 2.951781005138584533e+02 3.845658231891267320e+01 1.206819650264656651e+01 -2.958739916830832595e+00 0.000000000000000000e+00 0.000000000000000000e+00 0.000000000000000000e+00 0.000000000000000000e+00 0.000000000000000000e+00 0.000000000000000000e+00 0.000000000000000000e+00
1.198500100473697603e+04 8.526722481415523362e+03 5.577824801729882893e+03 3.313409397963331230e+03 2.485653281064369367e+03 1.334286120187601909e+03 6.529206232358590114e+02 4.455627064133904014e+02 2.951781005138584533e+02 6.302233904291224462e+02 2.707294855525388755e+01 4.338101843378495914e+00 -2.926367296600417500e+00 0.000000000000000000e+00 0.000000000000000000e+00 0.000000000000000000e+00 0.000000000000000000e+00 0.000000000000000000e+00 0.000000000000000000e+00 0.000000000000000000e+00
2.793820194491064740e+03 2.185822340111937592e+03 1.384669799614060366e+03 8.680737238443243768e+02 4.588140582255606432e+02 3.792188672899524136e+02 1.695087372928396974e+02 6.476424719612182912e+01 3.845658231891267320e+01 2.707294855525388755e+01 1.109138831020642897e+02 2.143062268906346990e+00 2.939460892392343538e+00 0.000000000000000000e+00 0.000000000000000000e+00 0.000000000000000000e+00 0.000000000000000000e+00 0.000000000000000000e+00 0.000000000000000000e+00 0.000000000000000000e+00
7.136953574211455589e+02 4.787555136669681701e+02 2.748723496520605067e+02 1.882868750022147992e+02 1.474445631580758516e+02 1.112689954742545382e+02 2.125526791708022145e+01 2.853671543494231599e+01 1.206819650264656651e+01 4.338101843378495914e+00 2.143062268906346990e+00 1.744808562145614772e+01 8.279507466814466365e-01 0.000000000000000000e+00 0.000000000000000000e+00 0.000000000000000000e+00 0.000000000000000000e+00 0.000000000000000000e+00 0.000000000000000000e+00 0.000000000000000000e+00
-4.549386667470115952e+01 -2.786119354206788046e+01 -4.311719894819913179e+01 1.346819635188958308e+00 6.816166197895980439e+00 -7.266512586610316404e+00 2.213312100896108525e+00 3.903008825143114535e+00 -2.958739916830832595e+00 -2.926367296600417500e+00 2.939460892392343538e+00 8.279507466814466365e-01 4.972945919319439412e+00 0.000000000000000000e+00 0.000000000000000000e+00 0.000000000000000000e+00 0.000000000000000000e+00 0.000000000000000000e+00 0.000000000000000000e+00 0.000000000000000000e+00
0.000000000000000000e+00 0.000000000000000000e+00 0.000000000000000000e+00 0.000000000000000000e+00 0.000000000000000000e+00 0.000000000000000000e+00 0.000000000000000000e+00 0.000000000000000000e+00 0.000000000000000000e+00 0.000000000000000000e+00 0.000000000000000000e+00 0.000000000000000000e+00 0.000000000000000000e+00 0.000000000000000000e+00 0.000000000000000000e+00 0.000000000000000000e+00 0.000000000000000000e+00 0.000000000000000000e+00 0.000000000000000000e+00 0.000000000000000000e+00
0.000000000000000000e+00 0.000000000000000000e+00 0.000000000000000000e+00 0.000000000000000000e+00 0.000000000000000000e+00 0.000000000000000000e+00 0.000000000000000000e+00 0.000000000000000000e+00 0.000000000000000000e+00 0.000000000000000000e+00 0.000000000000000000e+00 0.000000000000000000e+00 0.000000000000000000e+00 0.000000000000000000e+00 0.000000000000000000e+00 0.000000000000000000e+00 0.000000000000000000e+00 0.000000000000000000e+00 0.000000000000000000e+00 0.000000000000000000e+00
0.000000000000000000e+00 0.000000000000000000e+00 0.000000000000000000e+00 0.000000000000000000e+00 0.000000000000000000e+00 0.000000000000000000e+00 0.000000000000000000e+00 0.000000000000000000e+00 0.000000000000000000e+00 0.000000000000000000e+00 0.000000000000000000e+00 0.000000000000000000e+00 0.000000000000000000e+00 0.000000000000000000e+00 0.000000000000000000e+00 0.000000000000000000e+00 0.000000000000000000e+00 0.000000000000000000e+00 0.000000000000000000e+00 0.000000000000000000e+00
0.000000000000000000e+00 0.000000000000000000e+00 0.000000000000000000e+00 0.000000000000000000e+00 0.000000000000000000e+00 0.000000000000000000e+00 0.000000000000000000e+00 0.000000000000000000e+00 0.000000000000000000e+00 0.000000000000000000e+00 0.000000000000000000e+00 0.000000000000000000e+00 0.000000000000000000e+00 0.000000000000000000e+00 0.000000000000000000e+00 0.000000000000000000e+00 0.000000000000000000e+00 0.000000000000000000e+00 0.000000000000000000e+00 0.000000000000000000e+00
0.000000000000000000e+00 0.000000000000000000e+00 0.000000000000000000e+00 0.000000000000000000e+00 0.000000000000000000e+00 0.000000000000000000e+00 0.000000000000000000e+00 0.000000000000000000e+00 0.000000000000000000e+00 0.000000000000000000e+00 0.000000000000000000e+00 0.000000000000000000e+00 0.000000000000000000e+00 0.000000000000000000e+00 0.000000000000000000e+00 0.000000000000000000e+00 0.000000000000000000e+00 0.000000000000000000e+00 0.000000000000000000e+00 0.000000000000000000e+00
0.000000000000000000e+00 0.000000000000000000e+00 0.000000000000000000e+00 0.000000000000000000e+00 0.000000000000000000e+00 0.000000000000000000e+00 0.000000000000000000e+00 0.000000000000000000e+00 0.000000000000000000e+00 0.000000000000000000e+00 0.000000000000000000e+00 0.000000000000000000e+00 0.000000000000000000e+00 0.000000000000000000e+00 0.000000000000000000e+00 0.000000000000000000e+00 0.000000000000000000e+00 0.000000000000000000e+00 0.000000000000000000e+00 0.000000000000000000e+00
0.000000000000000000e+00 0.000000000000000000e+00 0.000000000000000000e+00 0.000000000000000000e+00 0.000000000000000000e+00 0.000000000000000000e+00 0.000000000000000000e+00 0.000000000000000000e+00 0.000000000000000000e+00 0.000000000000000000e+00 0.000000000000000000e+00 0.000000000000000000e+00 0.000000000000000000e+00 0.000000000000000000e+00 0.000000000000000000e+00 0.000000000000000000e+00 0.000000000000000000e+00 0.000000000000000000e+00 0.000000000000000000e+00 0.000000000000000000e+00
