1.843578028531120857e+06 1.061107597889982397e+06 7.083263104940564372e+05 4.172637577687940211e+05 2.596039053020288120e+05 1.492958403045253363e+05 7.933022857808470144e+04 3.487722596719788271e+04 1.236658228090529701e+04 3.432910777475514806e+03 6.058339099481075891e+02 2.853937027417667949e+01 4.029009490155480222e+01 0.000000000000000000e+00 0.000000000000000000e+00 0.000000000000000000e+00 0.000000000000000000e+00 0.000000000000000000e+00 0.000000000000000000e+00 0.000000000000000000e+00
1.061107597889982397e+06 8.314783050110782497e+05 4.644584560388961108e+05 2.799658268647071091e+05 1.722087809197083116e+05 1.012316264273631241e+05 5.111045078218282288e+04 2.407210734955106091e+04 7.593127526309370296e+03 2.343412746644462914e+03 1.807659913374986616e+02 9.344272055232316632e+01 1.110349253846756667e+01 0.000000000000000000e+00 0.000000000000000000e+00 0.000000000000000000e+00 0.000000000000000000e+00 0.000000000000000000e+00 0.000000000000000000e+00 0.000000000000000000e+00
7.083263104940564372e+05 4.644584560388961108e+05 3.948840628931865213e+05 1.851258872301968804e+05 1.186076117206644849e+05 6.709181330339168198e+04 3.616398161952634109e+04 1.518066441227532778e+04 4.997205996033965675e+03 1.663424285230241367e+03 2.280632296849384488e+02 -3.218623628100301914e+01 2.781606109545430172e+01 0.000000000000000000e+00 0.000000000000000000e+00 0.000000000000000000e+00 0.000000000000000000e+00 0.000000000000000000e+00 0.000000000000000000e+00 0.000000000000000000e+00
4.172637577687940211e+05 2.799658268647071091e+05 1.851258872301968804e+05 1.583021511855126591e+05 6.670289943364323699e+04 3.919718775360644941e+04 2.056285852803270609e+04 9.041903934552366991e+03 3.095636689964915604e+03 1.037931496051020986e+03 4.725208932554216545e+01 2.661817779098962333e+01 -2.924739997875374531e+00 0.000000000000000000e+00 0.000000000000000000e+00 0.000000000000000000e+00 0.000000000000000000e+00 0.000000000000000000e+00 0.000000000000000000e+00 0.000000000000000000e+00
2.596039053020288120e+05 1.722087809197083116e+05 1.186076117206644849e+05 6.670289943364323699e+04 6.707957813628594158e+04 2.487969870719297978e+04 1.403392092064148710e+04 6.249476677236747491e+03 1.903724731808130628e+03 5.262407707029932453e+02 9.559350431648240942e+01 2.170467838163841634e+01 2.189318199731304926e+00 0.000000000000000000e+00 0.000000000000000000e+00 0.000000000000000000e+00 0.000000000000000000e+00 0.000000000000000000e+00 0.000000000000000000e+00 0.000000000000000000e+00
1.492958403045253363e+05 1.012316264273631241e+05 6.709181330339168198e+04 3.919718775360644941e+04 2.487969870719297978e+04 2.792660548924360774e+04 7.840404699804164011e+03 3.749257691827414419e+03 1.068190598767734855e+03 2.397418754240256078e+02 6.764460115021316255e+01 1.192550440282137814e+01 9.011907464453063454e+00 0.000000000000000000e+00 0.000000000000000000e+00 0.000000000000000000e+00 0.000000000000000000e+00 0.000000000000000000e+00 0.000000000000000000e+00 0.000000000000000000e+00
7.933022857808470144e+04 5.111045078218282288e+04 3.616398161952634109e+04 2.056285852803270609e+04 1.403392092064148710e+04 7.840404699804164011e+03 9.514395111848367378e+03 1.932636939990362180e+03 5.867644061945726435e+02 1.295233198434882240e+02 3.284412334479760887e+01 4.836125387512043794e+00 2.618266100934246499e+00 0.000000000000000000e+00 0.000000000000000000e+00 0.000000000000000000e+00 0.000000000000000000e+00 0.000000000000000000e+00 0.000000000000000000e+00 0.000000000000000000e+00
3.487722596719788271e+04 2.407210734955106091e+04 1.518066441227532778e+04 9.041903934552366991e+03 6.249476677236747491e+03 3.749257691827414419e+03 1.932636939990362180e+03 3.113509329811402949e+03 2.566436194207587391e+02 3.269445756262638270e+01 5.407351560796175960e+00 7.072353005606243914e-02 1.029294918351095989e+00 0.000000000000000000e+00 0.000000000000000000e+00 0.000000000000000000e+00 0.000000000000000000e+00 0.000000000000000000e+00 0.000000000000000000e+00 0.000000000000000000e+00
1.236658228090529701e+04 7.593127526309370296e+03 4.997205996033965675e+03 3.095636689964915604e+03 1.903724731808130628e+03 1.068190598767734855e+03 5.867644061945726435e+02 2.566436194207587391e+02 6.863734768508809339e+02 3.978198674424189107e+01 1.382617854506323907e+00 2.521272446200151229e+00 -1.649229721185634934e-01 0.000000000000000000e+00 0.000000000000000000e+00 0.000000000000000000e+00 0.000000000000000000e+00 0.000000000000000000e+00 0.000000000000000000e+00 0.000000000000000000e+00
3.432910777475514806e+03 2.343412746644462914e+03 1.663424285230241367e+03 1.037931496051020986e+03 5.262407707029932453e+02 2.397418754240256078e+02 1.295233198434882240e+02 3.269445756262638270e+01 3.978198674424189107e+01 1.605012006505338604e+02 -6.596604520942083161e-01 -8.774329635096597135e-01 -2.924420395108905946e-01 0.000000000000000000e+00 0.000000000000000000e+00 0.000000000000000000e+00 0.000000000000000000e+00 0.000000000000000000e+00 0.000000000000000000e+00 0.000000000000000000e+00
6.058339099481075891e+02 1.807659913374986616e+02 2.280632296849384488e+02 4.725208932554216545e+01 9.559350431648240942e+01 6.764460115021316255e+01 3.284412334479760887e+01 5.407351560796175960e+00 1.382617854506323907e+00 -6.596604520942083161e-01 1.758733890484444728e+01 -9.420167224339205669e-02 1.977994227499885627e+00 0.000000000000000000e+00 0.000000000000000000e+00 0.000000000000000000e+00 0.000000000000000000e+00 0.000000000000000000e+00 0.000000000000000000e+00 0.000000000000000000e+00
2.853937027417667949e+01 9.344272055232316632e+01 -3.218623628100301914e+01 2.661817779098962333e+01 2.170467838163841634e+01 1.192550440282137814e+01 4.836125387512043794e+00 7.072353005606243914e-02 2.521272446200151229e+00 -8.774329635096597135e-01 -9.420167224339205669e-02 2.996274955382661531e+00 -5.885874457958337191e-03 0.000000000000000000e+00 0.000000000000000000e+00 0.000000000000000000e+00 0.000000000000000000e+00 0.000000000000000000e+00 0.000000000000000000e+00 0.000000000000000000e+00
4.029009490155480222e+01 1.110349253846756667e+01 2.781606109545430172e+01 -2.924739997875374531e+00 2.189318199731304926e+00 9.011907464453063454e+00 2.618266100934246499e+00 1.029294918351095989e+00 -1.649229721185634934e-01 -2.924420395108905946e-01 1.977994227499885627e+00 -5.885874457958337191e-03 1.002438534239328272e+00 0.000000000000000000e+00 0.000000000000000000e+00 0.000000000000000000e+00 0.000000000000000000e+00 0.000000000000000000e+00 0.000000000000000000e+00 0.000000000000000000e+00
0.000000000000000000e+00 0.000000000000000000e+00 0.000000000000000000e+00 0.000000000000000000e+00 0.000000000000000000e+00 0.000000000000000000e+00 0.000000000000000000e+00 0.000000000000000000e+00 0.000000000000000000e+00 0.000000000000000000e+00 0.000000000000000000e+00 0.000000000000000000e+00 0.000000000000000000e+00 0.000000000000000000e+00 0.000000000000000000e+00 0.000000000000000000e+00 0.000000000000000000e+00 0.000000000000000000e+00 0.000000000000000000e+00 0.000000000000000000e+00
0.000000000000000000e+00 0.000000000000000000e+00 0.000000000000000000e+00 0.000000000000000000e+00 0.000000000000000000e+00 0.000000000000000000e+00 0.000000000000000000e+00 0.000000000000000000e+00 0.000000000000000000e+00 0.000000000000000000e+00 0.000000000000000000e+00 0.000000000000000000e+00 0.000000000000000000e+00 0.000000000000000000e+00 0.000000000000000000e+00 0.000000000000000000e+00 0.000000000000000000e+00 0.000000000000000000e+00 0.000000000000000000e+00 0.000000000000000000e+00
0.000000000000000000e+00 0.000000000000000000e+00 0.000000000000000000e+00 0.000000000000000000e+00 0.000000000000000000e+00 0.000000000000000000e+00 0.000000000000000000e+00 0.000000000000000000e+00 0.000000000000000000e+00 0.000000000000000000e+00 0.000000000000000000e+00 0.000000000000000000e+00 0.000000000000000000e+00 0.000000000000000000e+00 0.000000000000000000e+00 0.000000000000000000e+00 0.000000000000000000e+00 0.000000000000000000e+00 0.000000000000000000e+00 0.000000000000000000e+00
0.000000000000000000e+00 0.000000000000000000e+00 0.000000000000000000e+00 0.000000000000000000e+00 0.000000000000000000e+00 0.000000000000000000e+00 0.000000000000000000e+00 0.000000000000000000e+00 0.000000000000000000e+00 0.000000000000000000e+00 0.000000000000000000e+00 0.000000000000000000e+00 0.000000000000000000e+00 0.000000000000000000e+00 0.000000000000000000e+00 0.000000000000000000e+00 0.000000000000000000e+00 0.000000000000000000e+00 0.000000000000000000e+00 0.000000000000000000e+00
0.000000000000000000e+00 0.000000000000000000e+00 0.000000000000000000e+00 0.000000000000000000e+00 0.000000000000000000e+00 0.000000000000000000e+00 0.000000000000000000e+00 0.000000000000000000e+00 0.000000000000000000e+00 0.000000000000000000e+00 0.000000000000000000e+00 0.000000000000000000e+00 0.000000000000000000e+00 0.000000000000000000e+00 0.000000000000000000e+00 0.000000000000000000e+00 0.000000000000000000e+00 0.000000000000000000e+00 0.000000000000000000e+00 0.000000000000000000e+00
0.000000000000000000e+00 0.000000000000000000e+00 0.000000000000000000e+00 0.000000000000000000e+00 0.000000000000000000e+00 0.000000000000000000e+00 0.000000000000000000e+00 0.000000000000000000e+00 0.000000000000000000e+00 0.000000000000000000e+00 0.000000000000000000e+00 0.000000000000000000e+00 0.000000000000000000e+00 0.000000000000000000e+00 0.000000000000000000e+00 0.000000000000000000e+00 0.000000000000000000e+00 0.000000000000000000e+00 0.000000000000000000e+00 0.000000000000000000e+00
0.000000000000000000e+00 0.000000000000000000e+00 0.000000000000000000e+00 0.000000000000000000e+00 0.000000000000000000e+00 0.000000000000000000e+00 0.000000000000000000e+00 0.000000000000000000e+00 0.000000000000000000e+00 0.000000000000000000e+00 0.000000000000000000e+00 0.000000000000000000e+00 0.000000000000000000e+00 0.000000000000000000e+00 0.000000000000000000e+00 0.000000000000000000e+00 0.000000000000000000e+00 0.000000000000000000e+00 0.000000000000000000e+00 0.000000000000000000e+00
