2.118183034597201273e+06 1.264600537749189185e+06 8.971429774580751546e+05 5.878484426543366862e+05 3.987497971353079192e+05 2.431709197723558173e+05 1.616223413332976634e+05 9.069023944466930698e+04 4.589061598989788763e+04 1.697596497101514615e+04 7.196809822123805134e+03 1.485995656915128166e+03 1.442709708608622465e+00 -6.995884897403205116e+01 0.000000000000000000e+00 0.000000000000000000e+00 0.000000000000000000e+00 0.000000000000000000e+00 0.000000000000000000e+00 0.000000000000000000e+00
1.264600537749189185e+06 1.043969442044974188e+06 6.207305562115203356e+05 4.203550345651808893e+05 2.720068928491758415e+05 1.704643621454087261e+05 1.152587730880903109e+05 6.629383539223270782e+04 3.295035982210207294e+04 1.148413280356975338e+04 5.195149437941113320e+03 1.010388304440324760e+03 7.763188019556180564e+01 -2.048927857991661128e+01 0.000000000000000000e+00 0.000000000000000000e+00 0.000000000000000000e+00 0.000000000000000000e+00 0.000000000000000000e+00 0.000000000000000000e+00
8.971429774580751546e+05 6.207305562115203356e+05 5.549589619904233841e+05 2.955916452801209525e+05 1.949889361244244792e+05 1.242001044642312336e+05 7.858048679143274785e+04 4.521656359191079537e+04 2.377943239890861514e+04 8.907995525342068504e+03 3.441901002734096892e+03 5.465772159605572824e+02 1.075295164233776468e+01 -6.166301219985819415e+01 0.000000000000000000e+00 0.000000000000000000e+00 0.000000000000000000e+00 0.000000000000000000e+00 0.000000000000000000e+00 0.000000000000000000e+00
5.878484426543366862e+05 4.203550345651808893e+05 2.955916452801209525e+05 2.687986479218896129e+05 1.348566199178470997e+05 8.382650579829560593e+04 5.293347392424324789e+04 3.212979138112832516e+04 1.560122803955993550e+04 5.508217244178262263e+03 2.207262027474941988e+03 5.144179645685516107e+02 -2.819986729128684644e+00 -1.980773422974314002e+01 0.000000000000000000e+00 0.000000000000000000e+00 0.000000000000000000e+00 0.000000000000000000e+00 0.000000000000000000e+00 0.000000000000000000e+00
3.987497971353079192e+05 2.720068928491758415e+05 1.949889361244244792e+05 1.348566199178470997e+05 1.328358052183662367e+05 5.303369528929473745e+04 3.513893632239525323e+04 2.129295634278366197e+04 1.107355056034747940e+04 3.261167264252499081e+03 1.617958012619980764e+03 2.110299324331681134e+02 2.538041165775938524e+01 3.396970481775548389e+00 0.000000000000000000e+00 0.000000000000000000e+00 0.000000000000000000e+00 0.000000000000000000e+00 0.000000000000000000e+00 0.000000000000000000e+00
2.431709197723558173e+05 1.704643621454087261e+05 1.242001044642312336e+05 8.382650579829560593e+04 5.303369528929473745e+04 5.999149772046085127e+04 2.213834821091164486e+04 1.167427861773121367e+04 7.109071839560814624e+03 2.438329016077565484e+03 1.003114344688611595e+03 1.779797619642125710e+02 1.824363541827319324e+01 -4.298150356645881232e+01 0.000000000000000000e+00 0.000000000000000000e+00 0.000000000000000000e+00 0.000000000000000000e+00 0.000000000000000000e+00 0.000000000000000000e+00
1.616223413332976634e+05 1.152587730880903109e+05 7.858048679143274785e+04 5.293347392424324789e+04 3.513893632239525323e+04 2.213834821091164486e+04 2.856288718772906213e+04 8.990012061697636454e+03 4.954535851511219334e+03 1.575598185890620243e+03 4.587053841284100031e+02 1.156037529395959069e+02 1.375927133420038473e+00 2.771329855492076777e-01 0.000000000000000000e+00 0.000000000000000000e+00 0.000000000000000000e+00 0.000000000000000000e+00 0.000000000000000000e+00 0.000000000000000000e+00
9.069023944466930698e+04 6.629383539223270782e+04 4.521656359191079537e+04 3.212979138112832516e+04 2.129295634278366197e+04 1.167427861773121367e+04 8.990012061697636454e+03 1.107899456846791145e+04 2.645503614224066041e+03 9.578090009540561596e+02 3.252444343381928320e+02 2.649696723551391031e+01 -2.074242990240008577e+00 -8.594977397682265874e+00 0.000000000000000000e+00 0.000000000000000000e+00 0.000000000000000000e+00 0.000000000000000000e+00 0.000000000000000000e+00 0.000000000000000000e+00
4.589061598989788763e+04 3.295035982210207294e+04 2.377943239890861514e+04 1.560122803955993550e+04 1.107355056034747940e+04 7.109071839560814624e+03 4.954535851511219334e+03 2.645503614224066041e+03 4.224451007206506802e+03 5.297711122273943829e+02 1.750975335262013743e+02 2.091569600864048084e+01 -8.324422634188953785e-01 1.295698371961759576e-01 0.000000000000000000e+00 0.000000000000000000e+00 0.000000000000000000e+00 0.000000000000000000e+00 0.000000000000000000e+00 0.000000000000000000e+00
1.697596497101514615e+04 1.148413280356975338e+04 8.907995525342068504e+03 5.508217244178262263e+03 3.261167264252499081e+03 2.438329016077565484e+03 1.575598185890620243e+03 9.578090009540561596e+02 5.297711122273943829e+02 1.106866927555007351e+03 1.037678463239842443e+02 1.012859965824020492e+00 4.977325633012931405e+00 -2.296171805168943258e+00 0.000000000000000000e+00 0.000000000000000000e+00 0.000000000000000000e+00 0.000000000000000000e+00 0.000000000000000000e+00 0.000000000000000000e+00
7.196809822123805134e+03 5.195149437941113320e+03 3.441901002734096892e+03 2.207262027474941988e+03 1.617958012619980764e+03 1.003114344688611595e+03 4.587053841284100031e+02 3.252444343381928320e+02 1.750975335262013743e+02 1.037678463239842443e+02 2.805987234761597051e+02 2.653255283337786263e+00 2.166299607102236457e+00 6.200236321352313729e-01 0.000000000000000000e+00 0.000000000000000000e+00 0.000000000000000000e+00 0.000000000000000000e+00 0.000000000000000000e+00 0.000000000000000000e+00
1.485995656915128166e+03 1.010388304440324760e+03 5.465772159605572824e+02 5.144179645685516107e+02 2.110299324331681134e+02 1.779797619642125710e+02 1.156037529395959069e+02 2.649696723551391031e+01 2.091569600864048084e+01 1.012859965824020492e+00 2.653255283337786263e+00 4.074220793313905631e+01 -3.296020649681828396e-01 7.572506583505472788e-01 0.000000000000000000e+00 0.000000000000000000e+00 0.000000000000000000e+00 0.000000000000000000e+00 0.000000000000000000e+00 0.000000000000000000e+00
1.442709708608622465e+00 7.763188019556180564e+01 1.075295164233776468e+01 -2.819986729128684644e+00 2.538041165775938524e+01 1.824363541827319324e+01 1.375927133420038473e+00 -2.074242990240008577e+00 -8.324422634188953785e-01 4.977325633012931405e+00 2.166299607102236457e+00 -3.296020649681828396e-01 3.986129898778290936e+00 -2.353860398774507839e-02 0.000000000000000000e+00 0.000000000000000000e+00 0.000000000000000000e+00 0.000000000000000000e+00 0.000000000000000000e+00 0.000000000000000000e+00
-6.995884897403205116e+01 -2.048927857991661128e+01 -6.166301219985819415e+01 -1.980773422974314002e+01 3.396970481775548389e+00 -4.298150356645881232e+01 2.771329855492076777e-01 -8.594977397682265874e+00 1.295698371961759576e-01 -2.296171805168943258e+00 6.200236321352313729e-01 7.572506583505472788e-01 -2.353860398774507839e-02 2.995092269205286151e+00 0.000000000000000000e+00 0.000000000000000000e+00 0.000000000000000000e+00 0.000000000000000000e+00 0.000000000000000000e+00 0.000000000000000000e+00
0.000000000000000000e+00 0.000000000000000000e+00 0.000000000000000000e+00 0.000000000000000000e+00 0.000000000000000000e+00 0.000000000000000000e+00 0.000000000000000000e+00 0.000000000000000000e+00 0.000000000000000000e+00 0.000000000000000000e+00 0.000000000000000000e+00 0.000000000000000000e+00 0.000000000000000000e+00 0.000000000000000000e+00 0.000000000000000000e+00 0.000000000000000000e+00 0.000000000000000000e+00 0.000000000000000000e+00 0.000000000000000000e+00 0.000000000000000000e+00
0.000000000000000000e+00 0.000000000000000000e+00 0.000000000000000000e+00 0.000000000000000000e+00 0.000000000000000000e+00 0.000000000000000000e+00 0.000000000000000000e+00 0.000000000000000000e+00 0.000000000000000000e+00 0.000000000000000000e+00 0.000000000000000000e+00 0.000000000000000000e+00 0.000000000000000000e+00 0.000000000000000000e+00 0.000000000000000000e+00 0.000000000000000000e+00 0.000000000000000000e+00 0.000000000000000000e+00 0.000000000000000000e+00 0.000000000000000000e+00
0.000000000000000000e+00 0.000000000000000000e+00 0.000000000000000000e+00 0.000000000000000000e+00 0.000000000000000000e+00 0.000000000000000000e+00 0.000000000000000000e+00 0.000000000000000000e+00 0.000000000000000000e+00 0.000000000000000000e+00 0.000000000000000000e+00 0.000000000000000000e+00 0.000000000000000000e+00 0.000000000000000000e+00 0.000000000000000000e+00 0.000000000000000000e+00 0.000000000000000000e+00 0.000000000000000000e+00 0.000000000000000000e+00 0.000000000000000000e+00
0.000000000000000000e+00 0.000000000000000000e+00 0.000000000000000000e+00 0.000000000000000000e+00 0.000000000000000000e+00 0.000000000000000000e+00 0.000000000000000000e+00 0.000000000000000000e+00 0.000000000000000000e+00 0.000000000000000000e+00 0.000000000000000000e+00 0.000000000000000000e+00 0.000000000000000000e+00 0.000000000000000000e+00 0.000000000000000000e+00 0.000000000000000000e+00 0.000000000000000000e+00 0.000000000000000000e+00 0.000000000000000000e+00 0.000000000000000000e+00
0.000000000000000000e+00 0.000000000000000000e+00 0.000000000000000000e+00 0.000000000000000000e+00 0.000000000000000000e+00 0.000000000000000000e+00 0.000000000000000000e+00 0.000000000000000000e+00 0.000000000000000000e+00 0.000000000000000000e+00 0.000000000000000000e+00 0.000000000000000000e+00 0.000000000000000000e+00 0.000000000000000000e+00 0.000000000000000000e+00 0.000000000000000000e+00 0.000000000000000000e+00 0.000000000000000000e+00 0.000000000000000000e+00 0.000000000000000000e+00
0.000000000000000000e+00 0.000000000000000000e+00 0.000000000000000000e+00 0.000000000000000000e+00 0.000000000000000000e+00 0.000000000000000000e+00 0.000000000000000000e+00 0.000000000000000000e+00 0.000000000000000000e+00 0.000000000000000000e+00 0.000000000000000000e+00 0.000000000000000000e+00 0.000000000000000000e+00 0.000000000000000000e+00 0.000000000000000000e+00 0.000000000000000000e+00 0.000000000000000000e+00 0.000000000000000000e+00 0.000000000000000000e+00 0.000000000000000000e+00
