6.684525999999999767e+05 3.374281599999999744e+05 1.762136600000000035e+05 8.747511999999999534e+04 3.393510800000000017e+04 1.043885440000000017e+04 1.856940160000000333e+03 8.609916959999998198e+01 1.346505600000000191e+00 0.000000000000000000e+00
3.374281599999999744e+05 2.298636000000000058e+05 1.018311240000000107e+05 4.978962799999999697e+04 1.939778759999999602e+04 6.013510800000000017e+03 1.050623000000000047e+03 4.870967800000000381e+01 1.518044800000000194e+00 0.000000000000000000e+00
1.762136600000000035e+05 1.018311240000000107e+05 7.067202800000000570e+04 2.667409199999999691e+04 1.048586959999999999e+04 3.189255200000000059e+03 5.531628399999999601e+02 2.293402559999999824e+01 9.015172000000000185e-01 0.000000000000000000e+00
8.747511999999999534e+04 4.978962799999999697e+04 2.667409199999999691e+04 1.934069000000000233e+04 5.403652000000000953e+03 1.585763320000000022e+03 2.597713200000000029e+02 1.428337759999999967e+01 3.407394399999999490e-02 0.000000000000000000e+00
3.393510800000000017e+04 1.939778759999999602e+04 1.048586959999999999e+04 5.403652000000000953e+03 4.102541599999999562e+03 7.054893200000000206e+02 1.410555960000000084e+02 5.858535200000000387e+00 -2.899793999999999983e-01 0.000000000000000000e+00
1.043885440000000017e+04 6.013510800000000017e+03 3.189255200000000059e+03 1.585763320000000022e+03 7.054893200000000206e+02 6.710747199999999566e+02 4.703576799999999736e+01 7.099390799999999446e-01 1.103309600000000057e-01 0.000000000000000000e+00
1.856940160000000333e+03 1.050623000000000047e+03 5.531628399999999601e+02 2.597713200000000029e+02 1.410555960000000084e+02 4.703576799999999736e+01 7.283792799999999090e+01 8.635442399999999630e-01 -2.424942000000000070e-02 0.000000000000000000e+00
8.609916959999998198e+01 4.870967800000000381e+01 2.293402559999999824e+01 1.428337759999999967e+01 5.858535200000000387e+00 7.099390799999999446e-01 8.635442399999999630e-01 4.070627200000000556e+00 -1.091613599999999946e-03 0.000000000000000000e+00
1.346505600000000191e+00 1.518044800000000194e+00 9.015172000000000185e-01 3.407394399999999490e-02 -2.899793999999999983e-01 1.103309600000000057e-01 -2.424942000000000070e-02 -1.091613599999999946e-03 3.984390399999999943e-02 0.000000000000000000e+00
0.000000000000000000e+00 0.000000000000000000e+00 0.000000000000000000e+00 0.000000000000000000e+00 0.000000000000000000e+00 0.000000000000000000e+00 0.000000000000000000e+00 0.000000000000000000e+00 0.000000000000000000e+00 0.000000000000000000e+00
