3.407611199999999953e+05 1.353348879999999772e+05 5.346507599999999366e+04 1.620410400000000118e+04 3.088710799999999381e+03 3.254769679999999994e+02 1.131769520000000107e+01 0.000000000000000000e+00 0.000000000000000000e+00 0.000000000000000000e+00
1.353348879999999772e+05 7.958616400000000431e+04 2.501930400000000009e+04 7.550800399999999172e+03 1.468536080000000084e+03 1.593419279999999958e+02 6.081926399999999511e+00 0.000000000000000000e+00 0.000000000000000000e+00 0.000000000000000000e+00
5.346507599999999366e+04 2.501930400000000009e+04 1.526034359999999833e+04 3.131910400000000209e+03 6.233265200000000732e+02 6.698680400000000645e+01 4.028132760000000090e+00 0.000000000000000000e+00 0.000000000000000000e+00 0.000000000000000000e+00
1.620410400000000118e+04 7.550800399999999172e+03 3.131910400000000209e+03 2.227559999999999945e+03 2.173172000000000139e+02 2.872745559999999898e+01 6.641690399999999883e-01 0.000000000000000000e+00 0.000000000000000000e+00 0.000000000000000000e+00
3.088710799999999381e+03 1.468536080000000084e+03 6.233265200000000732e+02 2.173172000000000139e+02 2.357622000000000071e+02 4.777837719999999955e+00 1.458863679999999885e-01 0.000000000000000000e+00 0.000000000000000000e+00 0.000000000000000000e+00
3.254769679999999994e+02 1.593419279999999958e+02 6.698680400000000645e+01 2.872745559999999898e+01 4.777837719999999955e+00 1.610075720000000032e+01 8.382035599999999864e-02 0.000000000000000000e+00 0.000000000000000000e+00 0.000000000000000000e+00
1.131769520000000107e+01 6.081926399999999511e+00 4.028132760000000090e+00 6.641690399999999883e-01 1.458863679999999885e-01 8.382035599999999864e-02 4.757877200000000251e-01 0.000000000000000000e+00 0.000000000000000000e+00 0.000000000000000000e+00
0.000000000000000000e+00 0.000000000000000000e+00 0.000000000000000000e+00 0.000000000000000000e+00 0.000000000000000000e+00 0.000000000000000000e+00 0.000000000000000000e+00 0.000000000000000000e+00 0.000000000000000000e+00 0.000000000000000000e+00
0.000000000000000000e+00 0.000000000000000000e+00 0.000000000000000000e+00 0.000000000000000000e+00 0.000000000000000000e+00 0.000000000000000000e+00 0.000000000000000000e+00 0.000000000000000000e+00 0.000000000000000000e+00 0.000000000000000000e+00
0.000000000000000000e+00 0.000000000000000000e+00 0.000000000000000000e+00 0.000000000000000000e+00 0.000000000000000000e+00 0.000000000000000000e+00 0.000000000000000000e+00 0.000000000000000000e+00 0.000000000000000000e+00 0.000000000000000000e+00
