6.922366400000000140e+05 3.601904400000000023e+05 1.940451879999999946e+05 9.735142399999999907e+04 4.185117199999999866e+04 1.402656360000000313e+04 2.777412000000000262e+03 2.190093119999999942e+02 6.588202400000000125e+00 0.000000000000000000e+00
3.601904400000000023e+05 2.519761600000000035e+05 1.146088919999999925e+05 5.813090800000001036e+04 2.479764400000000023e+04 8.019290400000000773e+03 1.704866719999999987e+03 1.063955399999999969e+02 4.678032800000000435e+00 0.000000000000000000e+00
1.940451879999999946e+05 1.146088919999999925e+05 8.113243200000001525e+04 3.144168400000000474e+04 1.353188600000000042e+04 4.492697599999999511e+03 8.556549199999999473e+02 7.411737999999999715e+01 2.053091600000000128e+00 0.000000000000000000e+00
9.735142399999999907e+04 5.813090800000001036e+04 3.144168400000000474e+04 2.322951599999999962e+04 7.223896799999999530e+03 2.263913720000000012e+03 4.464522000000000048e+02 3.024830160000000490e+01 1.081477519999999970e+00 0.000000000000000000e+00
4.185117199999999866e+04 2.479764400000000023e+04 1.353188600000000042e+04 7.223896799999999530e+03 5.628024399999999332e+03 1.006431319999999801e+03 2.410921239999999557e+02 2.314213160000000258e+01 1.185960399999999720e-01 0.000000000000000000e+00
1.402656360000000313e+04 8.019290400000000773e+03 4.492697599999999511e+03 2.263913720000000012e+03 1.006431319999999801e+03 1.012110680000000002e+03 8.588582800000000361e+01 6.059079600000000454e+00 1.583619999999999750e-01 0.000000000000000000e+00
2.777412000000000262e+03 1.704866719999999987e+03 8.556549199999999473e+02 4.464522000000000048e+02 2.410921239999999557e+02 8.588582800000000361e+01 1.283339320000000043e+02 1.468298359999999914e+00 -4.140335079999999529e-02 0.000000000000000000e+00
2.190093119999999942e+02 1.063955399999999969e+02 7.411737999999999715e+01 3.024830160000000490e+01 2.314213160000000258e+01 6.059079600000000454e+00 1.468298359999999914e+00 8.542813599999998786e+00 -4.756317199999999558e-03 0.000000000000000000e+00
6.588202400000000125e+00 4.678032800000000435e+00 2.053091600000000128e+00 1.081477519999999970e+00 1.185960399999999720e-01 1.583619999999999750e-01 -4.140335079999999529e-02 -4.756317199999999558e-03 7.968780799999999886e-02 0.000000000000000000e+00
0.000000000000000000e+00 0.000000000000000000e+00 0.000000000000000000e+00 0.000000000000000000e+00 0.000000000000000000e+00 0.000000000000000000e+00 0.000000000000000000e+00 0.000000000000000000e+00 0.000000000000000000e+00 0.000000000000000000e+00
