1.976732061166910920e+06 1.097870658277117647e+06 7.714183555362612242e+05 5.422051196188435424e+05 3.675967608579717344e+05 2.536914794290707796e+05 1.451997302093550679e+05 1.005441286759767390e+05 4.967528034895456949e+04 2.233181251603573764e+04 1.139554851582160700e+04 2.974596451453412556e+03 2.183246540875271364e+02 6.675660709017596162e+01
1.097870658277117647e+06 9.183611496585148852e+05 5.304601096962376032e+05 3.670992098222429049e+05 2.477791256007573102e+05 1.623132176117548952e+05 9.422409013445448363e+04 6.697116705282186740e+04 3.508717151052560075e+04 1.497386422386496088e+04 6.486422218051957316e+03 2.159862316703659417e+03 1.360426162583659959e+02 5.184686026783636947e+01
7.714183555362612242e+05 5.304601096962376032e+05 4.954330124654571991e+05 2.560777212709670712e+05 1.825139167205904378e+05 1.161946961906523647e+05 7.187316396612656536e+04 4.848253197559796536e+04 2.477767373746219528e+04 1.064820235829349440e+04 4.821361927994936195e+03 1.322077289838772685e+03 1.278073536789421354e+02 5.870173597680602029e+01
5.422051196188435424e+05 3.670992098222429049e+05 2.560777212709670712e+05 2.542225068071745627e+05 1.243893452001108963e+05 8.518858944320635055e+04 4.840289894722861209e+04 3.192365617472396843e+04 1.722887715656692308e+04 7.748805618850936298e+03 3.776746320671155445e+03 1.104107536352847092e+03 8.578202442545550355e+01 1.942541580340093432e+01
3.675967608579717344e+05 2.477791256007573102e+05 1.825139167205904378e+05 1.243893452001108963e+05 1.311570643801075057e+05 5.400005398263498500e+04 3.371459049252836849e+04 2.429156383439116325e+04 1.241546421773791735e+04 5.364179457033218569e+03 2.574664649721705700e+03 8.587084761470491685e+02 7.688401928607591174e+01 2.145285901938120787e+01
2.536914794290707796e+05 1.623132176117548952e+05 1.161946961906523647e+05 8.518858944320635055e+04 5.400005398263498500e+04 6.546832771014364698e+04 2.284634583966775972e+04 1.579130226982965542e+04 7.499934022924384408e+03 3.430375098134681139e+03 1.936910229357316211e+03 4.032710046300471731e+02 3.601750912412376238e+01 1.504111886826350997e+01
1.451997302093550679e+05 9.422409013445448363e+04 7.187316396612656536e+04 4.840289894722861209e+04 3.371459049252836849e+04 2.284634583966775972e+04 2.972026069140191248e+04 1.033330356424807178e+04 4.645305739484670994e+03 1.991972763584670474e+03 1.310136159098618919e+03 1.622797706810206932e+02 3.573123571064654413e+01 7.829381780859992368e+00
1.005441286759767390e+05 6.697116705282186740e+04 4.848253197559796536e+04 3.192365617472396843e+04 2.429156383439116325e+04 1.579130226982965542e+04 1.033330356424807178e+04 1.493350947645060296e+04 3.423345713290171716e+03 1.522696129380706452e+03 7.131658962703289717e+02 1.753267795389978687e+02 1.146074042302264573e+01 1.268034359549787204e+01
4.967528034895456949e+04 3.508717151052560075e+04 2.477767373746219528e+04 1.722887715656692308e+04 1.241546421773791735e+04 7.499934022924384408e+03 4.645305739484670994e+03 3.423345713290171716e+03 5.184527203863428440e+03 7.552559311583743238e+02 4.013082670486102188e+02 1.406876965085169218e+02 1.479798254449088546e+01 3.978416136580633644e+00
2.233181251603573764e+04 1.497386422386496088e+04 1.064820235829349440e+04 7.748805618850936298e+03 5.364179457033218569e+03 3.430375098134681139e+03 1.991972763584670474e+03 1.522696129380706452e+03 7.552559311583743238e+02 1.846761554987952650e+03 1.429170997353722328e+02 5.872526529846419407e+01 3.337242121468515066e+00 2.341167504720035542e+00
1.139554851582160700e+04 6.486422218051957316e+03 4.821361927994936195e+03 3.776746320671155445e+03 2.574664649721705700e+03 1.936910229357316211e+03 1.310136159098618919e+03 7.131658962703289717e+02 4.013082670486102188e+02 1.429170997353722328e+02 5.754644628352396012e+02 2.923126060332176479e+01 -7.294089713198101954e-01 1.043133260059520007e+00
2.974596451453412556e+03 2.159862316703659417e+03 1.322077289838772685e+03 1.104107536352847092e+03 8.587084761470491685e+02 4.032710046300471731e+02 1.622797706810206932e+02 1.753267795389978687e+02 1.406876965085169218e+02 5.872526529846419407e+01 2.923126060332176479e+01 1.380210400542277398e+02 2.217638566028774960e+00 -2.568617614056316611e-01
2.183246540875271364e+02 1.360426162583659959e+02 1.278073536789421354e+02 8.578202442545550355e+01 7.688401928607591174e+01 3.601750912412376238e+01 3.573123571064654413e+01 1.146074042302264573e+01 1.479798254449088546e+01 3.337242121468515066e+00 -7.294089713198101954e-01 2.217638566028774960e+00 6.931346004342812783e+00 -1.372543763236201003e-02
6.675660709017596162e+01 5.184686026783636947e+01 5.870173597680602029e+01 1.942541580340093432e+01 2.145285901938120787e+01 1.504111886826350997e+01 7.829381780859992368e+00 1.268034359549787204e+01 3.978416136580633644e+00 2.341167504720035542e+00 1.043133260059520007e+00 -2.568617614056316611e-01 -1.372543763236201003e-02 1.001956947162427669e+00
