3.757024996716011083e+05 1.633466557147316344e+05 7.493390931867041218e+04 3.231629942134113298e+04 1.106317055544678078e+04 3.104239215096642056e+03 5.646485505062695438e+02 7.132491290119858718e+01
1.633466557147316344e+05 1.377082198398978799e+05 4.267956697553188860e+04 1.828358374108687349e+04 6.138426299656875926e+03 2.043676226660186330e+03 6.610501402309841978e+02 7.723571326239390089e+01
7.493390931867041218e+04 4.267956697553188860e+04 3.669645588704475085e+04 7.523919491868557088e+03 2.643240536032499222e+03 9.917636768475737199e+02 1.532001447409068930e+02 5.210083741388795708e+00
3.231629942134113298e+04 1.828358374108687349e+04 7.523919491868557088e+03 9.901010023858170825e+03 1.403176227971794788e+03 3.436332718118500225e+02 4.933999143680748034e+01 7.788305095466293793e+00
1.106317055544678078e+04 6.138426299656875926e+03 2.643240536032499222e+03 1.403176227971794788e+03 2.044283475410197525e+03 1.602186363342818538e+02 3.875655980780007326e+01 -2.288854682944247099e+00
3.104239215096642056e+03 2.043676226660186330e+03 9.917636768475737199e+02 3.436332718118500225e+02 1.602186363342818538e+02 4.822568989307159768e+02 8.675755518227187935e+00 4.485325431184536527e+00
5.646485505062695438e+02 6.610501402309841978e+02 1.532001447409068930e+02 4.933999143680748034e+01 3.875655980780007326e+01 8.675755518227187935e+00 7.628985800887967628e+01 1.573223437810145287e+00
7.132491290119858718e+01 7.723571326239390089e+01 5.210083741388795708e+00 7.788305095466293793e+00 -2.288854682944247099e+00 4.485325431184536527e+00 1.573223437810145287e+00 1.193175427895188534e+01
