4.302353523462058365e+04 9.282603666499049723e+03 2.687581864346360817e+03 6.987228143274371632e+02 1.603287977604206844e+02 3.597633281122442384e+01
9.282603666499049723e+03 1.038194455444002597e+04 1.032341144526847984e+03 3.853240145373148948e+02 1.540386257711850249e+01 1.651758380214479516e+01
2.687581864346360817e+03 1.032341144526847984e+03 2.115756603260599150e+03 8.903495314432930741e+01 1.731758073843199952e+01 -1.129407439462900342e+00
6.987228143274371632e+02 3.853240145373148948e+02 8.903495314432930741e+01 3.563202040433377533e+02 -4.360767613481883131e+00 1.050976367278023016e+00
1.603287977604206844e+02 1.540386257711850249e+01 1.731758073843199952e+01 -4.360767613481883131e+00 5.609390282665889060e+01 5.647037197314659362e-01
3.597633281122442384e+01 1.651758380214479516e+01 -1.129407439462900342e+00 1.050976367278023016e+00 5.647037197314659362e-01 3.984298466994228072e+00
