4.494082675283326535e+04 9.630738233344725813e+03 2.775490612179272375e+03 7.193268191758413650e+02 1.646631629628840017e+02 3.689892100420573939e+01
9.630738233344725813e+03 1.069850963974226033e+04 1.058902818002651429e+03 3.940054341744612429e+02 1.571337081255974510e+01 1.682666699192976623e+01
2.775490612179272375e+03 1.058902818002651429e+03 2.160164688328704869e+03 9.062018824359539337e+01 1.758390120978237547e+01 -1.145224196598810806e+00
7.193268191758413650e+02 3.940054341744612429e+02 9.062018824359539337e+01 3.615331639371316328e+02 -4.414019278566991389e+00 1.062370712663199601e+00
1.646631629628840017e+02 1.571337081255974510e+01 1.758390120978237547e+01 -4.414019278566991389e+00 5.664355840740793724e+01 5.694654447858485957e-01
3.689892100420573939e+01 1.682666699192976623e+01 -1.145224196598810806e+00 1.062370712663199601e+00 5.694654447858485957e-01 4.012457535355888005e+00
