2.121526643767937087e+06 1.229092050070983125e+06 8.050121753505498637e+05 5.725435122810781468e+05 3.976010928296825150e+05 2.787306609888980747e+05 1.585348137037429842e+05 1.097028318269031734e+05 6.650700392336182995e+04 3.090909434021323250e+04 1.325877764522348662e+04 5.185436998353418858e+03 5.971158204873786417e+02 2.383873958014501397e+02
1.229092050070983125e+06 1.061505995949493023e+06 5.661732712641891558e+05 4.142335155488941236e+05 2.785639188187965774e+05 1.900099085278415587e+05 1.102738108594632067e+05 7.884136165592167526e+04 4.709036890234547900e+04 2.122097436510216357e+04 8.268116135043637769e+03 3.504156306081994444e+03 3.832195667911323085e+02 1.414714003443353647e+02
8.050121753505498637e+05 5.661732712641891558e+05 5.101267473223042325e+05 2.641409357461660402e+05 1.892933957588313206e+05 1.276444445849883632e+05 7.451802862460355391e+04 5.287105881608217169e+04 3.019174320084124338e+04 1.392369979267949930e+04 5.676927997689006588e+03 2.480038709486361313e+03 3.478473382795897351e+02 1.205424109240256598e+02
5.725435122810781468e+05 4.142335155488941236e+05 2.641409357461660402e+05 2.833389995687060873e+05 1.347741577978243004e+05 9.350779421083266789e+04 5.407207777919874934e+04 3.559118012799650023e+04 2.133806845816279747e+04 1.095908934454798145e+04 4.270667219887519423e+03 1.651038649309818084e+03 2.262154532154791582e+02 9.645935967986743265e+01
3.976010928296825150e+05 2.785639188187965774e+05 1.892933957588313206e+05 1.347741577978243004e+05 1.373264409135514288e+05 6.201114461250634486e+04 3.742885133485421102e+04 2.526712346864457140e+04 1.563118770412632148e+04 8.161655864349018884e+03 3.018479210463680829e+03 1.210966454288319483e+03 1.717195204169640022e+02 2.908366333674223014e+01
2.787306609888980747e+05 1.900099085278415587e+05 1.276444445849883632e+05 9.350779421083266789e+04 6.201114461250634486e+04 7.498956919715604454e+04 2.421921143318446411e+04 1.803300690249720719e+04 9.894761815600926639e+03 4.725148083909223715e+03 2.299732182664333777e+03 7.709335366349478136e+02 8.595665376818537595e+01 6.357333531071399335e+01
1.585348137037429842e+05 1.102738108594632067e+05 7.451802862460355391e+04 5.407207777919874934e+04 3.742885133485421102e+04 2.421921143318446411e+04 3.347724734694408835e+04 1.140560935395880915e+04 5.971571391834309907e+03 2.998898645774647321e+03 1.477173786912172773e+03 5.220535108233444817e+02 5.334892019840821575e+01 2.366902625718457287e+01
1.097028318269031734e+05 7.884136165592167526e+04 5.287105881608217169e+04 3.559118012799650023e+04 2.526712346864457140e+04 1.803300690249720719e+04 1.140560935395880915e+04 1.719778763461436392e+04 4.764719345482872086e+03 1.869976566455686225e+03 9.593967026739007906e+02 3.678993746851091373e+02 1.880135384078381211e+00 1.509848376111016321e+01
6.650700392336182995e+04 4.709036890234547900e+04 3.019174320084124338e+04 2.133806845816279747e+04 1.563118770412632148e+04 9.894761815600926639e+03 5.971571391834309907e+03 4.764719345482872086e+03 7.225613035568554551e+03 1.240507249472796275e+03 6.484669939526434064e+02 2.279037194880491484e+02 2.690568936088023122e+01 6.179072732200375562e+00
3.090909434021323250e+04 2.122097436510216357e+04 1.392369979267949930e+04 1.095908934454798145e+04 8.161655864349018884e+03 4.725148083909223715e+03 2.998898645774647321e+03 1.869976566455686225e+03 1.240507249472796275e+03 2.716270178439325719e+03 2.432139198119667469e+02 1.118601741126170168e+02 3.365166165561416989e+01 6.269599179168736214e+00
1.325877764522348662e+04 8.268116135043637769e+03 5.676927997689006588e+03 4.270667219887519423e+03 3.018479210463680829e+03 2.299732182664333777e+03 1.477173786912172773e+03 9.593967026739007906e+02 6.484669939526434064e+02 2.432139198119667469e+02 7.388634293258190837e+02 4.125774262713054696e+01 -3.772693637845283554e+00 2.263072108890288092e+00
5.185436998353418858e+03 3.504156306081994444e+03 2.480038709486361313e+03 1.651038649309818084e+03 1.210966454288319483e+03 7.709335366349478136e+02 5.220535108233444817e+02 3.678993746851091373e+02 2.279037194880491484e+02 1.118601741126170168e+02 4.125774262713054696e+01 2.061876991731737405e+02 -5.476417815690881596e+00 -1.021181059294705429e-01
5.971158204873786417e+02 3.832195667911323085e+02 3.478473382795897351e+02 2.262154532154791582e+02 1.717195204169640022e+02 8.595665376818537595e+01 5.334892019840821575e+01 1.880135384078381211e+00 2.690568936088023122e+01 3.365166165561416989e+01 -3.772693637845283554e+00 -5.476417815690881596e+00 2.610903456574639492e+01 8.697647447934758747e-01
2.383873958014501397e+02 1.414714003443353647e+02 1.205424109240256598e+02 9.645935967986743265e+01 2.908366333674223014e+01 6.357333531071399335e+01 2.366902625718457287e+01 1.509848376111016321e+01 6.179072732200375562e+00 6.269599179168736214e+00 2.263072108890288092e+00 -1.021181059294705429e-01 8.697647447934758747e-01 2.997317248422460612e+00
