2.101724573046111967e+06 1.217645495475434233e+06 7.978253596041476121e+05 5.677391966243057977e+05 3.944927059729974135e+05 2.767023178087259876e+05 1.574575896972539776e+05 1.090027703911614663e+05 6.610588663497053494e+04 3.073146286864179274e+04 1.318568605455780380e+04 5.157791400372485441e+03 5.940117309600894941e+02 2.371827071609772872e+02
1.217645495475434233e+06 1.051642318003615132e+06 5.611305264735925011e+05 4.107662572763439966e+05 2.763919672012664960e+05 1.886311647805950779e+05 1.095268206236242404e+05 7.833989031266667007e+04 4.680734294050319295e+04 2.109946385127367103e+04 8.222709686347172465e+03 3.485547671655283011e+03 3.812354386897470704e+02 1.407594398892213405e+02
7.978253596041476121e+05 5.611305264735925011e+05 5.057798918922755402e+05 2.620319019626954687e+05 1.878905538334672747e+05 1.267675352593624993e+05 7.404204168513687910e+04 5.255521070009413233e+04 3.002195819154453420e+04 1.384935924791835168e+04 5.647948212250431425e+03 2.467828340349501104e+03 3.461809812146843797e+02 1.199824378638973172e+02
5.677391966243057977e+05 4.107662572763439966e+05 2.620319019626954687e+05 2.812288082935881102e+05 1.338477590079425136e+05 9.291566385019112204e+04 5.375576912887651270e+04 3.539770906883301359e+04 2.122955663451140572e+04 1.090647707266564794e+04 4.251165814256574777e+03 1.643799033898155585e+03 2.252536216881929931e+02 9.606322807345229364e+01
3.944927059729974135e+05 2.763919672012664960e+05 1.878905538334672747e+05 1.338477590079425136e+05 1.364613519165777543e+05 6.165409065848944010e+04 3.723141552816129843e+04 2.514430272754017278e+04 1.556068910054464504e+04 8.127169720391909323e+03 3.006432997577621336e+03 1.206353589943422548e+03 1.710882592073496085e+02 2.898097136463427148e+01
2.767023178087259876e+05 1.886311647805950779e+05 1.267675352593624993e+05 9.291566385019112204e+04 6.165409065848944010e+04 7.459842387288503232e+04 2.410458683485580332e+04 1.795513137879127316e+04 9.855503941030667193e+03 4.707747031107815928e+03 2.291802808620729593e+03 7.684154544459390763e+02 8.568734469968644873e+01 6.338339097159241220e+01
1.574575896972539776e+05 1.095268206236242404e+05 7.404204168513687910e+04 5.375576912887651270e+04 3.723141552816129843e+04 2.410458683485580332e+04 3.333499041048954678e+04 1.136187040254002204e+04 5.950768020923029326e+03 2.989306061679764298e+03 1.472795596438555322e+03 5.206010902824920095e+02 5.320760593707620956e+01 2.360977045690323095e+01
1.090027703911614663e+05 7.833989031266667007e+04 5.255521070009413233e+04 3.539770906883301359e+04 2.514430272754017278e+04 1.795513137879127316e+04 1.136187040254002204e+04 1.713896789864827224e+04 4.750096815180958401e+03 1.864770988613065128e+03 9.569513319644739795e+02 3.670285494182027151e+02 1.875935719282038949e+00 1.506695372972668423e+01
6.610588663497053494e+04 4.680734294050319295e+04 3.002195819154453420e+04 2.122955663451140572e+04 1.556068910054464504e+04 9.855503941030667193e+03 5.950768020923029326e+03 4.750096815180958401e+03 7.205977294504832571e+03 1.237490004070405575e+03 6.470421295866542550e+02 2.274444081559130950e+02 2.685505256805027585e+01 6.168342480767898373e+00
3.073146286864179274e+04 2.109946385127367103e+04 1.384935924791835168e+04 1.090647707266564794e+04 8.127169720391909323e+03 4.707747031107815928e+03 2.989306061679764298e+03 1.864770988613065128e+03 1.237490004070405575e+03 2.710438524939932449e+03 2.427489237774732089e+02 1.116666647352951856e+02 3.359793610375889017e+01 6.260501896652123754e+00
1.318568605455780380e+04 8.222709686347172465e+03 5.647948212250431425e+03 4.251165814256574777e+03 3.006432997577621336e+03 2.291802808620729593e+03 1.472795596438555322e+03 9.569513319644739795e+02 6.470421295866542550e+02 2.427489237774732089e+02 7.376245237691497323e+02 4.119607177605029591e+01 -3.767557730552049122e+00 2.260320671099754986e+00
5.157791400372485441e+03 3.485547671655283011e+03 2.467828340349501104e+03 1.643799033898155585e+03 1.206353589943422548e+03 7.684154544459390763e+02 5.206010902824920095e+02 3.670285494182027151e+02 2.274444081559130950e+02 1.116666647352951856e+02 4.119607177605029591e+01 2.059170292627956087e+02 -5.469959597961571163e+00 -1.020125452249090875e-01
5.940117309600894941e+02 3.812354386897470704e+02 3.461809812146843797e+02 2.252536216881929931e+02 1.710882592073496085e+02 8.568734469968644873e+01 5.320760593707620956e+01 1.875935719282038949e+00 2.685505256805027585e+01 3.359793610375889017e+01 -3.767557730552049122e+00 -5.469959597961571163e+00 2.608172968013068882e+01 8.689817678591915673e-01
2.371827071609772872e+02 1.407594398892213405e+02 1.199824378638973172e+02 9.606322807345229364e+01 2.898097136463427148e+01 6.338339097159241220e+01 2.360977045690323095e+01 1.506695372972668423e+01 6.168342480767898373e+00 6.260501896652123754e+00 2.260320671099754986e+00 -1.020125452249090875e-01 8.689817678591915673e-01 2.995055441603892810e+00
