1.640854307682437822e+06 9.258529090505236527e+05 6.279532558977425797e+05 4.207916523477733135e+05 2.489364575134246843e+05 1.580173870676000370e+05 7.954498886750722886e+04 4.563418728294822358e+04 1.348458123427227656e+04 6.332423398393892967e+03 1.767835444180460399e+03 2.124390763653798331e+02
9.258529090505236527e+05 8.011964899477157742e+05 4.284682782807264593e+05 2.957833677259007818e+05 1.752119889373551414e+05 1.125694052482993284e+05 5.261330142801491456e+04 2.880620878144692688e+04 9.637457462310458141e+03 4.300979909353711264e+03 1.086568523026440289e+03 8.477184350785387323e+01
6.279532558977425797e+05 4.284682782807264593e+05 3.847229891706791823e+05 1.935520605080043606e+05 1.175322115425657248e+05 7.493496148346021073e+04 3.600559557045267138e+04 2.264923072485053126e+04 7.008640146506852034e+03 3.132583280563147127e+03 9.078245868282605215e+02 6.795444002554019391e+01
4.207916523477733135e+05 2.957833677259007818e+05 1.935520605080043606e+05 1.937693587901541614e+05 7.776183594230872404e+04 5.102279453272953106e+04 2.646054575083306918e+04 1.555067737076017147e+04 4.780571118904477771e+03 2.179684402298586974e+03 6.455770185934267147e+02 -1.479007092233974596e+01
2.489364575134246843e+05 1.752119889373551414e+05 1.175322115425657248e+05 7.776183594230872404e+04 8.210331889038445661e+04 3.180027056289820757e+04 1.549223639258493131e+04 8.016252645210069204e+03 2.419635290993121544e+03 1.540714334215828103e+03 2.388133101812607038e+02 1.059560128458640449e+01
1.580173870676000370e+05 1.125694052482993284e+05 7.493496148346021073e+04 5.102279453272953106e+04 3.180027056289820757e+04 3.671588913351275551e+04 1.119078086532657289e+04 5.421384411270626515e+03 1.902667795510343012e+03 9.942889703831086763e+02 2.681454112693012917e+02 1.522438398300102413e+01
7.954498886750722886e+04 5.261330142801491456e+04 3.600559557045267138e+04 2.646054575083306918e+04 1.549223639258493131e+04 1.119078086532657289e+04 1.324765871762767893e+04 2.986767634355223890e+03 9.132705614323166401e+02 5.362180370426326590e+02 1.339021867117579632e+02 -4.686894904889260971e+00
4.563418728294822358e+04 2.880620878144692688e+04 2.264923072485053126e+04 1.555067737076017147e+04 8.016252645210069204e+03 5.421384411270626515e+03 2.986767634355223890e+03 5.256124426919657708e+03 6.127955281402723813e+02 2.835259153046310985e+02 3.484126937960758852e+01 7.889842935176286431e+00
1.348458123427227656e+04 9.637457462310458141e+03 7.008640146506852034e+03 4.780571118904477771e+03 2.419635290993121544e+03 1.902667795510343012e+03 9.132705614323166401e+02 6.127955281402723813e+02 1.212589464234594288e+03 1.044848659363492374e+02 1.282639288141857392e+01 3.526708738496449946e+00
6.332423398393892967e+03 4.300979909353711264e+03 3.132583280563147127e+03 2.179684402298586974e+03 1.540714334215828103e+03 9.942889703831086763e+02 5.362180370426326590e+02 2.835259153046310985e+02 1.044848659363492374e+02 3.845040914583355516e+02 1.039357126242316731e+01 1.460468530705520962e+00
1.767835444180460399e+03 1.086568523026440289e+03 9.078245868282605215e+02 6.455770185934267147e+02 2.388133101812607038e+02 2.681454112693012917e+02 1.339021867117579632e+02 3.484126937960758852e+01 1.282639288141857392e+01 1.039357126242316731e+01 6.857140751412801194e+01 4.788621924165644694e-01
2.124390763653798331e+02 8.477184350785387323e+01 6.795444002554019391e+01 -1.479007092233974596e+01 1.059560128458640449e+01 1.522438398300102413e+01 -4.686894904889260971e+00 7.889842935176286431e+00 3.526708738496449946e+00 1.460468530705520962e+00 4.788621924165644694e-01 3.987335998653195990e+00
