2.082568002468427643e+06 1.148880363852705341e+06 8.032379381667459384e+05 5.624889556740038097e+05 3.803070851172190160e+05 2.619324055110940535e+05 1.496898967830062611e+05 1.035380618060824636e+05 5.111210999140471540e+04 2.296365850579168546e+04 1.171249981265114184e+04 3.056295091650537415e+03 2.242660148675924745e+02 6.856261028672793145e+01
1.148880363852705341e+06 9.545735024965503253e+05 5.486295786072898190e+05 3.782736401062615332e+05 2.546242131025899434e+05 1.664598429984987597e+05 9.648523862134736555e+04 6.850202761109809217e+04 3.585948812970587460e+04 1.529407588980720539e+04 6.622040315495200957e+03 2.204273802416024409e+03 1.388058927778059797e+02 5.289173251109361473e+01
8.032379381667459384e+05 5.486295786072898190e+05 5.098495555573375314e+05 2.625578704447700293e+05 1.866214608324143337e+05 1.185693704879189754e+05 7.323122552993377030e+04 4.934367228389788215e+04 2.519688605439808453e+04 1.082171922175345026e+04 4.897641087919489109e+03 1.342539068282205335e+03 1.297535912366131186e+02 5.958636489361445143e+01
5.624889556740038097e+05 3.782736401062615332e+05 2.625578704447700293e+05 2.596948773574079387e+05 1.267199295117582224e+05 8.660915033136203419e+04 4.913568933080069110e+04 3.237091245631762649e+04 1.745578796362973299e+04 7.846046430303510533e+03 3.822356392725881960e+03 1.117062835704226927e+03 8.676727870777669693e+01 1.964546949409266574e+01
3.803070851172190160e+05 2.546242131025899434e+05 1.866214608324143337e+05 1.267199295117582224e+05 1.332495599354468286e+05 5.475060211433011136e+04 3.413154314084405632e+04 2.456462541668578706e+04 1.254462839498893300e+04 5.416662302484021893e+03 2.598641609212571439e+03 8.664117503363156629e+02 7.755469950829436243e+01 2.163663018315390119e+01
2.619324055110940535e+05 1.664598429984987597e+05 1.185693704879189754e+05 8.660915033136203419e+04 5.475060211433011136e+04 6.624400222897072672e+04 2.308210388753010557e+04 1.593651030475372136e+04 7.562630658827036314e+03 3.456930775027736672e+03 1.950993490842508663e+03 4.060655917114975182e+02 3.625820709034410072e+01 1.513927913869064845e+01
1.496898967830062611e+05 9.648523862134736555e+04 7.323122552993377030e+04 4.913568933080069110e+04 3.413154314084405632e+04 2.308210388753010557e+04 2.998158499710404067e+04 1.041256674785231371e+04 4.677061498484827098e+03 2.004360322509640355e+03 1.317668275812599632e+03 1.631574496506353000e+02 3.591567354255049338e+01 7.868570734410459622e+00
1.035380618060824636e+05 6.850202761109809217e+04 4.934367228389788215e+04 3.237091245631762649e+04 2.456462541668578706e+04 1.593651030475372136e+04 1.041256674785231371e+04 1.503132028782022644e+04 3.442913988981954844e+03 1.530461050166249152e+03 7.164681028478330518e+02 1.760789399580047245e+02 1.150708423447943041e+01 1.272963761935247007e+01
5.111210999140471540e+04 3.585948812970587460e+04 2.519688605439808453e+04 1.745578796362973299e+04 1.254462839498893300e+04 7.562630658827036314e+03 4.677061498484827098e+03 3.442913988981954844e+03 5.209844228514429233e+03 7.584786298269300460e+02 4.028325603666663710e+02 1.411742356981867488e+02 1.484551587046291310e+01 3.990574228514626842e+00
2.296365850579168546e+04 1.529407588980720539e+04 1.082171922175345026e+04 7.846046430303510533e+03 5.416662302484021893e+03 3.456930775027736672e+03 2.004360322509640355e+03 1.530461050166249152e+03 7.584786298269300460e+02 1.853504536348859801e+03 1.433719784826812145e+02 5.889222157996223928e+01 3.345908984697282929e+00 2.346882232328742379e+00
1.171249981265114184e+04 6.622040315495200957e+03 4.897641087919489109e+03 3.822356392725881960e+03 2.598641609212571439e+03 1.950993490842508663e+03 1.317668275812599632e+03 7.164681028478330518e+02 4.028325603666663710e+02 1.433719784826812145e+02 5.770266204570350510e+02 2.930068345290337817e+01 -7.309619375270435260e-01 1.045191473954016903e+00
3.056295091650537415e+03 2.204273802416024409e+03 1.342539068282205335e+03 1.117062835704226927e+03 8.664117503363156629e+02 4.060655917114975182e+02 1.631574496506353000e+02 1.760789399580047245e+02 1.411742356981867488e+02 5.889222157996223928e+01 2.930068345290337817e+01 1.383019703615723586e+02 2.221607301353178521e+00 -2.572813984423730216e-01
2.242660148675924745e+02 1.388058927778059797e+02 1.297535912366131186e+02 8.676727870777669693e+01 7.755469950829436243e+01 3.625820709034410072e+01 3.591567354255049338e+01 1.150708423447943041e+01 1.484551587046291310e+01 3.345908984697282929e+00 -7.309619375270435260e-01 2.221607301353178521e+00 6.942047228058953579e+00 -1.374448870380896165e-02
6.856261028672793145e+01 5.289173251109361473e+01 5.958636489361445143e+01 1.964546949409266574e+01 2.163663018315390119e+01 1.513927913869064845e+01 7.868570734410459622e+00 1.272963761935247007e+01 3.990574228514626842e+00 2.346882232328742379e+00 1.045191473954016903e+00 -2.572813984423730216e-01 -1.374448870380896165e-02 1.003191518334239696e+00
