1.928475319004095159e+06 1.072543015650289599e+06 7.339127684976442251e+05 5.182956059785485850e+05 3.320429102556293365e+05 2.060015853044276009e+05 1.297312193477674737e+05 7.885249589391688642e+04 3.440394521380488732e+04 1.768728502505427241e+04 6.608556340393063692e+03 7.756827187307234226e+02 1.057924725822354333e+02
1.072543015650289599e+06 9.259393882650361629e+05 5.019952968215500005e+05 3.586828343744430458e+05 2.343486137537248142e+05 1.415635271396359894e+05 8.861204516830809007e+04 5.656102159824487899e+04 2.333599351538031260e+04 1.251681103326202538e+04 3.619255463014277666e+03 8.750234175477589815e+02 1.341701473092984997e+02
7.339127684976442251e+05 5.019952968215500005e+05 4.568127501944715041e+05 2.501486443039203878e+05 1.635853477907370543e+05 9.749184323001562734e+04 6.317957058265431260e+04 3.847941982271466986e+04 1.718034141252838890e+04 8.207617007866949280e+03 3.300920265418923464e+03 2.892905446319139742e+02 5.887989626626914230e+01
5.182956059785485850e+05 3.586828343744430458e+05 2.501486443039203878e+05 2.436059753585329163e+05 1.086672104134593683e+05 7.088318356290250085e+04 4.350490295358066214e+04 2.528901343918386920e+04 1.207512669876915788e+04 6.392999838459282728e+03 2.429015558305236027e+03 3.026635434730478664e+02 3.236929457239683927e+01
3.320429102556293365e+05 2.343486137537248142e+05 1.635853477907370543e+05 1.086672104134593683e+05 1.153749855583636672e+05 4.766699931965132419e+04 2.918525856039666542e+04 2.009372772280434219e+04 8.016948743837041548e+03 3.781611525857992092e+03 1.517208432159155564e+03 1.589457332055855545e+02 2.637556942084108158e+01
2.060015853044276009e+05 1.415635271396359894e+05 9.749184323001562734e+04 7.088318356290250085e+04 4.766699931965132419e+04 5.257467240284747095e+04 1.775484054311835280e+04 1.137490610768706756e+04 4.913145202161413181e+03 2.573037143243554510e+03 1.053423770946031482e+03 1.129120569534366041e+02 9.634121176434986111e+00
1.297312193477674737e+05 8.861204516830809007e+04 6.317957058265431260e+04 4.350490295358066214e+04 2.918525856039666542e+04 1.775484054311835280e+04 2.554802376825467582e+04 7.064234682807564241e+03 3.568915994789554134e+03 1.549322525707591240e+03 7.726264373815274666e+02 2.781399342459404522e+01 1.806133829234779498e+01
7.885249589391688642e+04 5.656102159824487899e+04 3.847941982271466986e+04 2.528901343918386920e+04 2.009372772280434219e+04 1.137490610768706756e+04 7.064234682807564241e+03 1.079656361949831626e+04 2.001170926334414389e+03 1.064708709005996297e+03 4.049385378828807802e+02 7.608325270988461853e+01 1.032476088100770895e+01
3.440394521380488732e+04 2.333599351538031260e+04 1.718034141252838890e+04 1.207512669876915788e+04 8.016948743837041548e+03 4.913145202161413181e+03 3.568915994789554134e+03 2.001170926334414389e+03 3.510339953160949790e+03 4.796125081963338062e+02 1.823497821240448502e+02 3.415498933917181290e+01 4.904647123682963183e+00
1.768728502505427241e+04 1.251681103326202538e+04 8.207617007866949280e+03 6.392999838459282728e+03 3.781611525857992092e+03 2.573037143243554510e+03 1.549322525707591240e+03 1.064708709005996297e+03 4.796125081963338062e+02 1.122662314314097557e+03 1.126801862834452521e+02 8.515282662171463457e+00 1.385718025324859548e+00
6.608556340393063692e+03 3.619255463014277666e+03 3.300920265418923464e+03 2.429015558305236027e+03 1.517208432159155564e+03 1.053423770946031482e+03 7.726264373815274666e+02 4.049385378828807802e+02 1.823497821240448502e+02 1.126801862834452521e+02 2.726377705254482748e+02 -8.595764956888305441e-01 -7.456837204673197328e-02
7.756827187307234226e+02 8.750234175477589815e+02 2.892905446319139742e+02 3.026635434730478664e+02 1.589457332055855545e+02 1.129120569534366041e+02 2.781399342459404522e+01 7.608325270988461853e+01 3.415498933917181290e+01 8.515282662171463457e+00 -8.595764956888305441e-01 5.537368879197262572e+01 8.083590527122268554e-01
1.057924725822354333e+02 1.341701473092984997e+02 5.887989626626914230e+01 3.236929457239683927e+01 2.637556942084108158e+01 9.634121176434986111e+00 1.806133829234779498e+01 1.032476088100770895e+01 4.904647123682963183e+00 1.385718025324859548e+00 -7.456837204673197328e-02 8.083590527122268554e-01 2.001095918246368122e+00
