1.225066647630746011e+06 6.439545966199245304e+05 4.441818557986306259e+05 2.546883246310988325e+05 1.376461277645174123e+05 7.005654739373316988e+04 2.837369133849789068e+04 1.165795535403135000e+04 3.252093427951048398e+03 6.416073467855538865e+02
6.439545966199245304e+05 5.266428694130007643e+05 2.876563336690489668e+05 1.622544492093611334e+05 8.805221965295283007e+04 4.611954102503940521e+04 1.919166767896902456e+04 6.747189846852450501e+03 1.954776827600941488e+03 4.730687765441940087e+02
4.441818557986306259e+05 2.876563336690489668e+05 2.599843141531939036e+05 1.090759077668911341e+05 6.080642595577950124e+04 3.302569313076892286e+04 1.331169019726502302e+04 5.132074463562750680e+03 1.620942811953033015e+03 2.268108960979710957e+02
2.546883246310988325e+05 1.622544492093611334e+05 1.090759077668911341e+05 1.051471404597808578e+05 3.556347556879558397e+04 1.961043470268461533e+04 8.247933119128763792e+03 2.888043841743802659e+03 1.000588324952771131e+03 6.578210101829999701e+01
1.376461277645174123e+05 8.805221965295283007e+04 6.080642595577950124e+04 3.556347556879558397e+04 3.882149054269638873e+04 1.046603050692914258e+04 4.035882583170275666e+03 1.797718605550639268e+03 4.931824250060176382e+02 7.919577513872654606e+01
7.005654739373316988e+04 4.611954102503940521e+04 3.302569313076892286e+04 1.961043470268461533e+04 1.046603050692914258e+04 1.243201513474525382e+04 2.702358278346088809e+03 8.996357703899575426e+02 2.136462406317317004e+02 3.736456278889755822e+01
2.837369133849789068e+04 1.919166767896902456e+04 1.331169019726502302e+04 8.247933119128763792e+03 4.035882583170275666e+03 2.702358278346088809e+03 4.288477694249288106e+03 3.694887810631968250e+02 1.000074601430061989e+02 2.050580382274943858e+01
1.165795535403135000e+04 6.747189846852450501e+03 5.132074463562750680e+03 2.888043841743802659e+03 1.797718605550639268e+03 8.996357703899575426e+02 3.694887810631968250e+02 9.403885554972705449e+02 3.091752865529765870e+01 2.228226760773730319e+01
3.252093427951048398e+03 1.954776827600941488e+03 1.620942811953033015e+03 1.000588324952771131e+03 4.931824250060176382e+02 2.136462406317317004e+02 1.000074601430061989e+02 3.091752865529765870e+01 2.002737428242079147e+02 -1.768620677770074145e+00
6.416073467855538865e+02 4.730687765441940087e+02 2.268108960979710957e+02 6.578210101829999701e+01 7.919577513872654606e+01 3.736456278889755822e+01 2.050580382274943858e+01 2.228226760773730319e+01 -1.768620677770074145e+00 2.947243615029048058e+01
