1.571929303579763975e+06 8.930026604984313017e+05 6.084544737497635651e+05 4.090136806768003153e+05 2.424919340842048405e+05 1.541546919933768222e+05 7.767996133593675040e+04 4.459547627345582441e+04 1.318406519582927467e+04 6.193352752172616420e+03 1.729403180900984353e+03 2.078501843973208452e+02
8.930026604984313017e+05 7.780321870703320019e+05 4.179912737466487451e+05 2.894624522424425813e+05 1.718384634862668463e+05 1.105655961795482144e+05 5.172964503046174650e+04 2.834225224321276619e+04 9.486851903906866937e+03 4.235172016038513902e+03 1.070186097632855308e+03 8.350556255530321437e+01
6.084544737497635651e+05 4.179912737466487451e+05 3.770393639117550920e+05 1.902857653884605970e+05 1.157986467269942077e+05 7.393909723078622483e+04 3.556345596102893614e+04 2.238678485453126632e+04 6.930800908391336634e+03 3.098819505133727034e+03 8.982436188587106471e+02 6.724680129135184359e+01
4.090136806768003153e+05 2.894624522424425813e+05 1.902857653884605970e+05 1.911012603046097502e+05 7.685692919374370831e+04 5.050377521532157698e+04 2.621818978940714442e+04 1.541904683269422094e+04 4.742413210733775486e+03 2.163003481144773104e+03 6.407818597508351104e+02 -1.468229671301666883e+01
2.424919340842048405e+05 1.718384634862668463e+05 1.157986467269942077e+05 7.685692919374370831e+04 8.132335914767021313e+04 3.154485174306073895e+04 1.538353324320822867e+04 7.965585180816259708e+03 2.405512356340516362e+03 1.532229426204670744e+03 2.375520314336963850e+02 1.054113610165371995e+01
1.541546919933768222e+05 1.105655961795482144e+05 7.393909723078622483e+04 5.050377521532157698e+04 3.154485174306073895e+04 3.647495835264102789e+04 1.112872600824878100e+04 5.395100907242252106e+03 1.894365294250607121e+03 9.902785605141086762e+02 2.671244672010337808e+02 1.516856936056383987e+01
7.767996133593675040e+04 5.172964503046174650e+04 3.556345596102893614e+04 2.621818978940714442e+04 1.538353324320822867e+04 1.112872600824878100e+04 1.318768282903257204e+04 2.975329781978374740e+03 9.102161220277083657e+02 5.346018742268784081e+02 1.335289003948321920e+02 -4.674491902221450168e+00
4.459547627345582441e+04 2.834225224321276619e+04 2.238678485453126632e+04 1.541904683269422094e+04 7.965585180816259708e+03 5.395100907242252106e+03 2.975329781978374740e+03 5.239666208386091057e+03 6.111741300010306759e+02 2.828695049421534122e+02 3.476849429957712800e+01 7.874479647366191770e+00
1.318406519582927467e+04 9.486851903906866937e+03 6.930800908391336634e+03 4.742413210733775486e+03 2.405512356340516362e+03 1.894365294250607121e+03 9.102161220277083657e+02 6.111741300010306759e+02 1.209969876034516574e+03 1.042937182379078536e+02 1.280583331099438382e+01 3.521555141103136499e+00
6.193352752172616420e+03 4.235172016038513902e+03 3.098819505133727034e+03 2.163003481144773104e+03 1.532229426204670744e+03 9.902785605141086762e+02 5.346018742268784081e+02 2.828695049421534122e+02 1.042937182379078536e+02 3.839279414524327194e+02 1.038035240367516820e+01 1.458817942639698106e+00
1.729403180900984353e+03 1.070186097632855308e+03 8.982436188587106471e+02 6.407818597508351104e+02 2.375520314336963850e+02 2.671244672010337808e+02 1.335289003948321920e+02 3.476849429957712800e+01 1.280583331099438382e+01 1.038035240367516820e+01 6.849973766950952836e+01 4.784295403280466319e-01
2.078501843973208452e+02 8.350556255530321437e+01 6.724680129135184359e+01 -1.468229671301666883e+01 1.054113610165371995e+01 1.516856936056383987e+01 -4.674491902221450168e+00 7.874479647366191770e+00 3.521555141103136499e+00 1.458817942639698106e+00 4.784295403280466319e-01 3.984298466994228072e+00
