4.536294610084909073e+04 9.721277898926866328e+03 2.800566187767531574e+03 7.254571722109409393e+02 1.659648874265720337e+02 3.717273657728310354e+01
9.721277898926866328e+03 1.079917669342113186e+04 1.068478450610006803e+03 3.973665656328536215e+02 1.583772168169123873e+01 1.695167246242209558e+01
2.800566187767531574e+03 1.068478450610006803e+03 2.178907655955512382e+03 9.136005869829577364e+01 1.771662045697068777e+01 -1.153313210548599921e+00
7.254571722109409393e+02 3.973665656328536215e+02 9.136005869829577364e+01 3.642998558646186780e+02 -4.445077317657485594e+00 1.069331323193233763e+00
1.659648874265720337e+02 1.583772168169123873e+01 1.771662045697068777e+01 -4.445077317657485594e+00 5.700721943747503673e+01 5.728459030666410712e-01
3.717273657728310354e+01 1.695167246242209558e+01 -1.153313210548599921e+00 1.069331323193233763e+00 5.728459030666410712e-01 4.034335292715952370e+00
