1.602778488522507483e+06 8.528489970301324502e+05 5.708783012473077979e+05 3.675994687930828659e+05 2.177678570130582957e+05 1.283099298960530723e+05 6.220467982657280663e+04 2.394619150154037561e+04 1.205707732976285297e+04 3.386715736721915164e+03 7.890614803734379166e+02
8.528489970301324502e+05 7.179069583595480071e+05 3.733276141039916547e+05 2.518988496780376881e+05 1.477968035169202776e+05 8.648342597125287284e+04 4.095201949548546690e+04 1.557366558413504390e+04 7.515660941695401561e+03 2.186343360070580275e+03 3.204873022298058345e+02
5.708783012473077979e+05 3.733276141039916547e+05 3.331688414543806575e+05 1.657896090927826881e+05 9.370738096085622965e+04 5.497644638283136010e+04 2.876416344927054161e+04 1.295613556378560133e+04 5.196378764093755308e+03 1.509035986592511108e+03 1.411493749748349273e+02
3.675994687930828659e+05 2.518988496780376881e+05 1.657896090927826881e+05 1.628803769257137319e+05 6.493833413908228977e+04 3.886705867903509352e+04 2.009624126856473595e+04 8.167731281023259726e+03 3.005693731379492874e+03 1.439034278172928680e+03 9.518904122091747411e+01
2.177678570130582957e+05 1.477968035169202776e+05 9.370738096085622965e+04 6.493833413908228977e+04 6.664331470447120955e+04 2.351432247379847104e+04 1.182052129390382470e+04 4.182528238195173799e+03 1.905907452326367547e+03 7.122300148732734897e+02 8.892693414579508726e+01
1.283099298960530723e+05 8.648342597125287284e+04 5.497644638283136010e+04 3.886705867903509352e+04 2.351432247379847104e+04 2.833110746480368471e+04 7.235265710036788732e+03 2.819914044899775035e+03 1.298053461954248633e+03 4.859919719845761392e+02 3.799653328500644989e+01
6.220467982657280663e+04 4.095201949548546690e+04 2.876416344927054161e+04 2.009624126856473595e+04 1.182052129390382470e+04 7.235265710036788732e+03 9.401924938518919589e+03 1.755283086598823047e+03 6.935185522707189421e+02 2.490280952363715130e+02 4.006585170399807794e+01
2.394619150154037561e+04 1.557366558413504390e+04 1.295613556378560133e+04 8.167731281023259726e+03 4.182528238195173799e+03 2.819914044899775035e+03 1.755283086598823047e+03 2.922032977465898057e+03 2.255094584426273627e+02 5.594210387869272694e+01 -3.269656778009813358e+00
1.205707732976285297e+04 7.515660941695401561e+03 5.196378764093755308e+03 3.005693731379492874e+03 1.905907452326367547e+03 1.298053461954248633e+03 6.935185522707189421e+02 2.255094584426273627e+02 7.819733630849841575e+02 6.191293013031621228e+01 3.095271004590875119e+00
3.386715736721915164e+03 2.186343360070580275e+03 1.509035986592511108e+03 1.439034278172928680e+03 7.122300148732734897e+02 4.859919719845761392e+02 2.490280952363715130e+02 5.594210387869272694e+01 6.191293013031621228e+01 1.788592501810683473e+02 -1.570685081855883666e-02
7.890614803734379166e+02 3.204873022298058345e+02 1.411493749748349273e+02 9.518904122091747411e+01 8.892693414579508726e+01 3.799653328500644989e+01 4.006585170399807794e+01 -3.269656778009813358e+00 3.095271004590875119e+00 -1.570685081855883666e-02 2.499989370143759260e+01
