1.847716717996577732e+06 1.034557500744831050e+06 7.111886410975084873e+05 5.038274724744280102e+05 3.234721494479902904e+05 2.009826028546313464e+05 1.266992834126651578e+05 7.706361859827648732e+04 3.363965352461020666e+04 1.730013962875393554e+04 6.465381122161645180e+03 7.589892501944190144e+02 1.035250937304454482e+02
1.034557500744831050e+06 8.991685015911936061e+05 4.897321637096174527e+05 3.510213419832034269e+05 2.298389786191363237e+05 1.390458047571949428e+05 8.712464673465333181e+04 5.565059472045730217e+04 2.297143751747304486e+04 1.232539201366436828e+04 3.564719681680304348e+03 8.619653264195544580e+02 1.321798859532661083e+02
7.111886410975084873e+05 4.897321637096174527e+05 4.477108814995217253e+05 2.459356777586166281e+05 1.611781435273791722e+05 9.620003943002024607e+04 6.240586296775146184e+04 3.803483473179947032e+04 1.699002905166879646e+04 8.119412042694413685e+03 3.266191413176819879e+03 2.862890996894793716e+02 5.827428663341738968e+01
5.038274724744280102e+05 3.510213419832034269e+05 2.459356777586166281e+05 2.402565681350654922e+05 1.074049298524558835e+05 7.016396659020689549e+04 4.310730550204479368e+04 2.507545691078153322e+04 1.197892863461753950e+04 6.344189429421528075e+03 2.411020178384717383e+03 3.004655159868328269e+02 3.213713182777241428e+01
3.234721494479902904e+05 2.298389786191363237e+05 1.611781435273791722e+05 1.074049298524558835e+05 1.142814446942527720e+05 4.728540322686765285e+04 2.898108116926964067e+04 1.996713921898647823e+04 7.970283202041935510e+03 3.760856185447313237e+03 1.509225592733163921e+03 1.581327277392830979e+02 2.624303675307876915e+01
2.009826028546313464e+05 1.390458047571949428e+05 9.620003943002024607e+04 7.016396659020689549e+04 4.728540322686765285e+04 5.223132938370732882e+04 1.765684218427611995e+04 1.132005076573870792e+04 4.891808717032263303e+03 2.562719597428373163e+03 1.049439118263318960e+03 1.125015299420700785e+02 9.599963235435126307e+00
1.266992834126651578e+05 8.712464673465333181e+04 6.240586296775146184e+04 4.310730550204479368e+04 2.898108116926964067e+04 1.765684218427611995e+04 2.543286730672646081e+04 7.037322069079256835e+03 3.557033436605976476e+03 1.544680358914054978e+03 7.704872453766707849e+02 2.774107023180855691e+01 1.801561728087690994e+01
7.706361859827648732e+04 5.565059472045730217e+04 3.803483473179947032e+04 2.507545691078153322e+04 1.996713921898647823e+04 1.132005076573870792e+04 7.037322069079256835e+03 1.076297054622294854e+04 1.995906081854946478e+03 1.062262598565485405e+03 4.041004132184268656e+02 7.593696408944987297e+01 1.030584288510002722e+01
3.363965352461020666e+04 2.297143751747304486e+04 1.699002905166879646e+04 1.197892863461753950e+04 7.970283202041935510e+03 4.891808717032263303e+03 3.557033436605976476e+03 1.995906081854946478e+03 3.502792467859867429e+03 4.787413038399931224e+02 1.820600870860729401e+02 3.410575173961609607e+01 4.898020457948776496e+00
1.730013962875393554e+04 1.232539201366436828e+04 8.119412042694413685e+03 6.344189429421528075e+03 3.760856185447313237e+03 2.562719597428373163e+03 1.544680358914054978e+03 1.062262598565485405e+03 4.787413038399931224e+02 1.120997667747929654e+03 1.125387847013497264e+02 8.505849778455377930e+00 1.384308424063886100e+00
6.465381122161645180e+03 3.564719681680304348e+03 3.266191413176819879e+03 2.411020178384717383e+03 1.509225592733163921e+03 1.049439118263318960e+03 7.704872453766707849e+02 4.041004132184268656e+02 1.820600870860729401e+02 1.125387847013497264e+02 2.723577804925817532e+02 -8.588202404250360189e-01 -7.450951857568011150e-02
7.589892501944190144e+02 8.619653264195544580e+02 2.862890996894793716e+02 3.004655159868328269e+02 1.581327277392830979e+02 1.125015299420700785e+02 2.774107023180855691e+01 7.593696408944987297e+01 3.410575173961609607e+01 8.505849778455377930e+00 -8.588202404250360189e-01 5.533312142646511234e+01 8.078400435047353723e-01
1.035250937304454482e+02 1.321798859532661083e+02 5.827428663341738968e+01 3.213713182777241428e+01 2.624303675307876915e+01 9.599963235435126307e+00 1.801561728087690994e+01 1.030584288510002722e+01 4.898020457948776496e+00 1.384308424063886100e+00 -7.450951857568011150e-02 8.078400435047353723e-01 1.999992340715606831e+00
