1.484391728550189408e+06 7.735730669732621172e+05 5.070741309434420546e+05 3.311908774728148710e+05 1.695790243886099779e+05 1.071315008004887786e+05 4.375898374401510955e+04 1.780121668924514961e+04 6.768587604327634835e+03 1.710888852554878440e+03 4.032782607099306915e+01
7.735730669732621172e+05 6.274829728752439842e+05 3.262640094428594457e+05 2.174637623679896060e+05 1.164873379877219704e+05 6.563280454364011530e+04 2.567496852836480684e+04 1.135258778062789861e+04 4.595279868638483094e+03 1.012238881884712896e+03 4.276188217692928362e+01
5.070741309434420546e+05 3.262640094428594457e+05 2.897046381069859490e+05 1.357634800435933284e+05 7.191466119940826320e+04 4.538153831399803312e+04 1.869377543547155801e+04 8.117948724725089050e+03 3.005409347609484939e+03 7.190924204004755893e+02 -1.881348964451385086e+01
3.311908774728148710e+05 2.174637623679896060e+05 1.357634800435933284e+05 1.401846586507163593e+05 4.912820033644956857e+04 3.050758194065360658e+04 1.194540829353748813e+04 4.935780375494696273e+03 2.157926328741745692e+03 5.458516571773341184e+02 -5.912978988020221038e+00
1.695790243886099779e+05 1.164873379877219704e+05 7.191466119940826320e+04 4.912820033644956857e+04 4.886949022166719806e+04 1.744897673921665046e+04 6.761011897015018803e+03 3.027241296676295860e+03 1.153697799597410039e+03 2.325920879774207322e+02 1.195406502155254458e+01
1.071315008004887786e+05 6.563280454364011530e+04 4.538153831399803312e+04 3.050758194065360658e+04 1.744897673921665046e+04 2.023957890223975846e+04 4.280924674036566103e+03 2.069985060979193804e+03 6.693442528438846466e+02 1.586957311358372351e+02 1.417246181263299221e+01
4.375898374401510955e+04 2.567496852836480684e+04 1.869377543547155801e+04 1.194540829353748813e+04 6.761011897015018803e+03 4.280924674036566103e+03 6.317136046357205487e+03 8.353060115396255014e+02 3.102655018192612602e+02 4.888492664537268695e+01 1.337144494797009919e+00
1.780121668924514961e+04 1.135258778062789861e+04 8.117948724725089050e+03 4.935780375494696273e+03 3.027241296676295860e+03 2.069985060979193804e+03 8.353060115396255014e+02 1.645264176841919380e+03 9.935840794826447109e+01 3.596980397771820748e+01 -1.410878659875449470e+00
6.768587604327634835e+03 4.595279868638483094e+03 3.005409347609484939e+03 2.157926328741745692e+03 1.153697799597410039e+03 6.693442528438846466e+02 3.102655018192612602e+02 9.935840794826447109e+01 4.349822733114567086e+02 1.354052801469151390e+01 -1.983692702479364633e-01
1.710888852554878440e+03 1.012238881884712896e+03 7.190924204004755893e+02 5.458516571773341184e+02 2.325920879774207322e+02 1.586957311358372351e+02 4.888492664537268695e+01 3.596980397771820748e+01 1.354052801469151390e+01 6.605768436161842772e+01 -4.064211631463578445e-01
4.032782607099306915e+01 4.276188217692928362e+01 -1.881348964451385086e+01 -5.912978988020221038e+00 1.195406502155254458e+01 1.417246181263299221e+01 1.337144494797009919e+00 -1.410878659875449470e+00 -1.983692702479364633e-01 -4.064211631463578445e-01 2.997579474691749901e+00
