8.735823123430017149e+05 4.062865508849687758e+05 2.202839658945497649e+05 1.179394973987970588e+05 5.580439572107132699e+04 1.856394685227175796e+04 6.879756353781418511e+03 2.005953882024447239e+03 3.684751622195694267e+02 3.384249990389995588e+01
4.062865508849687758e+05 3.206606831860316452e+05 1.292899519594101439e+05 6.926513880444549432e+04 3.374295905922370730e+04 1.090488835236562045e+04 4.391442841428772226e+03 1.233269096464551012e+03 2.245282568037804083e+02 8.564275128351761524e+00
2.202839658945497649e+05 1.292899519594101439e+05 1.136939878108143748e+05 3.779431311141534388e+04 1.812688812877986857e+04 5.814562542141826270e+03 2.268383539208385628e+03 7.942163362777490647e+02 9.127980497418629113e+01 1.661400541059963487e+01
1.179394973987970588e+05 6.926513880444549432e+04 3.779431311141534388e+04 3.911379946395877778e+04 1.132181412957986868e+04 3.578946825734816230e+03 1.358570144475170082e+03 4.493115493429914409e+02 4.244094247419629795e+01 -8.340027046359107743e+00
5.580439572107132699e+04 3.374295905922370730e+04 1.812688812877986857e+04 1.132181412957986868e+04 1.202783179532182476e+04 1.810708410577592304e+03 7.130665271182463130e+02 1.316127425738327474e+02 1.237936254208797848e+01 1.293233891540359259e+01
1.856394685227175796e+04 1.090488835236562045e+04 5.814562542141826270e+03 3.578946825734816230e+03 1.810708410577592304e+03 2.522162898848666373e+03 2.220020408339292999e+02 4.497279630868347056e+01 1.509286297569070534e+01 1.496456811348648996e-01
6.879756353781418511e+03 4.391442841428772226e+03 2.268383539208385628e+03 1.358570144475170082e+03 7.130665271182463130e+02 2.220020408339292999e+02 6.191278166648190791e+02 6.067576681183790122e+00 4.398001735987241645e+00 -9.834878223917586926e-02
2.005953882024447239e+03 1.233269096464551012e+03 7.942163362777490647e+02 4.493115493429914409e+02 1.316127425738327474e+02 4.497279630868347056e+01 6.067576681183790122e+00 1.165183230786477822e+02 1.419709816675936320e+00 -4.009716509176097232e-01
3.684751622195694267e+02 2.245282568037804083e+02 9.127980497418629113e+01 4.244094247419629795e+01 1.237936254208797848e+01 1.509286297569070534e+01 4.398001735987241645e+00 1.419709816675936320e+00 1.274974548857915657e+01 -5.108014000959711087e-02
3.384249990389995588e+01 8.564275128351761524e+00 1.661400541059963487e+01 -8.340027046359107743e+00 1.293233891540359259e+01 1.496456811348648996e-01 -9.834878223917586926e-02 -4.009716509176097232e-01 -5.108014000959711087e-02 2.003087940380028797e+00
