2.048745454007794149e+06 1.208791347214570269e+06 7.996918354938465636e+05 5.331815247643510811e+05 3.643480713385625277e+05 2.293253413704638078e+05 1.164817480325138749e+05 6.350612149922500248e+04 3.032502700280577847e+04 1.266423385327108917e+04 2.522292301270250391e+03 4.890020488586291094e+02 -3.669985945212246037e+01
1.208791347214570269e+06 1.005473012128630187e+06 5.629395696248345776e+05 3.730234106640346581e+05 2.501101951049639611e+05 1.609700815790457418e+05 7.686488994757547334e+04 4.464125649028841872e+04 2.128900866648183728e+04 8.177160841143355356e+03 1.184293503778014610e+03 4.380845967961425345e+02 2.129403609820975163e+01
7.996918354938465636e+05 5.629395696248345776e+05 5.131333995810080087e+05 2.523994843769603176e+05 1.752930228055097687e+05 1.055462154020489834e+05 5.407075371187762357e+04 2.965907857276753566e+04 1.434171370360814399e+04 5.858487367925066792e+03 9.292748725686293483e+02 3.214419062426906066e+02 -2.533715786933955272e+01
5.331815247643510811e+05 3.730234106640346581e+05 2.523994843769603176e+05 2.339256276745130599e+05 1.164589814530365402e+05 7.037909517809351382e+04 3.389899762944955000e+04 1.845730578543964293e+04 8.546561387249246764e+03 3.733632760291112845e+03 6.510994672967519818e+02 2.368932104273430355e+02 7.903891299435669815e+00
3.643480713385625277e+05 2.501101951049639611e+05 1.752930228055097687e+05 1.164589814530365402e+05 1.160267556573331385e+05 5.200215379076859972e+04 2.402843346953962100e+04 1.331384705174942064e+04 7.126474668831404415e+03 2.713338628451881505e+03 4.374728344330650316e+02 1.517170660345158808e+02 -1.103525185641875161e+01
2.293253413704638078e+05 1.609700815790457418e+05 1.055462154020489834e+05 7.037909517809351382e+04 5.200215379076859972e+04 5.211986314390349435e+04 1.514947139448675443e+04 8.595308259388944862e+03 4.245920994481317393e+03 1.658221100562531774e+03 3.590417622481429589e+02 1.336465470031096743e+02 -6.078408094331574141e+00
1.164817480325138749e+05 7.686488994757547334e+04 5.407075371187762357e+04 3.389899762944955000e+04 2.402843346953962100e+04 1.514947139448675443e+04 1.889562763622886996e+04 4.693138889633322833e+03 2.305385288812368799e+03 8.797456504838547744e+02 2.497049260687502965e+02 4.953706519199769787e+01 -9.703884406079664515e+00
6.350612149922500248e+04 4.464125649028841872e+04 2.965907857276753566e+04 1.845730578543964293e+04 1.331384705174942064e+04 8.595308259388944862e+03 4.693138889633322833e+03 7.147509882391432257e+03 1.245685425530657994e+03 6.054878772676153176e+02 1.111132999643832591e+02 1.951365075960931250e+01 2.537245185182298357e+00
3.032502700280577847e+04 2.128900866648183728e+04 1.434171370360814399e+04 8.546561387249246764e+03 7.126474668831404415e+03 4.245920994481317393e+03 2.305385288812368799e+03 1.245685425530657994e+03 2.257699196923974796e+03 3.105243009945529593e+02 4.390179265551125098e+01 2.352932165547906074e+00 -1.666660283929500830e-01
1.266423385327108917e+04 8.177160841143355356e+03 5.858487367925066792e+03 3.733632760291112845e+03 2.713338628451881505e+03 1.658221100562531774e+03 8.797456504838547744e+02 6.054878772676153176e+02 3.105243009945529593e+02 5.662095963174173221e+02 2.723126826260634914e+01 6.023506343802354834e+00 6.274485774792072645e-02
2.522292301270250391e+03 1.184293503778014610e+03 9.292748725686293483e+02 6.510994672967519818e+02 4.374728344330650316e+02 3.590417622481429589e+02 2.497049260687502965e+02 1.111132999643832591e+02 4.390179265551125098e+01 2.723126826260634914e+01 1.056544973403134975e+02 -1.066662581714990843e+00 -1.921561268530680711e-01
4.890020488586291094e+02 4.380845967961425345e+02 3.214419062426906066e+02 2.368932104273430355e+02 1.517170660345158808e+02 1.336465470031096743e+02 4.953706519199769787e+01 1.951365075960931250e+01 2.352932165547906074e+00 6.023506343802354834e+00 -1.066662581714990843e+00 1.556072472148926877e+01 -3.137242887397031360e-02
-3.669985945212246037e+01 2.129403609820975163e+01 -2.533715786933955272e+01 7.903891299435669815e+00 -1.103525185641875161e+01 -6.078408094331574141e+00 -9.703884406079664515e+00 2.537245185182298357e+00 -1.666660283929500830e-01 6.274485774792072645e-02 -1.921561268530680711e-01 -3.137242887397031360e-02 1.001956947162427225e+00
