1.198565315788375679e+06 6.412773049123054370e+05 3.749377915679072030e+05 2.161921642150622210e+05 1.154136678091804206e+05 5.229840755817876925e+04 1.907244068458647962e+04 6.814099394533402119e+03 1.734954140034590182e+03 2.645048693900691887e+02 4.617237219526505498e+01
6.412773049123054370e+05 5.335584095956246601e+05 2.437832918838723563e+05 1.434055233550911653e+05 7.441925617626484018e+04 3.273037857545112638e+04 1.147915407799547393e+04 4.192348650625726805e+03 1.298667575568482334e+03 1.896561364271835544e+02 7.290168159593033437e+00
3.749377915679072030e+05 2.437832918838723563e+05 2.036920179687069030e+05 8.307989555800787639e+04 4.280580861746628943e+04 2.100130192516175521e+04 7.588180743793522197e+03 2.760903152178679193e+03 6.504426070672375317e+02 9.780550779141353246e+01 9.156827677592467296e+00
2.161921642150622210e+05 1.434055233550911653e+05 8.307989555800787639e+04 8.016281261178586283e+04 2.519372704608546701e+04 1.209893993972182216e+04 4.576627571126242401e+03 1.793761757959050328e+03 4.166513455448186960e+02 4.864883329950973234e+01 -2.019600108759455281e+00
1.154136678091804206e+05 7.441925617626484018e+04 4.280580861746628943e+04 2.519372704608546701e+04 2.630709140973338071e+04 6.602190402151059970e+03 2.172568150397879435e+03 8.565692686532800053e+02 2.600892000260593591e+02 2.706264145741160121e+01 -7.294089713195037739e-01
5.229840755817876925e+04 3.273037857545112638e+04 2.100130192516175521e+04 1.209893993972182216e+04 6.602190402151059970e+03 8.390428651850579627e+03 1.233840372853933331e+03 4.336257903423940547e+02 9.744472485935361306e+01 2.495480639243804788e+01 4.835275600200535706e+00
1.907244068458647962e+04 1.147915407799547393e+04 7.588180743793522197e+03 4.576627571126242401e+03 2.172568150397879435e+03 1.233840372853933331e+03 2.102688025857765751e+03 1.362700663676992860e+02 3.235085649947724562e+01 -2.719597428012155760e+00 2.521558970745375827e+00
6.814099394533402119e+03 4.192348650625726805e+03 2.760903152178679193e+03 1.793761757959050328e+03 8.565692686532800053e+02 4.336257903423940547e+02 1.362700663676992860e+02 4.728374048812615342e+02 1.060780251301110866e+01 4.796060064108217169e+00 -4.941157547650177895e-01
1.734954140034590182e+03 1.298667575568482334e+03 6.504426070672375317e+02 4.166513455448186960e+02 2.600892000260593591e+02 9.744472485935361306e+01 3.235085649947724562e+01 1.060780251301110866e+01 8.250752716173727208e+01 8.960749997127767097e-01 -3.176458423489492144e-01
2.645048693900691887e+02 1.896561364271835544e+02 9.780550779141353246e+01 4.864883329950973234e+01 2.706264145741160121e+01 2.495480639243804788e+01 -2.719597428012155760e+00 4.796060064108217169e+00 8.960749997127767097e-01 8.939181452276912410e+00 -2.745087526472402700e-02
4.617237219526505498e+01 7.290168159593033437e+00 9.156827677592467296e+00 -2.019600108759455281e+00 -7.294089713195037739e-01 4.835275600200535706e+00 2.521558970745375827e+00 -4.941157547650177895e-01 -3.176458423489492144e-01 -2.745087526472402700e-02 1.999992340715606831e+00
