1.507825383002215298e+06 7.857442871419840958e+05 5.182315208337848308e+05 2.996884910210022936e+05 1.624211282160102855e+05 7.998093742002711224e+04 2.945963191652890600e+04 1.299917406313548599e+04 4.118405061715341617e+03 2.755776418945340538e+02 1.988865264367261432e+02
7.857442871419840958e+05 6.283354215418171370e+05 3.157388318107725936e+05 1.926525779762486927e+05 1.042877228039397596e+05 4.819998481410816021e+04 1.782311616305443385e+04 7.812589954083601697e+03 2.304731653957216167e+03 3.590240292249695244e+02 1.647912284079674805e+02
5.182315208337848308e+05 3.157388318107725936e+05 2.920860420159286587e+05 1.264837182133015012e+05 6.625116334509060835e+04 3.336982076582529407e+04 1.359701130609541906e+04 6.125857598260879058e+03 1.585873547584332528e+03 2.466722992238363474e+02 1.156933296984481814e+02
2.996884910210022936e+05 1.926525779762486927e+05 1.264837182133015012e+05 1.110717992842634994e+05 4.050717357874339359e+04 2.003044041416065011e+04 7.737581738916804170e+03 3.364111655026205881e+03 1.021921269211599451e+03 1.328282714802529085e+02 3.826895399287820965e+01
1.624211282160102855e+05 1.042877228039397596e+05 6.625116334509060835e+04 4.050717357874339359e+04 3.841315242498979933e+04 1.137962467902631943e+04 4.296382893203254753e+03 1.857390881560749904e+03 6.756490120737033749e+02 6.978146888430218553e+01 2.604977668041636818e+01
7.998093742002711224e+04 4.819998481410816021e+04 3.336982076582529407e+04 2.003044041416065011e+04 1.137962467902631943e+04 1.249390159632403265e+04 2.375153028946650011e+03 1.125290860729690621e+03 3.367257683819016165e+02 2.242252272230921051e+01 2.001514504134591377e+01
2.945963191652890600e+04 1.782311616305443385e+04 1.359701130609541906e+04 7.737581738916804170e+03 4.296382893203254753e+03 2.375153028946650011e+03 3.647028842980688751e+03 4.291872652268169759e+02 7.494426632830877111e+01 1.717797859431193075e+01 7.321607578155584939e+00
1.299917406313548599e+04 7.812589954083601697e+03 6.125857598260879058e+03 3.364111655026205881e+03 1.857390881560749904e+03 1.125290860729690621e+03 4.291872652268169759e+02 9.157221169850813567e+02 4.745867678944875223e+01 7.254663130618910216e+00 2.064790628213767132e+00
4.118405061715341617e+03 2.304731653957216167e+03 1.585873547584332528e+03 1.021921269211599451e+03 6.756490120737033749e+02 3.367257683819016165e+02 7.494426632830877111e+01 4.745867678944875223e+01 1.791607439441861516e+02 -3.151448151073584225e-01 6.771641092716808030e-01
2.755776418945340538e+02 3.590240292249695244e+02 2.466722992238363474e+02 1.328282714802529085e+02 6.978146888430218553e+01 2.242252272230921051e+01 1.717797859431193075e+01 7.254663130618910216e+00 -3.151448151073584225e-01 1.562216687618802879e+01 -1.259113536584048898e-01
1.988865264367261432e+02 1.647912284079674805e+02 1.156933296984481814e+02 3.826895399287820965e+01 2.604977668041636818e+01 2.001514504134591377e+01 7.321607578155584939e+00 2.064790628213767132e+00 6.771641092716808030e-01 -1.259113536584048898e-01 3.995341700629175818e+00
