1.067766358815147541e+06 5.404357110392843606e+05 2.936621589158212300e+05 1.688024990592391987e+05 8.167740230510590482e+04 2.971616867892431401e+04 1.340508143514638687e+04 4.552617634290930255e+03 7.404294899933441911e+02 1.022802475457328484e+02 -1.237049405741229258e+01
5.404357110392843606e+05 4.381898968598275678e+05 1.800509773751306348e+05 1.044492553604175773e+05 4.805824334293622815e+04 1.923601755849611436e+04 7.630507738662444353e+03 2.770645000441839784e+03 5.311305209737681707e+02 1.304388980983797275e+01 -1.581802298268691587e+01
2.936621589158212300e+05 1.800509773751306348e+05 1.497995227404783363e+05 5.818448937991734419e+04 2.767723202782844965e+04 1.229218273832700834e+04 4.385055853488186585e+03 1.405548282437003081e+03 1.833177703994224998e+02 3.828780453279299678e+01 -1.240796202985722196e+01
1.688024990592391987e+05 1.044492553604175773e+05 5.818448937991734419e+04 6.051732160877413844e+04 1.669895400570684069e+04 6.728467921314313571e+03 3.095138696504317977e+03 1.117367465672229173e+03 2.046207383415562049e+02 1.726480392487424353e+01 -2.101374682484029321e+01
8.167740230510590482e+04 4.805824334293622815e+04 2.767723202782844965e+04 1.669895400570684069e+04 1.795536708545847796e+04 3.098145748403468588e+03 1.418779094192195771e+03 4.916890539294045084e+02 3.624210364935662199e+01 1.056254780139247273e+01 -1.886733960648685260e+00
2.971616867892431401e+04 1.923601755849611436e+04 1.229218273832700834e+04 6.728467921314313571e+03 3.098145748403468588e+03 4.830535145182171618e+03 4.876184857246649926e+02 1.506002688755194470e+02 3.095055712279343396e+01 8.443904222337998533e+00 1.801887013238013813e+00
1.340508143514638687e+04 7.630507738662444353e+03 4.385055853488186585e+03 3.095138696504317977e+03 1.418779094192195771e+03 4.876184857246649926e+02 1.258845654645709374e+03 4.005639092555719571e+01 1.933090245590204859e+01 3.670908283877463707e-01 1.223130910400645893e-01
4.552617634290930255e+03 2.770645000441839784e+03 1.405548282437003081e+03 1.117367465672229173e+03 4.916890539294045084e+02 1.506002688755194470e+02 4.005639092555719571e+01 2.451347540650554322e+02 2.544736388596632093e+00 -1.912173279397923198e-01 -4.000112549737044332e-01
7.404294899933441911e+02 5.311305209737681707e+02 1.833177703994224998e+02 2.046207383415562049e+02 3.624210364935662199e+01 3.095055712279343396e+01 1.933090245590204859e+01 2.544736388596632093e+00 3.607103215782868233e+01 -2.009139410742162568e-01 -6.694366425270473209e-02
1.022802475457328484e+02 1.304388980983797275e+01 3.828780453279299678e+01 1.726480392487424353e+01 1.056254780139247273e+01 8.443904222337998533e+00 3.670908283877463707e-01 -1.912173279397923198e-01 -2.009139410742162568e-01 3.005739641474547863e+00 -5.902747950825362744e-03
-1.237049405741229258e+01 -1.581802298268691587e+01 -1.240796202985722196e+01 -2.101374682484029321e+01 -1.886733960648685260e+00 1.801887013238013813e+00 1.223130910400645893e-01 -4.000112549737044332e-01 -6.694366425270473209e-02 -5.902747950825362744e-03 1.005019635578602522e+00
