8.366598527425251668e+05 3.917390291856739204e+05 2.133728259925331222e+05 1.146016356248554512e+05 5.434371149007192435e+04 1.810532281968833922e+04 6.716772316282198517e+03 1.959855239524851186e+03 3.601770520180060657e+02 3.309399090842752855e+01
3.917390291856739204e+05 3.112643687485701521e+05 1.260782857908713922e+05 6.775877580125303939e+04 3.308135958425220451e+04 1.070721389700536565e+04 4.316324646428083724e+03 1.213054177948119559e+03 2.209520950057572861e+02 8.431340259879277710e+00
2.133728259925331222e+05 1.260782857908713922e+05 1.113793930629797978e+05 3.714232834586052923e+04 1.785316692261341086e+04 5.735405486345256577e+03 2.239830637903399293e+03 7.847891513895633580e+02 9.023887010236376227e+01 1.643130962274148388e+01
1.146016356248554512e+05 6.775877580125303939e+04 3.714232834586052923e+04 3.856097389332695457e+04 1.118621990571358037e+04 3.541421731687537431e+03 1.345724258102509566e+03 4.453865296165252516e+02 4.209003488803922011e+01 -8.274478115509429799e+00
5.434371149007192435e+04 3.308135958425220451e+04 1.785316692261341086e+04 1.118621990571358037e+04 1.190978772293238944e+04 1.795644103691349528e+03 7.078698381209958370e+02 1.307485188858769334e+02 1.230387444900989813e+01 1.285877428471821915e+01
1.810532281968833922e+04 1.070721389700536565e+04 5.735405486345256577e+03 3.541421731687537431e+03 1.795644103691349528e+03 2.504955112763833313e+03 2.207168017892075795e+02 4.474492668150043073e+01 1.502347187702260278e+01 1.490190371512556400e-01
6.716772316282198517e+03 4.316324646428083724e+03 2.239830637903399293e+03 1.345724258102509566e+03 7.078698381209958370e+02 2.207168017892075795e+02 6.161839147368237946e+02 6.043114111848428394e+00 4.382336158332666542e+00 -9.803884023116196667e-02
1.959855239524851186e+03 1.213054177948119559e+03 7.847891513895633580e+02 4.453865296165252516e+02 1.307485188858769334e+02 4.474492668150043073e+01 6.043114111848428394e+00 1.161328885842195717e+02 1.415680852937910128e+00 -3.999984681431212330e-01
3.601770520180060657e+02 2.209520950057572861e+02 9.023887010236376227e+01 4.209003488803922011e+01 1.230387444900989813e+01 1.502347187702260278e+01 4.382336158332666542e+00 1.415680852937910128e+00 1.271955913159033358e+01 -5.098019692020173271e-02
3.309399090842752855e+01 8.431340259879277710e+00 1.643130962274148388e+01 -8.274478115509429799e+00 1.285877428471821915e+01 1.490190371512556400e-01 -9.803884023116196667e-02 -3.999984681431212330e-01 -5.098019692020173271e-02 1.999992340715606831e+00
