1.057814596700695110e+06 5.354016032292040763e+05 2.910347355798396165e+05 1.673807051078090735e+05 8.103529527265673096e+04 2.949840278657610543e+04 1.331317153922582474e+04 4.523329977264726040e+03 7.359069806637787678e+02 1.016870961762404448e+02 -1.230124911557390632e+01
5.354016032292040763e+05 4.341105050973658217e+05 1.784409919552685751e+05 1.035700476779936289e+05 4.768068665402604529e+04 1.909515369156214729e+04 7.578230580402369924e+03 2.752835657254663602e+03 5.278892041775106918e+02 1.296831357972155097e+01 -1.572956374299686821e+01
2.910347355798396165e+05 1.784409919552685751e+05 1.485151593155975279e+05 5.771613831172190839e+04 2.746998825132962156e+04 1.220669832176894306e+04 4.356630401069770414e+03 1.397032084258136592e+03 1.822666865197659831e+02 3.808009790099480796e+01 -1.234315382630392577e+01
1.673807051078090735e+05 1.035700476779936289e+05 5.771613831172190839e+04 6.006194876751779520e+04 1.658268190410143507e+04 6.685210276999495363e+03 3.076701658628006953e+03 1.111184860679519943e+03 2.035551346128509635e+02 1.718022807576467770e+01 -2.091504790004322345e+01
8.103529527265673096e+04 4.768068665402604529e+04 2.746998825132962156e+04 1.658268190410143507e+04 1.784044039516056728e+04 3.079970179279869171e+03 1.411126124362522205e+03 4.892452466087638072e+02 3.607377510230624296e+01 1.051675466633047762e+01 -1.878935256500775086e+00
2.949840278657610543e+04 1.909515369156214729e+04 1.220669832176894306e+04 6.685210276999495363e+03 3.079970179279869171e+03 4.804777681715765539e+03 4.852489423987392456e+02 1.499323011237109711e+02 3.082336511327600093e+01 8.411815498614597431e+00 1.795403587353664676e+00
1.331317153922582474e+04 7.578230580402369924e+03 4.356630401069770414e+03 3.076701658628006953e+03 1.411126124362522205e+03 4.852489423987392456e+02 1.253323855161765778e+03 3.989768166206768996e+01 1.926061250102582889e+01 3.658696278458783979e-01 1.219309225422610943e-01
4.523329977264726040e+03 2.752835657254663602e+03 1.397032084258136592e+03 1.111184860679519943e+03 4.892452466087638072e+02 1.499323011237109711e+02 3.989768166206768996e+01 2.442675379512070890e+02 2.536563785628109802e+00 -1.906624164472269511e-01 -3.989313369127786557e-01
7.359069806637787678e+02 5.278892041775106918e+02 1.822666865197659831e+02 2.035551346128509635e+02 3.607377510230624296e+01 3.082336511327600093e+01 1.926061250102582889e+01 2.536563785628109802e+00 3.596695552383693695e+01 -2.003964580008439356e-01 -6.678478654299524475e-02
1.016870961762404448e+02 1.296831357972155097e+01 3.808009790099480796e+01 1.718022807576467770e+01 1.051675466633047762e+01 8.411815498614597431e+00 3.658696278458783979e-01 -1.906624164472269511e-01 -2.003964580008439356e-01 2.998929025768547252e+00 -5.890567828030084802e-03
-1.230124911557390632e+01 -1.572956374299686821e+01 -1.234315382630392577e+01 -2.091504790004322345e+01 -1.878935256500775086e+00 1.795403587353664676e+00 1.219309225422610943e-01 -3.989313369127786557e-01 -6.678478654299524475e-02 -5.890567828030084802e-03 1.003149272080937848e+00
