1.263066405625059502e+06 6.712806055191948544e+05 3.905349436646109680e+05 2.243592180450643937e+05 1.194456482944340823e+05 5.401422730080647307e+04 1.966814043919759206e+04 7.019090068812392929e+03 1.785630941519798171e+03 2.720672806874570142e+02 4.746603610597508549e+01
6.712806055191948544e+05 5.547968034074925818e+05 2.522309470097821322e+05 1.478303477862508444e+05 7.650541320380552497e+04 3.357874669549404643e+04 1.175873665685026208e+04 4.289666164735528582e+03 1.327686232648529085e+03 1.937774759224462287e+02 7.444440699527160810e+00
3.905349436646109680e+05 2.522309470097821322e+05 2.097060193726158759e+05 8.521893732694665960e+04 4.378768630883241713e+04 2.143888155482724324e+04 7.734476039554239833e+03 2.810992763098675823e+03 6.616813423238930909e+02 9.943565990714594705e+01 9.304263954007598869e+00
2.243592180450643937e+05 1.478303477862508444e+05 8.521893732694665960e+04 8.192499159158741531e+04 2.567704245025447381e+04 1.230570539643123630e+04 4.647742842177468447e+03 1.819602824623899096e+03 4.222950416601677261e+02 4.927816916276427861e+01 -2.044587273194792498e+00
1.194456482944340823e+05 7.650541320380552497e+04 4.378768630883241713e+04 2.567704245025447381e+04 2.673834566872966388e+04 6.696630832321270645e+03 2.200285551885730456e+03 8.665296965615957561e+02 2.628903428262540842e+02 2.733766635041886417e+01 -7.364113757476338229e-01
5.401422730080647307e+04 3.357874669549404643e+04 2.143888155482724324e+04 1.230570539643123630e+04 6.696630832321270645e+03 8.492959937509567681e+03 1.247013711642166754e+03 4.377666568400928782e+02 9.829179385286644788e+01 2.515660747143236975e+01 4.871662960793895714e+00
1.966814043919759206e+04 1.175873665685026208e+04 7.734476039554239833e+03 4.647742842177468447e+03 2.200285551885730456e+03 1.247013711642166754e+03 2.121897586432897697e+03 1.373616086020571743e+02 3.258232234549954853e+01 -2.737409786547389867e+00 2.536661142046141126e+00
7.019090068812392929e+03 4.289666164735528582e+03 2.810992763098675823e+03 1.819602824623899096e+03 8.665296965615957561e+02 4.377666568400928782e+02 1.373616086020571743e+02 4.760932773758211169e+02 1.067178339754213390e+01 4.822087987434835021e+00 -4.965206917398840569e-01
1.785630941519798171e+03 1.327686232648529085e+03 6.616813423238930909e+02 4.222950416601677261e+02 2.628903428262540842e+02 9.829179385286644788e+01 3.258232234549954853e+01 1.067178339754213390e+01 8.293474223543886126e+01 9.001735130875196944e-01 -3.189210443583885835e-01
2.720672806874570142e+02 1.937774759224462287e+02 9.943565990714594705e+01 4.927816916276427861e+01 2.733766635041886417e+01 2.515660747143236975e+01 -2.737409786547389867e+00 4.822087987434835021e+00 9.001735130875196944e-01 8.974671544870147954e+00 -2.754451563626171898e-02
4.746603610597508549e+01 7.444440699527160810e+00 9.304263954007598869e+00 -2.044587273194792498e+00 -7.364113757476338229e-01 4.871662960793895714e+00 2.536661142046141126e+00 -4.965206917398840569e-01 -3.189210443583885835e-01 -2.754451563626171898e-02 2.005697388359372280e+00
