1.733126374969249358e+06 9.137982747855690541e+05 6.041815385488108732e+05 3.930894046087804018e+05 2.131409119613191870e+05 1.126078609701092209e+05 4.780687474215885595e+04 2.193314236204776898e+04 7.390854480682212852e+03 1.481571180070730179e+03 2.592080922010204063e+02
9.137982747855690541e+05 7.237130165218878537e+05 3.856594399523998727e+05 2.424176251955323387e+05 1.348080422563870670e+05 6.430414454613676935e+04 3.114717808423416136e+04 1.216134622562854747e+04 4.618371424380893586e+03 9.350944369843867889e+02 1.193390313379720453e+02
6.041815385488108732e+05 3.856594399523998727e+05 3.533122296443289961e+05 1.670720499674253806e+05 8.995908376143402711e+04 4.716201555195828405e+04 2.214253928290947442e+04 9.489923801829107106e+03 3.284896858971032543e+03 6.770561916860667679e+02 1.421957473799856757e+02
3.930894046087804018e+05 2.424176251955323387e+05 1.670720499674253806e+05 1.491654716140456730e+05 5.796497579398680682e+04 2.929754151374091452e+04 1.302791201557215754e+04 5.715022859205574605e+03 2.158006055124648810e+03 5.361275747741913165e+02 7.868180634167818255e+01
2.131409119613191870e+05 1.348080422563870670e+05 8.995908376143402711e+04 5.796497579398680682e+04 5.843671589935733937e+04 1.776521669782018216e+04 8.263445428755157991e+03 3.109007030848650629e+03 1.538778877652993970e+03 1.973958839106020378e+02 -7.002598851429476134e+00
1.126078609701092209e+05 6.430414454613676935e+04 4.716201555195828405e+04 2.929754151374091452e+04 1.776521669782018216e+04 1.890087805725726503e+04 4.262325825510247341e+03 1.748413414651093262e+03 8.231946558486520189e+02 1.378670542671195562e+02 1.918096029314499162e+01
4.780687474215885595e+04 3.114717808423416136e+04 2.214253928290947442e+04 1.302791201557215754e+04 8.263445428755157991e+03 4.262325825510247341e+03 5.881587426840637818e+03 8.641006286625272423e+02 2.768512817661378449e+02 1.166099549779933113e+02 1.944414552816329689e+01
2.193314236204776898e+04 1.216134622562854747e+04 9.489923801829107106e+03 5.715022859205574605e+03 3.109007030848650629e+03 1.748413414651093262e+03 8.641006286625272423e+02 1.818858714525784990e+03 1.194995053177857756e+02 3.215108859878880310e+01 2.593870176404394989e+00
7.390854480682212852e+03 4.618371424380893586e+03 3.284896858971032543e+03 2.158006055124648810e+03 1.538778877652993970e+03 8.231946558486520189e+02 2.768512817661378449e+02 1.194995053177857756e+02 3.600943016633381717e+02 3.614854191961205387e-01 8.798998656700296461e-01
1.481571180070730179e+03 9.350944369843867889e+02 6.770561916860667679e+02 5.361275747741913165e+02 1.973958839106020378e+02 1.378670542671195562e+02 1.166099549779933113e+02 3.215108859878880310e+01 3.614854191961205387e-01 6.108481686543310474e+01 -1.570736221790105039e-02
2.592080922010204063e+02 1.193390313379720453e+02 1.421957473799856757e+02 7.868180634167818255e+01 -7.002598851429476134e+00 1.918096029314499162e+01 1.944414552816329689e+01 2.593870176404394989e+00 8.798998656700296461e-01 -1.570736221790105039e-02 7.914364924633829901e+00
