1.909418531341876602e+06 1.065331848318746546e+06 6.850143416569090914e+05 4.669493884138638387e+05 2.891480541818609345e+05 1.534869561607833311e+05 7.662772476411703974e+04 3.243033640359701894e+04 1.305459601448299509e+04 3.090716229636439493e+03 4.403144648754949344e+02 -3.557116346962153131e+01
1.065331848318746546e+06 8.454455872345081298e+05 4.574984343277732842e+05 3.017224877292643650e+05 1.824412099227693980e+05 9.736711480980344641e+04 4.974467401164904732e+04 2.037770161529670804e+04 8.178897621381198405e+03 1.867655104824199270e+03 4.897035264303507915e+02 -3.314329965768861541e+01
6.850143416569090914e+05 4.574984343277732842e+05 3.971807016931755934e+05 2.009379164048790699e+05 1.231418814230652788e+05 6.428560350929075503e+04 3.093419943508021970e+04 1.469981396549582860e+04 5.040319356324071123e+03 1.413014973026215557e+03 3.502266400979140712e+02 -1.182273097878209356e+01
4.669493884138638387e+05 3.017224877292643650e+05 2.009379164048790699e+05 1.890003209823766083e+05 8.346959355928942387e+04 4.579751020626813261e+04 2.046744239728042885e+04 1.010558994112974869e+04 3.665406267385554202e+03 9.719717984465286236e+02 2.586780556567294411e+02 -2.734008251988250038e+01
2.891480541818609345e+05 1.824412099227693980e+05 1.231418814230652788e+05 8.346959355928942387e+04 8.084443584269189159e+04 2.826036379513530483e+04 1.466010704859171346e+04 6.325361746626776039e+03 2.468268579986593522e+03 6.956663692439155966e+02 1.565756958869191635e+02 -1.826469834953462268e+01
1.534869561607833311e+05 9.736711480980344641e+04 6.428560350929075503e+04 4.579751020626813261e+04 2.826036379513530483e+04 2.670412447583385801e+04 7.507911696489709357e+03 3.687902900859012789e+03 1.336434999798779245e+03 3.152017545509823435e+02 8.278294910367930015e+01 -1.028583766258008225e+01
7.662772476411703974e+04 4.974467401164904732e+04 3.093419943508021970e+04 2.046744239728042885e+04 1.466010704859171346e+04 7.507911696489709357e+03 1.013643456160878486e+04 1.848703978291743397e+03 7.954241309324568192e+02 1.949024791016725544e+02 7.249500900778485857e+01 -4.809226360815051393e+00
3.243033640359701894e+04 2.037770161529670804e+04 1.469981396549582860e+04 1.010558994112974869e+04 6.325361746626776039e+03 3.687902900859012789e+03 1.848703978291743397e+03 3.013276321840609853e+03 3.483565427278848574e+02 1.128188399203204852e+02 1.386126704487254457e+01 1.316372966013769519e+00
1.305459601448299509e+04 8.178897621381198405e+03 5.040319356324071123e+03 3.665406267385554202e+03 2.468268579986593522e+03 1.336434999798779245e+03 7.954241309324568192e+02 3.483565427278848574e+02 7.313629271074483995e+02 4.116109871282898780e+01 6.379221260592589537e+00 -1.413906914801804193e+00
3.090716229636439493e+03 1.867655104824199270e+03 1.413014973026215557e+03 9.719717984465286236e+02 6.956663692439155966e+02 3.152017545509823435e+02 1.949024791016725544e+02 1.128188399203204852e+02 4.116109871282898780e+01 1.501029541602748054e+02 -3.809005497535128959e-01 4.044024395054854892e-01
4.403144648754949344e+02 4.897035264303507915e+02 3.502266400979140712e+02 2.586780556567294411e+02 1.565756958869191635e+02 8.278294910367930015e+01 7.249500900778485857e+01 1.386126704487254457e+01 6.379221260592589537e+00 -3.809005497535128959e-01 1.946420004121785041e+01 -7.065440100349955344e-02
-3.557116346962153131e+01 -3.314329965768861541e+01 -1.182273097878209356e+01 -2.734008251988250038e+01 -1.826469834953462268e+01 -1.028583766258008225e+01 -4.809226360815051393e+00 1.316372966013769519e+00 -1.413906914801804193e+00 4.044024395054854892e-01 -7.065440100349955344e-02 2.001582829082416470e+00
