2.020289287580762990e+06 1.165951059533629334e+06 7.823785646032036748e+05 5.053306651935895206e+05 3.563341760163101135e+05 1.932622047637512151e+05 1.002517298211730231e+05 5.220925858606791007e+04 2.177252216752038294e+04 8.202535804185787129e+03 1.462981937675669087e+03 1.235789970553769166e+02
1.165951059533629334e+06 9.647589283735541394e+05 5.411344549840082182e+05 3.458801017684340477e+05 2.405624513568563852e+05 1.299691013298190810e+05 6.702486581920424942e+04 3.350637729745868273e+04 1.565470993922730122e+04 4.987686137360007706e+03 1.018252084699291686e+03 3.439360119349014155e+01
7.823785646032036748e+05 5.411344549840082182e+05 4.840645208844818990e+05 2.400975714456397109e+05 1.678236517036978330e+05 8.858045053774083499e+04 4.427149707655447128e+04 2.359207824960273865e+04 1.040116204933461631e+04 3.515168481158898885e+03 9.014680482248461431e+02 7.149075360508648203e+01
5.053306651935895206e+05 3.458801017684340477e+05 2.400975714456397109e+05 2.147746048853676184e+05 1.079290726021417795e+05 5.968025991918231011e+04 2.918358724082518893e+04 1.592221137598499627e+04 6.510656976241372831e+03 1.890913043120502380e+03 5.337570052814277233e+02 1.197226745302279483e+02
3.563341760163101135e+05 2.405624513568563852e+05 1.678236517036978330e+05 1.079290726021417795e+05 1.068878591289318720e+05 4.122398811103860498e+04 2.102769790113473573e+04 1.136747783229585912e+04 4.944308862438736469e+03 1.576863162738303799e+03 3.939543839886131877e+02 4.674798029781283049e+01
1.932622047637512151e+05 1.299691013298190810e+05 8.858045053774083499e+04 5.968025991918231011e+04 4.122398811103860498e+04 3.952704174581737607e+04 1.278825178649751251e+04 5.885126781657445463e+03 2.638373103382141380e+03 7.518244771787510672e+02 2.759645524940481209e+02 3.824788574921991824e+01
1.002517298211730231e+05 6.702486581920424942e+04 4.427149707655447128e+04 2.918358724082518893e+04 2.102769790113473573e+04 1.278825178649751251e+04 1.407561573931817293e+04 3.521614124867772716e+03 1.507508172315556521e+03 5.266583682331411183e+02 1.252805979665429135e+02 9.953614312882733017e+00
5.220925858606791007e+04 3.350637729745868273e+04 2.359207824960273865e+04 1.592221137598499627e+04 1.136747783229585912e+04 5.885126781657445463e+03 3.521614124867772716e+03 5.330317050760688289e+03 7.711173141576314265e+02 2.500371010133698917e+02 7.066483857395409984e+01 9.942300439245581600e+00
2.177252216752038294e+04 1.565470993922730122e+04 1.040116204933461631e+04 6.510656976241372831e+03 4.944308862438736469e+03 2.638373103382141380e+03 1.507508172315556521e+03 7.711173141576314265e+02 1.547635343005832510e+03 1.244189718628615822e+02 3.276148992969378781e+01 1.037482160311357937e+01
8.202535804185787129e+03 4.987686137360007706e+03 3.515168481158898885e+03 1.890913043120502380e+03 1.576863162738303799e+03 7.518244771787510672e+02 5.266583682331411183e+02 2.500371010133698917e+02 1.244189718628615822e+02 3.730195443222631297e+02 8.573715670339854711e+00 8.967962901982035051e-01
1.462981937675669087e+03 1.018252084699291686e+03 9.014680482248461431e+02 5.337570052814277233e+02 3.939543839886131877e+02 2.759645524940481209e+02 1.252805979665429135e+02 7.066483857395409984e+01 3.276148992969378781e+01 8.573715670339854711e+00 5.266176899192558380e+01 1.572613383392887088e-01
1.235789970553769166e+02 3.439360119349014155e+01 7.149075360508648203e+01 1.197226745302279483e+02 4.674798029781283049e+01 3.824788574921991824e+01 9.953614312882733017e+00 9.942300439245581600e+00 1.037482160311357937e+01 8.967962901982035051e-01 1.572613383392887088e-01 7.923181654811187968e+00
