2.057574324746848317e+06 1.219869593336405931e+06 8.001695247936836677e+05 5.370585623014129233e+05 3.420567585410284228e+05 2.217167574445942882e+05 1.302470543213894125e+05 6.041587265624995780e+04 3.366031832671722805e+04 1.015422759763576323e+04 2.352396937809983683e+03 8.711889343978623401e+02 7.105235471806041403e+01 0.000000000000000000e+00 0.000000000000000000e+00 0.000000000000000000e+00 0.000000000000000000e+00 0.000000000000000000e+00 0.000000000000000000e+00 0.000000000000000000e+00
1.219869593336405931e+06 1.078564025644711684e+06 5.838498829035231611e+05 3.855973530428659869e+05 2.572328605516123935e+05 1.575973713919580041e+05 9.456125460774471867e+04 4.602955553618696285e+04 2.262733132999956433e+04 6.669241859931757062e+03 1.428887090307030348e+03 5.831567656499025816e+02 4.319346627892210932e+01 0.000000000000000000e+00 0.000000000000000000e+00 0.000000000000000000e+00 0.000000000000000000e+00 0.000000000000000000e+00 0.000000000000000000e+00 0.000000000000000000e+00
8.001695247936836677e+05 5.838498829035231611e+05 4.904897140574982041e+05 2.491885340472701646e+05 1.698626047027981840e+05 1.032325357786741952e+05 6.305428718431128073e+04 2.963061125997940326e+04 1.452901269652934570e+04 4.424163573423726120e+03 1.029235686535593459e+03 2.720403137738147166e+02 3.631673851164033096e+01 0.000000000000000000e+00 0.000000000000000000e+00 0.000000000000000000e+00 0.000000000000000000e+00 0.000000000000000000e+00 0.000000000000000000e+00 0.000000000000000000e+00
5.370585623014129233e+05 3.855973530428659869e+05 2.491885340472701646e+05 2.382079771430972905e+05 1.075690922590146365e+05 7.054695350730822247e+04 4.112566527631838107e+04 2.006517721828426511e+04 1.015550217755467929e+04 3.625536816446722241e+03 7.851102818682182942e+02 2.486160108686050023e+02 3.779038422162529542e+01 0.000000000000000000e+00 0.000000000000000000e+00 0.000000000000000000e+00 0.000000000000000000e+00 0.000000000000000000e+00 0.000000000000000000e+00 0.000000000000000000e+00
3.420567585410284228e+05 2.572328605516123935e+05 1.698626047027981840e+05 1.075690922590146365e+05 1.127877905429959064e+05 4.596094171861770155e+04 2.772274649373110515e+04 1.373686436597205466e+04 6.835166615878976700e+03 1.817143083274849232e+03 3.551729608061247063e+02 1.298715385007955945e+02 2.063180101866872818e+01 0.000000000000000000e+00 0.000000000000000000e+00 0.000000000000000000e+00 0.000000000000000000e+00 0.000000000000000000e+00 0.000000000000000000e+00 0.000000000000000000e+00
2.217167574445942882e+05 1.575973713919580041e+05 1.032325357786741952e+05 7.054695350730822247e+04 4.596094171861770155e+04 4.948901283037872781e+04 1.804452884928560161e+04 9.115625310426652504e+03 4.919721827600521465e+03 1.295535308026301891e+03 3.003441608721473131e+02 3.728471184152777340e+01 1.372876098435107650e+01 0.000000000000000000e+00 0.000000000000000000e+00 0.000000000000000000e+00 0.000000000000000000e+00 0.000000000000000000e+00 0.000000000000000000e+00 0.000000000000000000e+00
1.302470543213894125e+05 9.456125460774471867e+04 6.305428718431128073e+04 4.112566527631838107e+04 2.772274649373110515e+04 1.804452884928560161e+04 1.979208854794456420e+04 4.889559520245266867e+03 2.465677344065948091e+03 8.817775606406821680e+02 2.602948509620369464e+02 7.733906251972425139e+01 1.051984704404207172e+01 0.000000000000000000e+00 0.000000000000000000e+00 0.000000000000000000e+00 0.000000000000000000e+00 0.000000000000000000e+00 0.000000000000000000e+00 0.000000000000000000e+00
6.041587265624995780e+04 4.602955553618696285e+04 2.963061125997940326e+04 2.006517721828426511e+04 1.373686436597205466e+04 9.115625310426652504e+03 4.889559520245266867e+03 6.631227601100845277e+03 1.317197297814259628e+03 4.417847193656900799e+02 1.234359517827649029e+02 3.391868115692957986e+01 -5.147123486511151480e-01 0.000000000000000000e+00 0.000000000000000000e+00 0.000000000000000000e+00 0.000000000000000000e+00 0.000000000000000000e+00 0.000000000000000000e+00 0.000000000000000000e+00
3.366031832671722805e+04 2.262733132999956433e+04 1.452901269652934570e+04 1.015550217755467929e+04 6.835166615878976700e+03 4.919721827600521465e+03 2.465677344065948091e+03 1.317197297814259628e+03 2.269915309840364444e+03 2.183523695951804484e+02 8.962410015798168672e+01 1.992006186762394293e+01 -2.591917296439680274e-01 0.000000000000000000e+00 0.000000000000000000e+00 0.000000000000000000e+00 0.000000000000000000e+00 0.000000000000000000e+00 0.000000000000000000e+00 0.000000000000000000e+00
1.015422759763576323e+04 6.669241859931757062e+03 4.424163573423726120e+03 3.625536816446722241e+03 1.817143083274849232e+03 1.295535308026301891e+03 8.817775606406821680e+02 4.417847193656900799e+02 2.183523695951804484e+02 6.006657153810477894e+02 3.257644484311123989e+01 -9.893765717155981188e-01 8.440444285969547766e-02 0.000000000000000000e+00 0.000000000000000000e+00 0.000000000000000000e+00 0.000000000000000000e+00 0.000000000000000000e+00 0.000000000000000000e+00 0.000000000000000000e+00
2.352396937809983683e+03 1.428887090307030348e+03 1.029235686535593459e+03 7.851102818682182942e+02 3.551729608061247063e+02 3.003441608721473131e+02 2.602948509620369464e+02 1.234359517827649029e+02 8.962410015798168672e+01 3.257644484311123989e+01 1.140695735190103477e+02 7.536355171578271728e-01 -2.197930330569883850e-01 0.000000000000000000e+00 0.000000000000000000e+00 0.000000000000000000e+00 0.000000000000000000e+00 0.000000000000000000e+00 0.000000000000000000e+00 0.000000000000000000e+00
8.711889343978623401e+02 5.831567656499025816e+02 2.720403137738147166e+02 2.486160108686050023e+02 1.298715385007955945e+02 3.728471184152777340e+01 7.733906251972425139e+01 3.391868115692957986e+01 1.992006186762394293e+01 -9.893765717155981188e-01 7.536355171578271728e-01 3.302873903659995847e+01 -4.709049754560861584e-02 0.000000000000000000e+00 0.000000000000000000e+00 0.000000000000000000e+00 0.000000000000000000e+00 0.000000000000000000e+00 0.000000000000000000e+00 0.000000000000000000e+00
7.105235471806041403e+01 4.319346627892210932e+01 3.631673851164033096e+01 3.779038422162529542e+01 2.063180101866872818e+01 1.372876098435107650e+01 1.051984704404207172e+01 -5.147123486511151480e-01 -2.591917296439680274e-01 8.440444285969547766e-02 -2.197930330569883850e-01 -4.709049754560861584e-02 1.002556146186441621e+00 0.000000000000000000e+00 0.000000000000000000e+00 0.000000000000000000e+00 0.000000000000000000e+00 0.000000000000000000e+00 0.000000000000000000e+00 0.000000000000000000e+00
0.000000000000000000e+00 0.000000000000000000e+00 0.000000000000000000e+00 0.000000000000000000e+00 0.000000000000000000e+00 0.000000000000000000e+00 0.000000000000000000e+00 0.000000000000000000e+00 0.000000000000000000e+00 0.000000000000000000e+00 0.000000000000000000e+00 0.000000000000000000e+00 0.000000000000000000e+00 0.000000000000000000e+00 0.000000000000000000e+00 0.000000000000000000e+00 0.000000000000000000e+00 0.000000000000000000e+00 0.000000000000000000e+00 0.000000000000000000e+00
0.000000000000000000e+00 0.000000000000000000e+00 0.000000000000000000e+00 0.000000000000000000e+00 0.000000000000000000e+00 0.000000000000000000e+00 0.000000000000000000e+00 0.000000000000000000e+00 0.000000000000000000e+00 0.000000000000000000e+00 0.000000000000000000e+00 0.000000000000000000e+00 0.000000000000000000e+00 0.000000000000000000e+00 0.000000000000000000e+00 0.000000000000000000e+00 0.000000000000000000e+00 0.000000000000000000e+00 0.000000000000000000e+00 0.000000000000000000e+00
0.000000000000000000e+00 0.000000000000000000e+00 0.000000000000000000e+00 0.000000000000000000e+00 0.000000000000000000e+00 0.000000000000000000e+00 0.000000000000000000e+00 0.000000000000000000e+00 0.000000000000000000e+00 0.000000000000000000e+00 0.000000000000000000e+00 0.000000000000000000e+00 0.000000000000000000e+00 0.000000000000000000e+00 0.000000000000000000e+00 0.000000000000000000e+00 0.000000000000000000e+00 0.000000000000000000e+00 0.000000000000000000e+00 0.000000000000000000e+00
0.000000000000000000e+00 0.000000000000000000e+00 0.000000000000000000e+00 0.000000000000000000e+00 0.000000000000000000e+00 0.000000000000000000e+00 0.000000000000000000e+00 0.000000000000000000e+00 0.000000000000000000e+00 0.000000000000000000e+00 0.000000000000000000e+00 0.000000000000000000e+00 0.000000000000000000e+00 0.000000000000000000e+00 0.000000000000000000e+00 0.000000000000000000e+00 0.000000000000000000e+00 0.000000000000000000e+00 0.000000000000000000e+00 0.000000000000000000e+00
0.000000000000000000e+00 0.000000000000000000e+00 0.000000000000000000e+00 0.000000000000000000e+00 0.000000000000000000e+00 0.000000000000000000e+00 0.000000000000000000e+00 0.000000000000000000e+00 0.000000000000000000e+00 0.000000000000000000e+00 0.000000000000000000e+00 0.000000000000000000e+00 0.000000000000000000e+00 0.000000000000000000e+00 0.000000000000000000e+00 0.000000000000000000e+00 0.000000000000000000e+00 0.000000000000000000e+00 0.000000000000000000e+00 0.000000000000000000e+00
0.000000000000000000e+00 0.000000000000000000e+00 0.000000000000000000e+00 0.000000000000000000e+00 0.000000000000000000e+00 0.000000000000000000e+00 0.000000000000000000e+00 0.000000000000000000e+00 0.000000000000000000e+00 0.000000000000000000e+00 0.000000000000000000e+00 0.000000000000000000e+00 0.000000000000000000e+00 0.000000000000000000e+00 0.000000000000000000e+00 0.000000000000000000e+00 0.000000000000000000e+00 0.000000000000000000e+00 0.000000000000000000e+00 0.000000000000000000e+00
0.000000000000000000e+00 0.000000000000000000e+00 0.000000000000000000e+00 0.000000000000000000e+00 0.000000000000000000e+00 0.000000000000000000e+00 0.000000000000000000e+00 0.000000000000000000e+00 0.000000000000000000e+00 0.000000000000000000e+00 0.000000000000000000e+00 0.000000000000000000e+00 0.000000000000000000e+00 0.000000000000000000e+00 0.000000000000000000e+00 0.000000000000000000e+00 0.000000000000000000e+00 0.000000000000000000e+00 0.000000000000000000e+00 0.000000000000000000e+00
