1.888322565133712720e+06 1.051498517360379221e+06 7.368370819145941641e+05 4.861056813072172808e+05 3.402278698964256328e+05 2.084984412534855946e+05 1.120189751709011762e+05 5.789284341176127054e+04 2.343783378421423186e+04 9.374991243165102787e+03 2.963131305187550879e+03 1.203442673814993356e+02 1.096380858526546973e+02
1.051498517360379221e+06 9.035859898786471458e+05 4.916436173413484939e+05 3.333538923216025578e+05 2.229371565822844859e+05 1.412515608221494476e+05 7.939841572829960205e+04 3.938186687573904783e+04 1.674457105735039659e+04 7.196541904453717507e+03 1.940824926569911895e+03 -6.386042583219059310e+01 9.244793628104201133e+00
7.368370819145941641e+05 4.916436173413484939e+05 4.522547014483390958e+05 2.318483115799413354e+05 1.552970679291042907e+05 1.020161281903197232e+05 5.452601497316094174e+04 2.823877175933499166e+04 1.102553994452316874e+04 4.624524957650279248e+03 1.230788969042703457e+03 1.209294235224220238e+01 3.366716617085675978e+01
4.861056813072172808e+05 3.333538923216025578e+05 2.318483115799413354e+05 2.161711375833517232e+05 1.026684492833073891e+05 7.001078125640045619e+04 3.692356546218716539e+04 1.885364234704824048e+04 8.209900031135641257e+03 3.147056056466674363e+03 9.838007909446357644e+02 7.366015321208030286e+01 2.998554857929899065e+00
3.402278698964256328e+05 2.229371565822844859e+05 1.552970679291042907e+05 1.026684492833073891e+05 1.066405886325778119e+05 4.462030595475839800e+04 2.611347705058515567e+04 1.291948812997098139e+04 5.459783038577448679e+03 2.388013540256972192e+03 6.435343694581069940e+02 8.716796894126700579e+01 1.945005052394373379e+01
2.084984412534855946e+05 1.412515608221494476e+05 1.020161281903197232e+05 7.001078125640045619e+04 4.462030595475839800e+04 4.918289861356650363e+04 1.778689929472111180e+04 8.115256932233903171e+03 3.478037251174409448e+03 1.568085710133220118e+03 3.606032714158770318e+02 2.596540785809592222e+01 8.013932495335708950e+00
1.120189751709011762e+05 7.939841572829960205e+04 5.452601497316094174e+04 3.692356546218716539e+04 2.611347705058515567e+04 1.778689929472111180e+04 1.983609427204474559e+04 4.600711109887831299e+03 2.347419732771974395e+03 9.372610211113275227e+02 2.632673412455630455e+02 3.326810120352134525e+00 1.254300912984281169e+01
5.789284341176127054e+04 3.938186687573904783e+04 2.823877175933499166e+04 1.885364234704824048e+04 1.291948812997098139e+04 8.115256932233903171e+03 4.600711109887831299e+03 6.817561289300916542e+03 9.676295761901380956e+02 3.915103597078969528e+02 1.406940229311545352e+02 -8.259916536018810262e+00 -2.436060338800702940e-01
2.343783378421423186e+04 1.674457105735039659e+04 1.102553994452316874e+04 8.209900031135641257e+03 5.459783038577448679e+03 3.478037251174409448e+03 2.347419732771974395e+03 9.676295761901380956e+02 1.966870747069969639e+03 2.817032702484950732e+02 3.916175654627694058e+01 2.521503216381266288e+00 -9.032453590965821011e-01
9.374991243165102787e+03 7.196541904453717507e+03 4.624524957650279248e+03 3.147056056466674363e+03 2.388013540256972192e+03 1.568085710133220118e+03 9.372610211113275227e+02 3.915103597078969528e+02 2.817032702484950732e+02 5.363830505793350767e+02 3.745166854001810464e+01 3.148818931763213591e+00 2.237698545996519517e+00
2.963131305187550879e+03 1.940824926569911895e+03 1.230788969042703457e+03 9.838007909446357644e+02 6.435343694581069940e+02 3.606032714158770318e+02 2.632673412455630455e+02 1.406940229311545352e+02 3.916175654627694058e+01 3.745166854001810464e+01 1.128340266043267661e+02 4.737858431962740369e+00 5.455606201068884387e-01
1.203442673814993356e+02 -6.386042583219059310e+01 1.209294235224220238e+01 7.366015321208030286e+01 8.716796894126700579e+01 2.596540785809592222e+01 3.326810120352134525e+00 -8.259916536018810262e+00 2.521503216381266288e+00 3.148818931763213591e+00 4.737858431962740369e+00 1.185995935990282035e+01 -3.924118785338806537e-02
1.096380858526546973e+02 9.244793628104201133e+00 3.366716617085675978e+01 2.998554857929899065e+00 1.945005052394373379e+01 8.013932495335708950e+00 1.254300912984281169e+01 -2.436060338800702940e-01 -9.032453590965821011e-01 2.237698545996519517e+00 5.455606201068884387e-01 -3.924118785338806537e-02 2.001085871855833975e+00
