1.781189491308767814e+06 9.746132979721004376e+05 6.945305056733789388e+05 4.319436995718213730e+05 2.926029272705175099e+05 1.608929679827452637e+05 8.048868741202687670e+04 3.470884457951323566e+04 1.861416470813649721e+04 5.051543846683046468e+03 2.964213101530868926e+02 2.126000734914473966e+01 1.705525311641719455e+01
9.746132979721004376e+05 7.906364440040605841e+05 4.492499668735972955e+05 2.944162569802174694e+05 1.894520262058402004e+05 1.099450554875148810e+05 5.643540308034500049e+04 2.330484131338148654e+04 1.235415470356745755e+04 3.603139573546438896e+03 3.137051421426164097e+02 -2.652968504603144240e+01 1.096848517522739108e+01
6.945305056733789388e+05 4.492499668735972955e+05 4.122275908331155661e+05 2.025951950681764283e+05 1.348071029513645917e+05 7.971358763527256087e+04 3.750949829115267494e+04 1.638533450885150160e+04 8.802810658432554192e+03 2.037659248235989025e+03 2.670262235488756346e+02 -2.663158105193344838e+00 -6.664847391964096701e+00
4.319436995718213730e+05 2.944162569802174694e+05 2.025951950681764283e+05 1.819444358479505754e+05 8.698982480154604127e+04 4.956161908909799240e+04 2.464698957615641848e+04 1.091754889324153555e+04 6.104882278688967745e+03 1.978693669328776423e+03 1.700113952526479011e+02 2.742701458683667326e+00 1.591159869917788461e+00
2.926029272705175099e+05 1.894520262058402004e+05 1.348071029513645917e+05 8.698982480154604127e+04 8.745508074925646360e+04 3.358895258874337742e+04 1.889386395778617589e+04 7.317874774038370560e+03 3.299380607179642539e+03 1.109129056570001239e+03 1.051161746411697919e+02 6.857663607647047854e+00 6.337220693496023571e+00
1.608929679827452637e+05 1.099450554875148810e+05 7.971358763527256087e+04 4.956161908909799240e+04 3.358895258874337742e+04 3.573209627936131437e+04 1.026163704373470318e+04 4.130846294207925894e+03 2.582472761932303911e+03 6.238095650637733343e+02 6.805752873049031848e+01 8.858264865225216056e+00 5.984682360724749017e+00
8.048868741202687670e+04 5.643540308034500049e+04 3.750949829115267494e+04 2.464698957615641848e+04 1.889386395778617589e+04 1.026163704373470318e+04 1.252586763379338845e+04 2.648495513518490043e+03 1.227209842117687231e+03 3.529047277667851290e+02 1.120529565330335053e+01 7.462338553752056569e+00 3.832560643693968316e+00
3.470884457951323566e+04 2.330484131338148654e+04 1.638533450885150160e+04 1.091754889324153555e+04 7.317874774038370560e+03 4.130846294207925894e+03 2.648495513518490043e+03 3.544899315146644767e+03 4.835867413741693781e+02 1.095501359630341085e+02 2.841464521094372486e+01 3.112310376816247448e-01 2.792357368637474746e+00
1.861416470813649721e+04 1.235415470356745755e+04 8.802810658432554192e+03 6.104882278688967745e+03 3.299380607179642539e+03 2.582472761932303911e+03 1.227209842117687231e+03 4.835867413741693781e+02 1.221517307291346469e+03 8.194536266051136408e+01 1.010787937202868747e+01 -2.131481065626024574e+00 -7.102793338022206360e-01
5.051543846683046468e+03 3.603139573546438896e+03 2.037659248235989025e+03 1.978693669328776423e+03 1.109129056570001239e+03 6.238095650637733343e+02 3.529047277667851290e+02 1.095501359630341085e+02 8.194536266051136408e+01 2.718792782882815686e+02 3.758032257260631948e+00 1.575464018101365937e+00 1.531730586587044751e+00
2.964213101530868926e+02 3.137051421426164097e+02 2.670262235488756346e+02 1.700113952526479011e+02 1.051161746411697919e+02 6.805752873049031848e+01 1.120529565330335053e+01 2.841464521094372486e+01 1.010787937202868747e+01 3.758032257260631948e+00 3.397619847446696184e+01 -2.005305743682311570e-01 -6.682335821144667898e-02
2.126000734914473966e+01 -2.652968504603144240e+01 -2.663158105193344838e+00 2.742701458683667326e+00 6.857663607647047854e+00 8.858264865225216056e+00 7.462338553752056569e+00 3.112310376816247448e-01 -2.131481065626024574e+00 1.575464018101365937e+00 -2.005305743682311570e-01 3.001015920881173304e+00 -5.894126757312367730e-03
1.705525311641719455e+01 1.096848517522739108e+01 -6.664847391964096701e+00 1.591159869917788461e+00 6.337220693496023571e+00 5.984682360724749017e+00 3.832560643693968316e+00 2.792357368637474746e+00 -7.102793338022206360e-01 1.531730586587044751e+00 -6.682335821144667898e-02 -5.894126757312367730e-03 1.003663362746479937e+00
