9.446713435053393187e+04 2.628027222761833036e+04 9.523227242690803905e+03 2.140285304295734932e+03 5.724135251731414655e+02 6.162752187998819409e+01 -5.072112758989224979e+00
2.628027222761833036e+04 2.452425234256060867e+04 4.936306714964143794e+03 1.084882160464859680e+03 2.546361527493226049e+02 6.904566221786318181e+01 6.515180036706614608e+00
9.523227242690803905e+03 4.936306714964143794e+03 5.929174957541877120e+03 6.751352309754643102e+02 9.949818362191606980e+01 2.289287661440316413e+01 4.649208784715990750e-01
2.140285304295734932e+03 1.084882160464859680e+03 6.751352309754643102e+02 1.109686736608946603e+03 2.107210073050025656e+01 -4.123255587277601109e-01 -1.639913207726211519e+00
5.724135251731414655e+02 2.546361527493226049e+02 9.949818362191606980e+01 2.107210073050025656e+01 1.966409288309186820e+02 -1.028497012751299788e+00 -6.758330136637468177e-01
6.162752187998819409e+01 6.904566221786318181e+01 2.289287661440316413e+01 -4.123255587277601109e-01 -1.028497012751299788e+00 2.313017536842274779e+01 -9.471149782602457379e-02
-5.072112758989224979e+00 6.515180036706614608e+00 4.649208784715990750e-01 -1.639913207726211519e+00 -6.758330136637468177e-01 -9.471149782602457379e-02 2.010829486080113249e+00
