1.179928403218038846e+06 6.310182814899726072e+05 4.050581646716638934e+05 2.337234248176562251e+05 1.208062869031718874e+05 5.573117046017364919e+04 2.353552760946312992e+04 5.953927524663645272e+03 2.217276082298074471e+03 1.685223790302466682e+02 6.211688942566044425e+00
6.310182814899726072e+05 5.286275353218723321e+05 2.557138785857682233e+05 1.502959065700705396e+05 8.236660738462128211e+04 3.641101172789831617e+04 1.599410890168885635e+04 3.938751781654480965e+03 1.687138427884539624e+03 2.332739107834073025e+02 2.157143179491366425e+01
4.050581646716638934e+05 2.557138785857682233e+05 2.218583114311317622e+05 9.401936674220061104e+04 5.141290308985654701e+04 2.331382673402209184e+04 1.043817730001131349e+04 3.028265205316194169e+03 8.907581507120154356e+02 1.073747745981943780e+02 2.227976384685056743e+01
2.337234248176562251e+05 1.502959065700705396e+05 9.401936674220061104e+04 8.005715099228508188e+04 3.014627723680467170e+04 1.365435322335337150e+04 6.231054202208890274e+03 1.528519713684225735e+03 6.227115025698975614e+02 1.145910800302800538e+02 2.298166837052539790e+01
1.208062869031718874e+05 8.236660738462128211e+04 5.141290308985654701e+04 3.014627723680467170e+04 3.156618792455259245e+04 7.873745295071951659e+03 3.369262323840461704e+03 1.021899709870057677e+03 3.329494735188723098e+02 3.087281963554897501e+01 8.058772516010188625e+00
5.573117046017364919e+04 3.641101172789831617e+04 2.331382673402209184e+04 1.365435322335337150e+04 7.873745295071951659e+03 9.277069973623349142e+03 1.318882747853679803e+03 5.516253168331500092e+02 1.426896793184180012e+02 1.446961387090774842e+01 2.418578245899347667e+00
2.353552760946312992e+04 1.599410890168885635e+04 1.043817730001131349e+04 6.231054202208890274e+03 3.369262323840461704e+03 1.318882747853679803e+03 2.506695488377610218e+03 1.639303653972548318e+02 3.603667518052909458e+01 8.719831881900002912e+00 1.527060433343455204e+00
5.953927524663645272e+03 3.938751781654480965e+03 3.028265205316194169e+03 1.528519713684225735e+03 1.021899709870057677e+03 5.516253168331500092e+02 1.639303653972548318e+02 6.226950805932820003e+02 2.361370844860007168e+01 3.071445795526477340e+00 1.012911226486593819e+00
2.217276082298074471e+03 1.687138427884539624e+03 8.907581507120154356e+02 6.227115025698975614e+02 3.329494735188723098e+02 1.426896793184180012e+02 3.603667518052909458e+01 2.361370844860007168e+01 1.035677851912755756e+02 2.940864308013141581e+00 -1.909940230520194571e-01
1.685223790302466682e+02 2.332739107834073025e+02 1.073747745981943780e+02 1.145910800302800538e+02 3.087281963554897501e+01 1.446961387090774842e+01 8.719831881900002912e+00 3.071445795526477340e+00 2.940864308013141581e+00 1.286370661044252728e+01 -2.164442650614431876e-02
6.211688942566044425e+00 2.157143179491366425e+01 2.227976384685056743e+01 2.298166837052539790e+01 8.058772516010188625e+00 2.418578245899347667e+00 1.527060433343455204e+00 1.012911226486593819e+00 -1.909940230520194571e-01 -2.164442650614431876e-02 1.005095113919847849e+00
