1.119525718482927885e+06 6.027197408098705346e+05 3.888168090042315307e+05 2.251843003664823482e+05 1.167109138215558341e+05 5.395303259408573649e+04 2.281944594268486981e+04 5.779519042895417442e+03 2.154111358335693694e+03 1.638327059102586531e+02 6.041153335050881701e+00
6.027197408098705346e+05 5.082978945700705517e+05 2.471024183884335798e+05 1.457733299734741449e+05 8.010657557225195342e+04 3.548505626127971482e+04 1.561119903799582789e+04 3.848946044171643734e+03 1.650038778957098884e+03 2.282991256927296035e+02 2.111952696259183426e+01
3.888168090042315307e+05 2.471024183884335798e+05 2.154530101830063504e+05 9.164365687937254552e+04 5.025083500752238615e+04 2.283392039705780917e+04 1.023894118052525664e+04 2.973933708893486255e+03 8.755025294786458971e+02 1.056074386969995800e+02 2.192148467568612702e+01
2.251843003664823482e+05 1.457733299734741449e+05 9.164365687937254552e+04 7.832374514496665506e+04 2.957420438800234479e+04 1.342289761451624508e+04 6.134796113678932670e+03 1.506664818225989393e+03 6.143172552188274267e+02 1.131230961891198490e+02 2.269599151351224364e+01
1.167109138215558341e+05 8.010657557225195342e+04 5.025083500752238615e+04 2.957420438800234479e+04 3.105185755262709426e+04 7.761444786133775779e+03 3.326285300684282902e+03 1.010043190704658059e+03 3.293595229797585944e+02 3.056066727685545104e+01 7.980361594815970072e+00
5.395303259408573649e+04 3.548505626127971482e+04 2.283392039705780917e+04 1.342289761451624508e+04 7.761444786133775779e+03 9.163635494656546143e+03 1.304747944439627645e+03 5.463508488402167131e+02 1.414425955782980395e+02 1.435288620984336205e+01 2.399990808858956548e+00
2.281944594268486981e+04 1.561119903799582789e+04 1.023894118052525664e+04 6.134796113678932670e+03 3.326285300684282902e+03 1.304747944439627645e+03 2.483621861129526678e+03 1.626111419610085136e+02 3.577633357715413354e+01 8.662711922825039323e+00 1.517641246778229203e+00
5.779519042895417442e+03 3.848946044171643734e+03 2.973933708893486255e+03 1.506664818225989393e+03 1.010043190704658059e+03 5.463508488402167131e+02 1.626111419610085136e+02 6.184054748564815327e+02 2.347049835133910278e+01 3.054890261602881907e+00 1.007839277576287218e+00
2.154111358335693694e+03 1.650038778957098884e+03 8.755025294786458971e+02 6.143172552188274267e+02 3.293595229797585944e+02 1.414425955782980395e+02 3.577633357715413354e+01 2.347049835133910278e+01 1.030250956453138684e+02 2.927439769302353945e+00 -1.901953500484449278e-01
1.638327059102586531e+02 2.282991256927296035e+02 1.056074386969995800e+02 1.131230961891198490e+02 3.056066727685545104e+01 1.435288620984336205e+01 8.662711922825039323e+00 3.054890261602881907e+00 2.927439769302353945e+00 1.281367641821224446e+01 -2.156854485085457282e-02
6.041153335050881701e+00 2.111952696259183426e+01 2.192148467568612702e+01 2.269599151351224364e+01 7.980361594815970072e+00 2.399990808858956548e+00 1.517641246778229203e+00 1.007839277576287218e+00 -1.901953500484449278e-01 -2.156854485085457282e-02 1.001956947162427669e+00
