1.574982929045532364e+06 8.363195665664515691e+05 5.996324066300473642e+05 3.665791541220841464e+05 2.282866721140058653e+05 1.206204482963729533e+05 5.143353383008935634e+04 2.471587292469269960e+04 1.013115261712029496e+04 1.554624691249469834e+03 2.340070430889818454e+02 1.585801718257757642e+01
8.363195665664515691e+05 6.921717195465133991e+05 3.798446204987316160e+05 2.449933902848712169e+05 1.509648768490713264e+05 7.791452214538340922e+04 3.626312267881483422e+04 1.725780232160568266e+04 6.508082654632880804e+03 5.997589869572376529e+02 8.125299778878634527e+01 1.546952709732097642e+00
5.996324066300473642e+05 3.798446204987316160e+05 3.460192181914722314e+05 1.662996773711229907e+05 1.066746734736218787e+05 5.494383541491426877e+04 2.451490595961114741e+04 1.104552642288525021e+04 4.912116757158754808e+03 6.971983619237769290e+02 1.152710796862684504e+02 5.350824687663644635e-02
3.665791541220841464e+05 2.449933902848712169e+05 1.662996773711229907e+05 1.480032191252899356e+05 6.528915478378121043e+04 3.567368422694221226e+04 1.668613721813972734e+04 7.191039707218013973e+03 3.205585059448438187e+03 4.114181123780635971e+02 7.739107970662546165e+01 1.301104363983883516e+01
2.282866721140058653e+05 1.509648768490713264e+05 1.066746734736218787e+05 6.528915478378121043e+04 6.554865890808790573e+04 2.246327339757651498e+04 1.024361625616815945e+04 4.415081581063314843e+03 1.919211895509824217e+03 3.178867265480294009e+02 1.713949644042278919e+01 6.053644536134388687e+00
1.206204482963729533e+05 7.791452214538340922e+04 5.494383541491426877e+04 3.567368422694221226e+04 2.246327339757651498e+04 2.362311722246479621e+04 6.000620639133398072e+03 2.526907400601987320e+03 1.206690114138522858e+03 1.612369715976585098e+02 3.296537585432874806e+01 6.477530747613424289e+00
5.143353383008935634e+04 3.626312267881483422e+04 2.451490595961114741e+04 1.668613721813972734e+04 1.024361625616815945e+04 6.000620639133398072e+03 7.905876641059745452e+03 1.160910556085515509e+03 5.469236238710465159e+02 6.985350684083911688e+01 1.215950633368657208e+01 2.935521229780092778e+00
2.471587292469269960e+04 1.725780232160568266e+04 1.104552642288525021e+04 7.191039707218013973e+03 4.415081581063314843e+03 2.526907400601987320e+03 1.160910556085515509e+03 1.980507758827621956e+03 2.907293193660752308e+02 1.362399448294627824e+01 7.174832695070342936e+00 8.350213825003547363e-01
1.013115261712029496e+04 6.508082654632880804e+03 4.912116757158754808e+03 3.205585059448438187e+03 1.919211895509824217e+03 1.206690114138522858e+03 5.469236238710465159e+02 2.907293193660752308e+02 6.115411236418127601e+02 2.820870032825176921e+01 -3.288031482176078768e+00 1.072214996694558220e+00
1.554624691249469834e+03 5.997589869572376529e+02 6.971983619237769290e+02 4.114181123780635971e+02 3.178867265480294009e+02 1.612369715976585098e+02 6.985350684083911688e+01 1.362399448294627824e+01 2.820870032825176921e+01 8.932084890382627407e+01 2.055795931174884128e+00 8.264643739710918480e-01
2.340070430889818454e+02 8.125299778878634527e+01 1.152710796862684504e+02 7.739107970662546165e+01 1.713949644042278919e+01 3.296537585432874806e+01 1.215950633368657208e+01 7.174832695070342936e+00 -3.288031482176078768e+00 2.055795931174884128e+00 1.081820275752940219e+01 -2.158868114377926126e-02
1.585801718257757642e+01 1.546952709732097642e+00 5.350824687663644635e-02 1.301104363983883516e+01 6.053644536134388687e+00 6.477530747613424289e+00 2.935521229780092778e+00 8.350213825003547363e-01 1.072214996694558220e+00 8.264643739710918480e-01 -2.158868114377926126e-02 1.002681606179099738e+00
