1.979778365100390278e+06 1.125446294254051521e+06 8.094720802124913316e+05 5.229564935741499648e+05 3.777732724387733033e+05 2.452326079014400602e+05 1.368000958731109276e+05 6.775750001161448017e+04 3.525355019613306649e+04 1.336185806326468264e+04 4.751451385779875636e+03 5.433691161007858454e+02 4.728647636233883134e+01 7.440521202490323560e+01
1.125446294254051521e+06 9.535385575240487233e+05 5.440076571483133594e+05 3.672438909816218074e+05 2.501712258559020411e+05 1.671417281846545229e+05 9.181334958400629694e+04 4.755558464753111184e+04 2.402340369209356140e+04 9.834701555733121495e+03 3.215426490519565505e+03 5.853500196631977133e+02 -4.480698809533808458e+01 2.243170948183556845e+01
8.094720802124913316e+05 5.440076571483133594e+05 5.030866572279815446e+05 2.586096883061347471e+05 1.794269736116433633e+05 1.191991324411091773e+05 6.696198860928071372e+04 3.428582962073948147e+04 1.806110226918133776e+04 6.700109883278045345e+03 1.790581663956576222e+03 3.432832939665734102e+02 -4.343677458403908176e+00 6.522964173596630388e+00
5.229564935741499648e+05 3.672438909816218074e+05 2.586096883061347471e+05 2.478961345489347295e+05 1.215060756729896966e+05 8.287104191310603346e+04 4.361710906455640361e+04 2.325457478054780222e+04 1.218676586025139295e+04 4.530702826772947446e+03 1.521835822747648081e+03 1.393478172589964004e+02 -1.167030442702035664e+01 1.250495575232048751e+01
3.777732724387733033e+05 2.501712258559020411e+05 1.794269736116433633e+05 1.215060756729896966e+05 1.213722079721908958e+05 5.651874843400180544e+04 3.216795915037278246e+04 1.565419984701659087e+04 7.902575749325649667e+03 3.071878590415554754e+03 1.213257924385625302e+03 2.096145101420987942e+02 1.743967923332807146e+01 1.344144319061899218e+01
2.452326079014400602e+05 1.671417281846545229e+05 1.191991324411091773e+05 8.287104191310603346e+04 5.651874843400180544e+04 5.697959084640091896e+04 2.178585264876086512e+04 1.041451024400972528e+04 5.660890319085227020e+03 2.413452485289769356e+03 5.955492884912926002e+02 1.109002703648177857e+02 6.053737935040537366e+00 1.561930887084324837e+01
1.368000958731109276e+05 9.181334958400629694e+04 6.696198860928071372e+04 4.361710906455640361e+04 3.216795915037278246e+04 2.178585264876086512e+04 2.488475728637203429e+04 6.377475508661834283e+03 3.230162570935779968e+03 1.307397738750747976e+03 5.271463093627661465e+02 3.801861334495527700e+01 2.764186311051052058e+01 2.129014382398002336e+00
6.775750001161448017e+04 4.755558464753111184e+04 3.428582962073948147e+04 2.325457478054780222e+04 1.565419984701659087e+04 1.041451024400972528e+04 6.377475508661834283e+03 8.743742356401271536e+03 1.751206924448875952e+03 6.618929096837505313e+02 2.358899994677114762e+02 8.487897829585951959e-01 -5.390795526626327216e+00 2.675555765954233944e+00
3.525355019613306649e+04 2.402340369209356140e+04 1.806110226918133776e+04 1.218676586025139295e+04 7.902575749325649667e+03 5.660890319085227020e+03 3.230162570935779968e+03 1.751206924448875952e+03 3.141938846010444195e+03 3.953205935739383676e+02 6.815581991502395454e+01 1.476783836804003158e+01 7.854371465694351961e-01 -5.497656795371683863e-02
1.336185806326468264e+04 9.834701555733121495e+03 6.700109883278045345e+03 4.530702826772947446e+03 3.071878590415554754e+03 2.413452485289769356e+03 1.307397738750747976e+03 6.618929096837505313e+02 3.953205935739383676e+02 8.889846128496463962e+02 5.186087395978827175e+01 1.666299594534348572e+01 4.318398878451096823e-01 2.620290768182527152e+00
4.751451385779875636e+03 3.215426490519565505e+03 1.790581663956576222e+03 1.521835822747648081e+03 1.213257924385625302e+03 5.955492884912926002e+02 5.271463093627661465e+02 2.358899994677114762e+02 6.815581991502395454e+01 5.186087395978827175e+01 2.137751014996799768e+02 -4.788866407253245860e+00 5.416320232237319399e-01 -3.669484059187931857e-01
5.433691161007858454e+02 5.853500196631977133e+02 3.432832939665734102e+02 1.393478172589964004e+02 2.096145101420987942e+02 1.109002703648177857e+02 3.801861334495527700e+01 8.487897829585951959e-01 1.476783836804003158e+01 1.666299594534348572e+01 -4.788866407253245860e+00 2.499203174504460989e+01 8.162330954129700666e-01 9.574339842158552383e-01
4.728647636233883134e+01 -4.480698809533808458e+01 -4.343677458403908176e+00 -1.167030442702035664e+01 1.743967923332807146e+01 6.053737935040537366e+00 2.764186311051052058e+01 -5.390795526626327216e+00 7.854371465694351961e-01 4.318398878451096823e-01 5.416320232237319399e-01 8.162330954129700666e-01 3.986547368279497405e+00 -7.846958647221012259e-03
7.440521202490323560e+01 2.243170948183556845e+01 6.522964173596630388e+00 1.250495575232048751e+01 1.344144319061899218e+01 1.561930887084324837e+01 2.129014382398002336e+00 2.675555765954233944e+00 -5.497656795371683863e-02 2.620290768182527152e+00 -3.669484059187931857e-01 9.574339842158552383e-01 -7.846958647221012259e-03 1.002375447045351642e+00
