1.896360186610576697e+06 1.085222402794002090e+06 7.841292872498950455e+05 5.081906636080092867e+05 3.679092184848813340e+05 2.391904035906558565e+05 1.335694786707983294e+05 6.620509939835507248e+04 3.446309154759585363e+04 1.306681074291134792e+04 4.647654750096295174e+03 5.315901210549579901e+02 4.626648948185687260e+01 7.280560353245252259e+01
1.085222402794002090e+06 9.255970337122834753e+05 5.304940703504949342e+05 3.592571516193431453e+05 2.452655313053957652e+05 1.641119264095904073e+05 9.024359361368336249e+04 4.677624047088982479e+04 2.364153299045305175e+04 9.681745275178273005e+03 3.166181992256460944e+03 5.764840667736730211e+02 -4.413316431845817078e+01 2.209599381130444939e+01
7.841292872498950455e+05 5.304940703504949342e+05 4.928447635540331830e+05 2.541484463064871379e+05 1.767171585280286963e+05 1.175764046246726357e+05 6.611967619609067333e+04 3.387897613749754964e+04 1.785571201090704199e+04 6.626225604221523099e+03 1.771263804902657512e+03 3.396379149895928435e+02 -4.298022755733807543e+00 6.454877240819206108e+00
5.081906636080092867e+05 3.592571516193431453e+05 2.541484463064871379e+05 2.443924268059496244e+05 1.200505912278147589e+05 8.200214282267408271e+04 4.320505610808636266e+04 2.305150779906502430e+04 1.208639292894877872e+04 4.494953374106062256e+03 1.510192255697507335e+03 1.383053526908941535e+02 -1.158426936171320420e+01 1.241367795006876840e+01
3.679092184848813340e+05 2.452655313053957652e+05 1.767171585280286963e+05 1.200505912278147589e+05 1.201804652402457723e+05 5.604840496168308891e+04 3.193372084206090949e+04 1.555142279632725331e+04 7.854620899889437169e+03 3.054302028561345651e+03 1.206607143814519077e+03 2.085011622964007074e+02 1.734895316730508341e+01 1.337249780752946471e+01
2.391904035906558565e+05 1.641119264095904073e+05 1.175764046246726357e+05 8.200214282267408271e+04 5.604840496168308891e+04 5.659084013924645842e+04 2.165991116761977173e+04 1.036177600422762407e+04 5.635045086377876942e+03 2.403271188452843489e+03 5.931800812650101307e+02 1.104780082796869749e+02 6.031349451020022734e+00 1.556268549829330006e+01
1.335694786707983294e+05 9.024359361368336249e+04 6.611967619609067333e+04 4.320505610808636266e+04 3.193372084206090949e+04 2.165991116761977173e+04 2.476685221027786611e+04 6.351838419736242940e+03 3.218787673147847272e+03 1.303247950183995727e+03 5.255999479168804100e+02 3.791358029419223641e+01 2.756852187300035339e+01 2.123521279406737072e+00
6.620509939835507248e+04 4.677624047088982479e+04 3.387897613749754964e+04 2.305150779906502430e+04 1.555142279632725331e+04 1.036177600422762407e+04 6.351838419736242940e+03 8.714876428934749129e+03 1.746299194626270037e+03 6.602680596351621034e+02 2.353677260733462333e+02 8.470555795971677071e-01 -5.380371551885754222e+00 2.670578007896647232e+00
3.446309154759585363e+04 2.364153299045305175e+04 1.785571201090704199e+04 1.208639292894877872e+04 7.854620899889437169e+03 5.635045086377876942e+03 3.218787673147847272e+03 1.746299194626270037e+03 3.134701720658495105e+03 3.945475086262818536e+02 6.803895512042903704e+01 1.474504157076587774e+01 7.843107218495060096e-01 -5.490175052960664243e-02
1.306681074291134792e+04 9.681745275178273005e+03 6.626225604221523099e+03 4.494953374106062256e+03 3.054302028561345651e+03 2.403271188452843489e+03 1.303247950183995727e+03 6.602680596351621034e+02 3.945475086262818536e+02 8.875554244966657507e+02 5.178999774051019500e+01 1.664307351764116660e+01 4.313708970170497814e-01 2.617637034171928168e+00
4.647654750096295174e+03 3.166181992256460944e+03 1.771263804902657512e+03 1.510192255697507335e+03 1.206607143814519077e+03 5.931800812650101307e+02 5.255999479168804100e+02 2.353677260733462333e+02 6.803895512042903704e+01 5.178999774051019500e+01 2.135344763538742257e+02 -4.784295403280470538e+00 5.411743980759874395e-01 -3.666652624645280190e-01
5.315901210549579901e+02 5.764840667736730211e+02 3.396379149895928435e+02 1.383053526908941535e+02 2.085011622964007074e+02 1.104780082796869749e+02 3.791358029419223641e+01 8.470555795971677071e-01 1.474504157076587774e+01 1.664307351764116660e+01 -4.784295403280470538e+00 2.497245338368036016e+01 8.156831507232277234e-01 9.568590806560939299e-01
4.626648948185687260e+01 -4.413316431845817078e+01 -4.298022755733807543e+00 -1.158426936171320420e+01 1.734895316730508341e+01 6.031349451020022734e+00 2.756852187300035339e+01 -5.380371551885754222e+00 7.843107218495060096e-01 4.313708970170497814e-01 5.411743980759874395e-01 8.156831507232277234e-01 3.984298466994228960e+00 -7.843107218492578400e-03
7.280560353245252259e+01 2.209599381130444939e+01 6.454877240819206108e+00 1.241367795006876840e+01 1.337249780752946471e+01 1.556268549829330006e+01 2.123521279406737072e+00 2.670578007896647232e+00 -5.490175052960664243e-02 2.617637034171928168e+00 -3.666652624645280190e-01 9.568590806560939299e-01 -7.843107218492578400e-03 1.001956947162428113e+00
