7.875783485509767197e+05 3.969641895672681858e+05 2.198641776034718496e+05 1.175013225592770177e+05 5.314288667705762055e+04 2.076279107386856776e+04 5.869812814748257551e+03 1.635758441488668268e+03 1.780385338597949954e+02
3.969641895672681858e+05 3.215871919608117896e+05 1.383397133436173899e+05 7.439304843349054863e+04 3.447428366159894358e+04 1.294946413348550959e+04 4.756232765652623129e+03 1.233124689320261496e+03 1.116387881480173547e+02
2.198641776034718496e+05 1.383397133436173899e+05 1.159447461674789956e+05 3.902016821320665622e+04 2.052139591989934343e+04 7.482318404111096243e+03 2.378002657771553459e+03 6.323269901692904114e+02 1.477602184427867087e+02
1.175013225592770177e+05 7.439304843349054863e+04 3.902016821320665622e+04 3.811291286415820650e+04 1.056510463731518030e+04 4.096858820240600835e+03 1.274371590182426644e+03 4.456453521547950913e+02 2.061952887742481266e+01
5.314288667705762055e+04 3.447428366159894358e+04 2.052139591989934343e+04 1.056510463731518030e+04 1.157316352189293139e+04 1.904369177507761833e+03 6.248132934539930829e+02 2.484696366818527054e+02 7.654872645249140461e+00
2.076279107386856776e+04 1.294946413348550959e+04 7.482318404111096243e+03 4.096858820240600835e+03 1.904369177507761833e+03 2.814685299152349216e+03 2.731715028664722240e+02 6.809385687095095818e+01 1.115682001830535874e+01
5.869812814748257551e+03 4.756232765652623129e+03 2.378002657771553459e+03 1.274371590182426644e+03 6.248132934539930829e+02 2.731715028664722240e+02 6.359740350258739454e+02 2.663519211400017639e+01 4.211748576330384353e+00
1.635758441488668268e+03 1.233124689320261496e+03 6.323269901692904114e+02 4.456453521547950913e+02 2.484696366818527054e+02 6.809385687095095818e+01 2.663519211400017639e+01 1.223524726084842058e+02 3.733319036002467506e+00
1.780385338597949954e+02 1.116387881480173547e+02 1.477602184427867087e+02 2.061952887742481266e+01 7.654872645249140461e+00 1.115682001830535874e+01 4.211748576330384353e+00 3.733319036002467506e+00 1.367053588183255641e+01
