1.998413280545489397e+06 1.136030978508701548e+06 8.167831045022284379e+05 5.274023765668766573e+05 3.807703375534668448e+05 2.470449224086770846e+05 1.377441066582007625e+05 6.819661541898657742e+04 3.546956777039268491e+04 1.343982775307731572e+04 4.778052004481078257e+03 5.463054684584673169e+02 4.753528955403847078e+01 7.478879423614679922e+01
1.136030978508701548e+06 9.624990809186180122e+05 5.489168342230926501e+05 3.703631491980834398e+05 2.521540239028880605e+05 1.683756438675615063e+05 9.244621241615960025e+04 4.786341021092281153e+04 2.417042251201456020e+04 9.892013482873149769e+03 3.233402972475874776e+03 5.885087173722905618e+02 -4.504240883395493000e+01 2.254717887319893066e+01
8.167831045022284379e+05 5.489168342230926501e+05 5.074389612476580078e+05 2.607098572225735115e+05 1.807822349955741956e+05 1.200347379056822101e+05 6.739863580186320178e+04 3.449500788544812531e+04 1.816491740577661039e+04 6.736664396090824084e+03 1.799926841880907432e+03 3.450081899333027877e+02 -4.364885927434231760e+00 6.554118731740113724e+00
5.274023765668766573e+05 3.703631491980834398e+05 2.607098572225735115e+05 2.497779325620900781e+05 1.223594918079424679e+05 8.340811452937594731e+04 4.387845138730055623e+04 2.338415275625898721e+04 1.225037247695900805e+04 4.553026889849750660e+03 1.528974260154981266e+03 1.399743814254743199e+02 -1.172112142455319095e+01 1.255807641914819506e+01
3.807703375534668448e+05 2.521540239028880605e+05 1.807822349955741956e+05 1.223594918079424679e+05 1.221558530794057006e+05 5.685300169258182723e+04 3.234247724035574720e+04 1.573256261525279842e+04 7.939348251385223193e+03 3.085276159841125718e+03 1.218262472468447640e+03 2.104384466766465778e+02 1.750575439516656928e+01 1.349094032802567078e+01
2.470449224086770846e+05 1.683756438675615063e+05 1.200347379056822101e+05 8.340811452937594731e+04 5.685300169258182723e+04 5.728567360805737553e+04 2.189223842104102005e+04 1.046100190690632553e+04 5.684166097340471424e+03 2.422671799613945495e+03 5.976835110176757553e+02 1.112761739143956703e+02 6.073398663807127562e+00 1.566837540229900227e+01
1.377441066582007625e+05 9.244621241615960025e+04 6.739863580186320178e+04 4.387845138730055623e+04 3.234247724035574720e+04 2.189223842104102005e+04 2.499412434295241474e+04 6.402832471059725322e+03 3.241867865461844303e+03 1.311754219793386255e+03 5.287783243811086322e+02 3.812894263975140774e+01 2.771815981541893237e+01 2.134664658756078470e+00
6.819661541898657742e+04 4.786341021092281153e+04 3.449500788544812531e+04 2.338415275625898721e+04 1.573256261525279842e+04 1.046100190690632553e+04 6.402832471059725322e+03 8.774846214256891471e+03 1.756819799333117089e+03 6.638214655105655311e+02 2.365216095879318914e+02 8.508979058869021728e-01 -5.403420477186613446e+00 2.681537621665613713e+00
3.546956777039268491e+04 2.417042251201456020e+04 1.816491740577661039e+04 1.225037247695900805e+04 7.939348251385223193e+03 5.684166097340471424e+03 3.241867865461844303e+03 1.756819799333117089e+03 3.150903256525432425e+03 3.963333256467651609e+02 6.831433308910040125e+01 1.479932241734693577e+01 7.870003613658532737e-01 -5.508014836434096950e-02
1.343982775307731572e+04 9.892013482873149769e+03 6.736664396090824084e+03 4.553026889849750660e+03 3.085276159841125718e+03 2.422671799613945495e+03 1.311754219793386255e+03 6.638214655105655311e+02 3.963333256467651609e+02 8.910030856834358701e+02 5.196638767104627021e+01 1.669366912783733881e+01 4.325736495176588092e-01 2.624464937918998153e+00
4.778052004481078257e+03 3.233402972475874776e+03 1.799926841880907432e+03 1.528974260154981266e+03 1.218262472468447640e+03 5.976835110176757553e+02 5.287783243811086322e+02 2.365216095879318914e+02 6.831433308910040125e+01 5.196638767104627021e+01 2.141596026772274683e+02 -4.796552123172223681e+00 5.424245947363482978e-01 -3.674464257779757603e-01
5.463054684584673169e+02 5.885087173722905618e+02 3.450081899333027877e+02 1.399743814254743199e+02 2.104384466766465778e+02 1.112761739143956703e+02 3.812894263975140774e+01 8.508979058869021728e-01 1.479932241734693577e+01 1.669366912783733881e+01 -4.796552123172223681e+00 2.502730148940918653e+01 8.172694307301038297e-01 9.585480230041467653e-01
4.753528955403847078e+01 -4.504240883395493000e+01 -4.364885927434231760e+00 -1.172112142455319095e+01 1.750575439516656928e+01 6.073398663807127562e+00 2.771815981541893237e+01 -5.403420477186613446e+00 7.870003613658532737e-01 4.325736495176588092e-01 5.424245947363482978e-01 8.172694307301038297e-01 3.991044562906083559e+00 -7.854978385947994357e-03
7.478879423614679922e+01 2.254717887319893066e+01 6.554118731740113724e+00 1.255807641914819506e+01 1.349094032802567078e+01 1.566837540229900227e+01 2.134664658756078470e+00 2.681537621665613713e+00 -5.508014836434096950e-02 2.624464937918998153e+00 -3.674464257779757603e-01 9.585480230041467653e-01 -7.854978385947994357e-03 1.003293578943354802e+00
