1.354632564932909096e+06 7.492164413754825946e+05 4.767599383491640328e+05 3.096446152177985059e+05 1.708786924664050748e+05 8.149193081074852671e+04 3.862593973981922318e+04 1.315294820621257713e+04 4.032776868121633015e+03 6.704015863007324469e+02 1.662048347814339309e+02
7.492164413754825946e+05 6.343087114400730934e+05 3.181415054171866504e+05 2.003379010629358527e+05 1.134685167935607315e+05 5.490822084648539021e+04 2.706230501130529228e+04 9.144760590427998977e+03 2.193678968659564362e+03 4.594398897413407781e+02 8.963701909802256296e+01
4.767599383491640328e+05 3.181415054171866504e+05 2.688420236058388255e+05 1.253641216092795366e+05 7.266782006430671026e+04 3.452382550919117784e+04 1.623001651302240134e+04 6.658791899374237801e+03 1.786488134268040312e+03 3.326078024456595017e+02 7.061212236645009455e+01
3.096446152177985059e+05 2.003379010629358527e+05 1.253641216092795366e+05 1.137325607133592130e+05 4.352804450139145047e+04 2.203327114678463113e+04 1.037984807472048124e+04 3.639690652720738854e+03 1.113531816433133599e+03 2.372475541267426422e+02 6.808624584587458628e+01
1.708786924664050748e+05 1.134685167935607315e+05 7.266782006430671026e+04 4.352804450139145047e+04 4.493319643753597484e+04 1.342111026650466556e+04 6.745246159547025854e+03 2.275272577063024528e+03 4.315402432986736017e+02 1.383139347742322798e+02 1.829827496074422299e+01
8.149193081074852671e+04 5.490822084648539021e+04 3.452382550919117784e+04 2.203327114678463113e+04 1.342111026650466556e+04 1.567621382955193985e+04 3.239040058940457129e+03 1.223452209074057919e+03 3.593109127502028173e+02 1.785850443368479290e+01 2.864903976645251404e+01
3.862593973981922318e+04 2.706230501130529228e+04 1.623001651302240134e+04 1.037984807472048124e+04 6.745246159547025854e+03 3.239040058940457129e+03 4.307607120894388572e+03 5.632995099914686534e+02 1.387881946258357004e+02 3.314023736941106080e+01 5.512238416613132408e+00
1.315294820621257713e+04 9.144760590427998977e+03 6.658791899374237801e+03 3.639690652720738854e+03 2.275272577063024528e+03 1.223452209074057919e+03 5.632995099914686534e+02 1.169869305412917356e+03 9.160378789665428201e+01 7.711355316128686965e+00 -1.558322892173367169e+00
4.032776868121633015e+03 2.193678968659564362e+03 1.786488134268040312e+03 1.113531816433133599e+03 4.315402432986736017e+02 3.593109127502028173e+02 1.387881946258357004e+02 9.160378789665428201e+01 2.538198547563073646e+02 1.324195778597970996e+00 1.685199987478007255e+00
6.704015863007324469e+02 4.594398897413407781e+02 3.326078024456595017e+02 2.372475541267426422e+02 1.383139347742322798e+02 1.785850443368479290e+01 3.314023736941106080e+01 7.711355316128686965e+00 1.324195778597970996e+00 3.129671583497587406e+01 1.827966517810676095e+00
1.662048347814339309e+02 8.963701909802256296e+01 7.061212236645009455e+01 6.808624584587458628e+01 1.829827496074422299e+01 2.864903976645251404e+01 5.512238416613132408e+00 -1.558322892173367169e+00 1.685199987478007255e+00 1.827966517810676095e+00 2.997294726513766605e+00
