1.168931271978633944e+06 6.251388664752150653e+05 4.014309110416129115e+05 2.317518458118420094e+05 1.198539379562890681e+05 5.532165913377194374e+04 2.337383380090660648e+04 5.915541050108085983e+03 2.203730492020315978e+03 1.675443182552145061e+02 6.176801076930146017e+00
6.251388664752150653e+05 5.237036226754841045e+05 2.534247096820136067e+05 1.490285069043385447e+05 8.171752180836140178e+04 3.614356747515552706e+04 1.588427142392056703e+04 3.913368806512520678e+03 1.676836287167275032e+03 2.319207096169494093e+02 2.145033727421481728e+01
4.014309110416129115e+05 2.534247096820136067e+05 2.199526620084411697e+05 9.326063769794574182e+04 5.102640809490692482e+04 2.315105013807713112e+04 1.037028713080618036e+04 3.009850564480324920e+03 8.856428325377701185e+02 1.067909591454855018e+02 2.216279846941590748e+01
2.317518458118420094e+05 1.490285069043385447e+05 9.326063769794574182e+04 7.945271269328152994e+04 2.993533338460585219e+04 1.356612468199999239e+04 6.193771519521960727e+03 1.520021082123964788e+03 6.194599527660828926e+02 1.140277551514903394e+02 2.287299880760778592e+01
1.198539379562890681e+05 8.171752180836140178e+04 5.102640809490692482e+04 2.993533338460585219e+04 3.136276613614294183e+04 7.827225469842186612e+03 3.350968063372040433e+03 1.016783885282699543e+03 3.313954117025699020e+02 3.073816015422887915e+01 8.025133432990559257e+00
5.532165913377194374e+04 3.614356747515552706e+04 2.315105013807713112e+04 1.356612468199999239e+04 7.827225469842186612e+03 9.227234866815191708e+03 1.312429280414040704e+03 5.491599149123753705e+02 1.421002954829749854e+02 1.441427407972094166e+01 2.409782067045602716e+00
2.337383380090660648e+04 1.588427142392056703e+04 1.037028713080618036e+04 6.193771519521960727e+03 3.350968063372040433e+03 1.312429280414040704e+03 2.495630495272365351e+03 1.632762536177872619e+02 3.590509789334873858e+01 8.690663338933305226e+00 1.522238953981337239e+00
5.915541050108085983e+03 3.913368806512520678e+03 3.009850564480324920e+03 1.520021082123964788e+03 1.016783885282699543e+03 5.491599149123753705e+02 1.632762536177872619e+02 6.204745464458770812e+02 2.353750971500994638e+01 3.062475235523314243e+00 1.010143112175968083e+00
2.203730492020315978e+03 1.676836287167275032e+03 8.856428325377701185e+02 6.194599527660828926e+02 3.313954117025699020e+02 1.421002954829749854e+02 3.590509789334873858e+01 2.353750971500994638e+01 1.032687176765835346e+02 2.933273080485868878e+00 -1.905368929020410107e-01
1.675443182552145061e+02 2.319207096169494093e+02 1.067909591454855018e+02 1.140277551514903394e+02 3.073816015422887915e+01 1.441427407972094166e+01 8.690663338933305226e+00 3.062475235523314243e+00 2.933273080485868878e+00 1.283444375506673651e+01 -2.159925640730183533e-02
6.176801076930146017e+00 2.145033727421481728e+01 2.216279846941590748e+01 2.287299880760778592e+01 8.025133432990559257e+00 2.409782067045602716e+00 1.522238953981337239e+00 1.010143112175968083e+00 -1.905368929020410107e-01 -2.159925640730183533e-02 1.003186480539083103e+00
