1.690229377981861122e+06 9.310240697913927725e+05 6.667641720121917315e+05 4.162010021714436589e+05 2.827171800353303552e+05 1.557748426514883467e+05 7.804723051765373384e+04 3.369463958854239900e+04 1.808576995339262794e+04 4.911279230701429697e+03 2.883204644589409327e+02 2.068619528881018965e+01 1.659993642794641033e+01
9.310240697913927725e+05 7.603235803784242598e+05 4.341722255046362989e+05 2.855819925934949424e+05 1.842747550752457464e+05 1.071590896174540976e+05 5.508931059547017503e+04 2.277507748514993727e+04 1.208368901773492325e+04 3.526506102534714955e+03 3.071713726586438611e+02 -2.598617499166378764e+01 1.074701766613143228e+01
6.667641720121917315e+05 4.341722255046362989e+05 4.003717196548499051e+05 1.974924632794869831e+05 1.317746031916292559e+05 7.807967941298807273e+04 3.679673751249277120e+04 1.609242072449083935e+04 8.652870784042348532e+03 2.004229579390340632e+03 2.627636995875400316e+02 -2.621558587781070315e+00 -6.562719965073475770e+00
4.162010021714436589e+05 2.855819925934949424e+05 1.974924632794869831e+05 1.780144319913270883e+05 8.534585746839010972e+04 4.872436634357475850e+04 2.426760902417046600e+04 1.076183329567584587e+04 6.022976934065405658e+03 1.953392519177053600e+03 1.679130824407127704e+02 2.709793543993846754e+00 1.572542997309296586e+00
2.827171800353303552e+05 1.842747550752457464e+05 1.317746031916292559e+05 8.534585746839010972e+04 8.603924500903235457e+04 3.311271044458480901e+04 1.865440699139596109e+04 7.233419357309780025e+03 3.264103185879629564e+03 1.097970304954458015e+03 1.041054836646686681e+02 6.794091628018417595e+00 6.280368105209988450e+00
1.557748426514883467e+05 1.071590896174540976e+05 7.807967941298807273e+04 4.872436634357475850e+04 3.311271044458480901e+04 3.529746286204287026e+04 1.015229053197522262e+04 4.091517664224409145e+03 2.560082352625710882e+03 6.187956694405875169e+02 6.754091781204702727e+01 8.794083968734563328e+00 5.943114494812584248e+00
7.804723051765373384e+04 5.508931059547017503e+04 3.679673751249277120e+04 2.426760902417046600e+04 1.865440699139596109e+04 1.015229053197522262e+04 1.241130933168880983e+04 2.627284056050552408e+03 1.218426706392806409e+03 3.506025788810537165e+02 1.113721225025818384e+01 7.419579428693681145e+00 3.811750108187255570e+00
3.369463958854239900e+04 2.277507748514993727e+04 1.609242072449083935e+04 1.076183329567584587e+04 7.233419357309780025e+03 4.091517664224409145e+03 2.627284056050552408e+03 3.520543380271797105e+03 4.806765905461314787e+02 1.089603670329050260e+02 2.827440152266487061e+01 3.098027351304430965e-01 2.780381508955537928e+00
1.808576995339262794e+04 1.208368901773492325e+04 8.652870784042348532e+03 6.022976934065405658e+03 3.264103185879629564e+03 2.560082352625710882e+03 1.218426706392806409e+03 4.806765905461314787e+02 1.215209071656416654e+03 8.157419740273508069e+01 1.006662811493522014e+01 -2.123521279406850759e+00 -7.078404264689499570e-01
4.911279230701429697e+03 3.526506102534714955e+03 2.004229579390340632e+03 1.953392519177053600e+03 1.097970304954458015e+03 6.187956694405875169e+02 3.506025788810537165e+02 1.089603670329050260e+02 8.157419740273508069e+01 2.708205314777439980e+02 3.745083696830203479e+00 1.570582220503138338e+00 1.527445130801427853e+00
2.883204644589409327e+02 3.071713726586438611e+02 2.627636995875400316e+02 1.679130824407127704e+02 1.041054836646686681e+02 6.754091781204702727e+01 1.113721225025818384e+01 2.827440152266487061e+01 1.006662811493522014e+01 3.745083696830203479e+00 3.387438007666943207e+01 -1.999992340715607275e-01 -6.666641135718689992e-02
2.068619528881018965e+01 -2.598617499166378764e+01 -2.621558587781070315e+00 2.709793543993846754e+00 6.794091628018417595e+00 8.794083968734563328e+00 7.419579428693681145e+00 3.098027351304430965e-01 -2.123521279406850759e+00 1.570582220503138338e+00 -1.999992340715607275e-01 2.994106180659540151e+00 -5.882330413869429897e-03
1.659993642794641033e+01 1.074701766613143228e+01 -6.562719965073475770e+00 1.572542997309296586e+00 6.280368105209988450e+00 5.943114494812584248e+00 3.811750108187255570e+00 2.780381508955537928e+00 -7.078404264689499570e-01 1.527445130801427853e+00 -6.666641135718689992e-02 -5.882330413869429897e-03 1.001956947162427669e+00
