1.946927090471692616e+06 1.095501267599591985e+06 8.344812927865780657e+05 5.029285348671829561e+05 3.398407411742293043e+05 1.970208204461207497e+05 1.104571568122685276e+05 4.548569431787657959e+04 2.391104323003556055e+04 6.232373763544354915e+03 1.706989030008373220e+03 1.722707376194534561e+02 0.000000000000000000e+00 0.000000000000000000e+00 0.000000000000000000e+00 0.000000000000000000e+00 0.000000000000000000e+00 0.000000000000000000e+00 0.000000000000000000e+00 0.000000000000000000e+00
1.095501267599591985e+06 9.142198785561113618e+05 5.438235959047263023e+05 3.357238635204597376e+05 2.215348013006521796e+05 1.305477214401563397e+05 7.144830706939296215e+04 2.713978481983633537e+04 1.542502972279089590e+04 3.909306110124022780e+03 1.088626699580879631e+03 1.386797241823327624e+02 0.000000000000000000e+00 0.000000000000000000e+00 0.000000000000000000e+00 0.000000000000000000e+00 0.000000000000000000e+00 0.000000000000000000e+00 0.000000000000000000e+00 0.000000000000000000e+00
8.344812927865780657e+05 5.438235959047263023e+05 5.209624473275590572e+05 2.540644949621080013e+05 1.673863713442922744e+05 9.405275544660260493e+04 5.551619007079295261e+04 2.218321713651033861e+04 1.159400856287306124e+04 3.159577797129068585e+03 9.148722739096872374e+02 7.539445130948629981e+01 0.000000000000000000e+00 0.000000000000000000e+00 0.000000000000000000e+00 0.000000000000000000e+00 0.000000000000000000e+00 0.000000000000000000e+00 0.000000000000000000e+00 0.000000000000000000e+00
5.029285348671829561e+05 3.357238635204597376e+05 2.540644949621080013e+05 2.208488392948725086e+05 1.036117217483267887e+05 6.139910668211794109e+04 3.368944302247227461e+04 1.365638732687356969e+04 7.494429872642678674e+03 2.199388938567130481e+03 5.153566355706855120e+02 6.821163314484635976e+01 0.000000000000000000e+00 0.000000000000000000e+00 0.000000000000000000e+00 0.000000000000000000e+00 0.000000000000000000e+00 0.000000000000000000e+00 0.000000000000000000e+00 0.000000000000000000e+00
3.398407411742293043e+05 2.215348013006521796e+05 1.673863713442922744e+05 1.036117217483267887e+05 1.021629105073264800e+05 3.854386749283049721e+04 2.377133017933351221e+04 9.671793607932475425e+03 4.764902054460639192e+03 1.290949191714916878e+03 4.189903279360012220e+02 6.975447102381150444e+01 0.000000000000000000e+00 0.000000000000000000e+00 0.000000000000000000e+00 0.000000000000000000e+00 0.000000000000000000e+00 0.000000000000000000e+00 0.000000000000000000e+00 0.000000000000000000e+00
1.970208204461207497e+05 1.305477214401563397e+05 9.405275544660260493e+04 6.139910668211794109e+04 3.854386749283049721e+04 4.236500837654546194e+04 1.411888027093369055e+04 5.163198323470731339e+03 2.854422802443147702e+03 7.597578418974845818e+02 2.174632108545553990e+02 3.232909791727670523e+01 0.000000000000000000e+00 0.000000000000000000e+00 0.000000000000000000e+00 0.000000000000000000e+00 0.000000000000000000e+00 0.000000000000000000e+00 0.000000000000000000e+00 0.000000000000000000e+00
1.104571568122685276e+05 7.144830706939296215e+04 5.551619007079295261e+04 3.368944302247227461e+04 2.377133017933351221e+04 1.411888027093369055e+04 1.562022491083869863e+04 3.029527952560295944e+03 1.741065137265909243e+03 6.539538793369847554e+02 1.938924447532631916e+02 1.293320106708730854e+01 0.000000000000000000e+00 0.000000000000000000e+00 0.000000000000000000e+00 0.000000000000000000e+00 0.000000000000000000e+00 0.000000000000000000e+00 0.000000000000000000e+00 0.000000000000000000e+00
4.548569431787657959e+04 2.713978481983633537e+04 2.218321713651033861e+04 1.365638732687356969e+04 9.671793607932475425e+03 5.163198323470731339e+03 3.029527952560295944e+03 4.724076952989728852e+03 6.696225674544785988e+02 2.171114612289591435e+02 5.214471787911347178e+01 -1.347805325111316010e+00 0.000000000000000000e+00 0.000000000000000000e+00 0.000000000000000000e+00 0.000000000000000000e+00 0.000000000000000000e+00 0.000000000000000000e+00 0.000000000000000000e+00 0.000000000000000000e+00
2.391104323003556055e+04 1.542502972279089590e+04 1.159400856287306124e+04 7.494429872642678674e+03 4.764902054460639192e+03 2.854422802443147702e+03 1.741065137265909243e+03 6.696225674544785988e+02 1.652959390706040949e+03 1.432152098126059627e+02 2.908406946186673636e+01 3.295178251366632782e+00 0.000000000000000000e+00 0.000000000000000000e+00 0.000000000000000000e+00 0.000000000000000000e+00 0.000000000000000000e+00 0.000000000000000000e+00 0.000000000000000000e+00 0.000000000000000000e+00
6.232373763544354915e+03 3.909306110124022780e+03 3.159577797129068585e+03 2.199388938567130481e+03 1.290949191714916878e+03 7.597578418974845818e+02 6.539538793369847554e+02 2.171114612289591435e+02 1.432152098126059627e+02 4.004110230933163166e+02 1.690105323188660691e+01 -9.893961961641191127e-01 0.000000000000000000e+00 0.000000000000000000e+00 0.000000000000000000e+00 0.000000000000000000e+00 0.000000000000000000e+00 0.000000000000000000e+00 0.000000000000000000e+00 0.000000000000000000e+00
1.706989030008373220e+03 1.088626699580879631e+03 9.148722739096872374e+02 5.153566355706855120e+02 4.189903279360012220e+02 2.174632108545553990e+02 1.938924447532631916e+02 5.214471787911347178e+01 2.908406946186673636e+01 1.690105323188660691e+01 5.615599938499827459e+01 2.355147426761149632e+00 0.000000000000000000e+00 0.000000000000000000e+00 0.000000000000000000e+00 0.000000000000000000e+00 0.000000000000000000e+00 0.000000000000000000e+00 0.000000000000000000e+00 0.000000000000000000e+00
1.722707376194534561e+02 1.386797241823327624e+02 7.539445130948629981e+01 6.821163314484635976e+01 6.975447102381150444e+01 3.232909791727670523e+01 1.293320106708730854e+01 -1.347805325111316010e+00 3.295178251366632782e+00 -9.893961961641191127e-01 2.355147426761149632e+00 5.957537818329595503e+00 0.000000000000000000e+00 0.000000000000000000e+00 0.000000000000000000e+00 0.000000000000000000e+00 0.000000000000000000e+00 0.000000000000000000e+00 0.000000000000000000e+00 0.000000000000000000e+00
0.000000000000000000e+00 0.000000000000000000e+00 0.000000000000000000e+00 0.000000000000000000e+00 0.000000000000000000e+00 0.000000000000000000e+00 0.000000000000000000e+00 0.000000000000000000e+00 0.000000000000000000e+00 0.000000000000000000e+00 0.000000000000000000e+00 0.000000000000000000e+00 0.000000000000000000e+00 0.000000000000000000e+00 0.000000000000000000e+00 0.000000000000000000e+00 0.000000000000000000e+00 0.000000000000000000e+00 0.000000000000000000e+00 0.000000000000000000e+00
0.000000000000000000e+00 0.000000000000000000e+00 0.000000000000000000e+00 0.000000000000000000e+00 0.000000000000000000e+00 0.000000000000000000e+00 0.000000000000000000e+00 0.000000000000000000e+00 0.000000000000000000e+00 0.000000000000000000e+00 0.000000000000000000e+00 0.000000000000000000e+00 0.000000000000000000e+00 0.000000000000000000e+00 0.000000000000000000e+00 0.000000000000000000e+00 0.000000000000000000e+00 0.000000000000000000e+00 0.000000000000000000e+00 0.000000000000000000e+00
0.000000000000000000e+00 0.000000000000000000e+00 0.000000000000000000e+00 0.000000000000000000e+00 0.000000000000000000e+00 0.000000000000000000e+00 0.000000000000000000e+00 0.000000000000000000e+00 0.000000000000000000e+00 0.000000000000000000e+00 0.000000000000000000e+00 0.000000000000000000e+00 0.000000000000000000e+00 0.000000000000000000e+00 0.000000000000000000e+00 0.000000000000000000e+00 0.000000000000000000e+00 0.000000000000000000e+00 0.000000000000000000e+00 0.000000000000000000e+00
0.000000000000000000e+00 0.000000000000000000e+00 0.000000000000000000e+00 0.000000000000000000e+00 0.000000000000000000e+00 0.000000000000000000e+00 0.000000000000000000e+00 0.000000000000000000e+00 0.000000000000000000e+00 0.000000000000000000e+00 0.000000000000000000e+00 0.000000000000000000e+00 0.000000000000000000e+00 0.000000000000000000e+00 0.000000000000000000e+00 0.000000000000000000e+00 0.000000000000000000e+00 0.000000000000000000e+00 0.000000000000000000e+00 0.000000000000000000e+00
0.000000000000000000e+00 0.000000000000000000e+00 0.000000000000000000e+00 0.000000000000000000e+00 0.000000000000000000e+00 0.000000000000000000e+00 0.000000000000000000e+00 0.000000000000000000e+00 0.000000000000000000e+00 0.000000000000000000e+00 0.000000000000000000e+00 0.000000000000000000e+00 0.000000000000000000e+00 0.000000000000000000e+00 0.000000000000000000e+00 0.000000000000000000e+00 0.000000000000000000e+00 0.000000000000000000e+00 0.000000000000000000e+00 0.000000000000000000e+00
0.000000000000000000e+00 0.000000000000000000e+00 0.000000000000000000e+00 0.000000000000000000e+00 0.000000000000000000e+00 0.000000000000000000e+00 0.000000000000000000e+00 0.000000000000000000e+00 0.000000000000000000e+00 0.000000000000000000e+00 0.000000000000000000e+00 0.000000000000000000e+00 0.000000000000000000e+00 0.000000000000000000e+00 0.000000000000000000e+00 0.000000000000000000e+00 0.000000000000000000e+00 0.000000000000000000e+00 0.000000000000000000e+00 0.000000000000000000e+00
0.000000000000000000e+00 0.000000000000000000e+00 0.000000000000000000e+00 0.000000000000000000e+00 0.000000000000000000e+00 0.000000000000000000e+00 0.000000000000000000e+00 0.000000000000000000e+00 0.000000000000000000e+00 0.000000000000000000e+00 0.000000000000000000e+00 0.000000000000000000e+00 0.000000000000000000e+00 0.000000000000000000e+00 0.000000000000000000e+00 0.000000000000000000e+00 0.000000000000000000e+00 0.000000000000000000e+00 0.000000000000000000e+00 0.000000000000000000e+00
0.000000000000000000e+00 0.000000000000000000e+00 0.000000000000000000e+00 0.000000000000000000e+00 0.000000000000000000e+00 0.000000000000000000e+00 0.000000000000000000e+00 0.000000000000000000e+00 0.000000000000000000e+00 0.000000000000000000e+00 0.000000000000000000e+00 0.000000000000000000e+00 0.000000000000000000e+00 0.000000000000000000e+00 0.000000000000000000e+00 0.000000000000000000e+00 0.000000000000000000e+00 0.000000000000000000e+00 0.000000000000000000e+00 0.000000000000000000e+00
