4.030676799999999930e+05 1.748465920000000042e+05 7.756485599999999977e+04 2.863229999999999927e+04 7.599815600000000813e+03 1.468304200000000037e+03 7.186366000000001009e+01 0.000000000000000000e+00 0.000000000000000000e+00 0.000000000000000000e+00
1.748465920000000042e+05 1.069672400000000052e+05 3.871071999999999389e+04 1.440393079999999827e+04 3.958630000000000109e+03 7.680592400000000453e+02 3.681927519999999987e+01 0.000000000000000000e+00 0.000000000000000000e+00 0.000000000000000000e+00
7.756485599999999977e+04 3.871071999999999389e+04 2.499551599999999962e+04 6.522300399999999172e+03 1.739703800000000001e+03 3.354289999999999168e+02 2.562149919999999881e+01 0.000000000000000000e+00 0.000000000000000000e+00 0.000000000000000000e+00
2.863229999999999927e+04 1.440393079999999827e+04 6.522300399999999172e+03 4.661494000000000597e+03 6.990180400000000418e+02 1.320065120000000150e+02 5.782590199999999570e+00 0.000000000000000000e+00 0.000000000000000000e+00 0.000000000000000000e+00
7.599815600000000813e+03 3.958630000000000109e+03 1.739703800000000001e+03 6.990180400000000418e+02 6.544407200000000557e+02 4.272505999999999204e+01 2.755076999999999998e+00 0.000000000000000000e+00 0.000000000000000000e+00 0.000000000000000000e+00
1.468304200000000037e+03 7.680592400000000453e+02 3.354289999999999168e+02 1.320065120000000150e+02 4.272505999999999204e+01 6.152413199999998739e+01 4.080296160000000394e-01 0.000000000000000000e+00 0.000000000000000000e+00 0.000000000000000000e+00
7.186366000000001009e+01 3.681927519999999987e+01 2.562149919999999881e+01 5.782590199999999570e+00 2.755076999999999998e+00 4.080296160000000394e-01 2.752972079999999711e+00 0.000000000000000000e+00 0.000000000000000000e+00 0.000000000000000000e+00
0.000000000000000000e+00 0.000000000000000000e+00 0.000000000000000000e+00 0.000000000000000000e+00 0.000000000000000000e+00 0.000000000000000000e+00 0.000000000000000000e+00 0.000000000000000000e+00 0.000000000000000000e+00 0.000000000000000000e+00
0.000000000000000000e+00 0.000000000000000000e+00 0.000000000000000000e+00 0.000000000000000000e+00 0.000000000000000000e+00 0.000000000000000000e+00 0.000000000000000000e+00 0.000000000000000000e+00 0.000000000000000000e+00 0.000000000000000000e+00
0.000000000000000000e+00 0.000000000000000000e+00 0.000000000000000000e+00 0.000000000000000000e+00 0.000000000000000000e+00 0.000000000000000000e+00 0.000000000000000000e+00 0.000000000000000000e+00 0.000000000000000000e+00 0.000000000000000000e+00
