6.319293599999999860e+05 3.212642000000000116e+05 1.816922760000000126e+05 9.787508400000000256e+04 4.424581999999999971e+04 1.681148719999999958e+04 4.330087999999999738e+03 6.638390399999999545e+02 4.167765916000000459e+01 0.000000000000000000e+00
3.212642000000000116e+05 2.224798800000000047e+05 1.051106160000000091e+05 5.759127199999998993e+04 2.567532799999999770e+04 9.539644799999998213e+03 2.609287200000000212e+03 3.627142400000000180e+02 2.078830519999999993e+01 0.000000000000000000e+00
1.816922760000000126e+05 1.051106160000000091e+05 7.750240399999999499e+04 3.240551599999999962e+04 1.465896639999999934e+04 5.546726800000000367e+03 1.494643679999999904e+03 2.022738319999999987e+02 1.288743752000000065e+01 0.000000000000000000e+00
9.787508400000000256e+04 5.759127199999998993e+04 3.240551599999999962e+04 2.573278399999999965e+04 8.088069599999999809e+03 3.089601200000000063e+03 7.966269599999999400e+02 1.231260760000000118e+02 6.299859159999999569e+00 0.000000000000000000e+00
4.424581999999999971e+04 2.567532799999999770e+04 1.465896639999999934e+04 8.088069599999999809e+03 6.673093600000000151e+03 1.392738319999999931e+03 3.998468799999999419e+02 5.830714400000000097e+01 3.343613120000000549e+00 0.000000000000000000e+00
1.681148719999999958e+04 9.539644799999998213e+03 5.546726800000000367e+03 3.089601200000000063e+03 1.392738319999999931e+03 1.371297679999999900e+03 1.500542440000000113e+02 2.304022439999999605e+01 1.524282972399999991e+00 0.000000000000000000e+00
4.330087999999999738e+03 2.609287200000000212e+03 1.494643679999999904e+03 7.966269599999999400e+02 3.998468799999999419e+02 1.500542440000000113e+02 1.975930720000000349e+02 8.288467599999998825e+00 4.110705679999999695e-01 0.000000000000000000e+00
6.638390399999999545e+02 3.627142400000000180e+02 2.022738319999999987e+02 1.231260760000000118e+02 5.830714400000000097e+01 2.304022439999999605e+01 8.288467599999998825e+00 1.563128599999999935e+01 -6.721221999999998920e-02 0.000000000000000000e+00
4.167765916000000459e+01 2.078830519999999993e+01 1.288743752000000065e+01 6.299859159999999569e+00 3.343613120000000549e+00 1.524282972399999991e+00 4.110705679999999695e-01 -6.721221999999998920e-02 7.123559839999999976e-01 0.000000000000000000e+00
0.000000000000000000e+00 0.000000000000000000e+00 0.000000000000000000e+00 0.000000000000000000e+00 0.000000000000000000e+00 0.000000000000000000e+00 0.000000000000000000e+00 0.000000000000000000e+00 0.000000000000000000e+00 0.000000000000000000e+00
