5.610285200000000186e+05 2.724330800000000163e+05 1.429890719999999856e+05 6.735695999999999185e+04 2.644258799999999974e+04 7.428795200000000477e+03 1.353207320000000209e+03 6.796301599999999610e+01 0.000000000000000000e+00 0.000000000000000000e+00
2.724330800000000163e+05 1.853435080000000016e+05 7.924007200000001467e+04 3.821092799999999988e+04 1.475455239999999685e+04 4.210871200000000499e+03 7.150989599999999200e+02 4.699599999999999511e+01 0.000000000000000000e+00 0.000000000000000000e+00
1.429890719999999856e+05 7.924007200000001467e+04 5.499961199999999371e+04 2.007687480000000141e+04 7.808613199999999779e+03 2.315156999999999698e+03 4.089075999999999453e+02 2.017255439999999922e+01 0.000000000000000000e+00 0.000000000000000000e+00
6.735695999999999185e+04 3.821092799999999988e+04 2.007687480000000141e+04 1.466503000000000065e+04 3.834211999999999534e+03 1.074888599999999997e+03 2.000713000000000079e+02 9.877935200000001359e+00 0.000000000000000000e+00 0.000000000000000000e+00
2.644258799999999974e+04 1.475455239999999685e+04 7.808613199999999779e+03 3.834211999999999534e+03 3.094538800000000265e+03 4.682548799999999574e+02 8.161340800000000684e+01 4.076475408000000300e+00 0.000000000000000000e+00 0.000000000000000000e+00
7.428795200000000477e+03 4.210871200000000499e+03 2.315156999999999698e+03 1.074888599999999997e+03 4.682548799999999574e+02 4.673601600000000076e+02 2.935957599999999701e+01 1.882331931999999819e+00 0.000000000000000000e+00 0.000000000000000000e+00
1.353207320000000209e+03 7.150989599999999200e+02 4.089075999999999453e+02 2.000713000000000079e+02 8.161340800000000684e+01 2.935957599999999701e+01 4.531109200000000214e+01 3.501741340000000258e-01 0.000000000000000000e+00 0.000000000000000000e+00
6.796301599999999610e+01 4.699599999999999511e+01 2.017255439999999922e+01 9.877935200000001359e+00 4.076475408000000300e+00 1.882331931999999819e+00 3.501741340000000258e-01 1.993208880000000294e+00 0.000000000000000000e+00 0.000000000000000000e+00
0.000000000000000000e+00 0.000000000000000000e+00 0.000000000000000000e+00 0.000000000000000000e+00 0.000000000000000000e+00 0.000000000000000000e+00 0.000000000000000000e+00 0.000000000000000000e+00 0.000000000000000000e+00 0.000000000000000000e+00
0.000000000000000000e+00 0.000000000000000000e+00 0.000000000000000000e+00 0.000000000000000000e+00 0.000000000000000000e+00 0.000000000000000000e+00 0.000000000000000000e+00 0.000000000000000000e+00 0.000000000000000000e+00 0.000000000000000000e+00
