6.525587600000000093e+05 3.366842800000000279e+05 1.945257440000000352e+05 1.058241679999999906e+05 5.188887999999999738e+04 2.089928200000000288e+04 6.070454399999999623e+03 9.575660400000000436e+02 6.337925479999999823e+01 0.000000000000000000e+00
3.366842800000000279e+05 2.354966400000000140e+05 1.144887359999999899e+05 6.289636000000000058e+04 3.035091599999999744e+04 1.241193680000000131e+04 3.528646400000000085e+03 5.294877599999999802e+02 3.109680279999999897e+01 0.000000000000000000e+00
1.945257440000000352e+05 1.144887359999999899e+05 8.460118799999999464e+04 3.636452799999999843e+04 1.787438999999999942e+04 7.157370800000000600e+03 2.107829919999999674e+03 3.224926000000000386e+02 2.390478012000000163e+01 0.000000000000000000e+00
1.058241679999999906e+05 6.289636000000000058e+04 3.636452799999999843e+04 2.910356399999999485e+04 9.857219199999999546e+03 4.033168400000000474e+03 1.192168720000000121e+03 1.813483640000000037e+02 1.199675680000000000e+01 0.000000000000000000e+00
5.188887999999999738e+04 3.035091599999999744e+04 1.787438999999999942e+04 9.857219199999999546e+03 8.206491599999999380e+03 2.008618560000000343e+03 6.066126000000000431e+02 9.032277200000000050e+01 4.530898760000000358e+00 0.000000000000000000e+00
2.089928200000000288e+04 1.241193680000000131e+04 7.157370800000000600e+03 4.033168400000000474e+03 2.008618560000000343e+03 1.857174759999999878e+03 2.487015999999999849e+02 3.933006400000000014e+01 2.281160840000000078e+00 0.000000000000000000e+00
6.070454399999999623e+03 3.528646400000000085e+03 2.107829919999999674e+03 1.192168720000000121e+03 6.066126000000000431e+02 2.487015999999999849e+02 3.059883200000000443e+02 1.540290240000000033e+01 6.093544119999999564e-01 0.000000000000000000e+00
9.575660400000000436e+02 5.294877599999999802e+02 3.224926000000000386e+02 1.813483640000000037e+02 9.032277200000000050e+01 3.933006400000000014e+01 1.540290240000000033e+01 2.736348399999999970e+01 3.516558400000000667e-02 0.000000000000000000e+00
6.337925479999999823e+01 3.109680279999999897e+01 2.390478012000000163e+01 1.199675680000000000e+01 4.530898760000000358e+00 2.281160840000000078e+00 6.093544119999999564e-01 3.516558400000000667e-02 1.260190120000000080e+00 0.000000000000000000e+00
0.000000000000000000e+00 0.000000000000000000e+00 0.000000000000000000e+00 0.000000000000000000e+00 0.000000000000000000e+00 0.000000000000000000e+00 0.000000000000000000e+00 0.000000000000000000e+00 0.000000000000000000e+00 0.000000000000000000e+00
