1.356557124583262717e+06 7.110523040060148342e+05 4.402037359235823969e+05 2.149070653119007184e+05 1.204398729493623396e+05 5.530358720232593623e+04 1.902777148152234804e+04 6.552903650556415414e+03 1.122875010288347084e+03 1.048516960117262897e+02
7.110523040060148342e+05 5.459104427332115592e+05 2.678170678915466997e+05 1.339696785015844507e+05 7.540892908746529429e+04 3.353092511782227666e+04 1.185073311472380374e+04 4.139286895397030094e+03 7.662378281020260147e+02 2.292436119192775479e+01
4.402037359235823969e+05 2.678170678915466997e+05 2.221466922915487958e+05 8.481258786179551680e+04 4.774958506268313795e+04 2.302693184609380842e+04 6.836311185331749584e+03 2.764409280305141692e+03 5.002049817459933365e+02 3.743436249995926346e+01
2.149070653119007184e+05 1.339696785015844507e+05 8.481258786179551680e+04 6.492394458041469625e+04 2.279090229880146580e+04 1.174723117746065509e+04 3.834035781893696367e+03 1.286222773505267696e+03 2.692427221009847926e+02 1.766434714804541883e+01
1.204398729493623396e+05 7.540892908746529429e+04 4.774958506268313795e+04 2.279090229880146580e+04 2.552313131978760794e+04 5.914593954206586204e+03 2.250986677646388216e+03 8.780954142294845042e+02 1.058542595133641413e+02 1.636458322954622124e+00
5.530358720232593623e+04 3.353092511782227666e+04 2.302693184609380842e+04 1.174723117746065509e+04 5.914593954206586204e+03 6.936569446247115593e+03 1.109107607537633612e+03 3.304450775171888495e+02 9.566695425121807261e+01 9.977541056737885938e+00
1.902777148152234804e+04 1.185073311472380374e+04 6.836311185331749584e+03 3.834035781893696367e+03 2.250986677646388216e+03 1.109107607537633612e+03 1.797036907249862452e+03 9.081361088683065930e+01 2.840340429146704793e+01 1.155260117124165298e+01
6.552903650556415414e+03 4.139286895397030094e+03 2.764409280305141692e+03 1.286222773505267696e+03 8.780954142294845042e+02 3.304450775171888495e+02 9.081361088683065930e+01 3.768546034000850113e+02 4.199229128744059736e+00 -9.905612636120872949e-01
1.122875010288347084e+03 7.662378281020260147e+02 5.002049817459933365e+02 2.692427221009847926e+02 1.058542595133641413e+02 9.566695425121807261e+01 2.840340429146704793e+01 4.199229128744059736e+00 7.192615998754057216e+01 2.278761101828774283e-01
1.048516960117262897e+02 2.292436119192775479e+01 3.743436249995926346e+01 1.766434714804541883e+01 1.636458322954622124e+00 9.977541056737885938e+00 1.155260117124165298e+01 -9.905612636120872949e-01 2.278761101828774283e-01 5.962454195512634669e+00
