1.922967501234117895e+06 1.075557275508232880e+06 7.322245226806203136e+05 4.603877480390264536e+05 2.658223446770759765e+05 1.443642877274859929e+05 7.499472347992678988e+04 3.162346141587516104e+04 1.118343909839954904e+04 2.987975300724726367e+03 3.548860685404761739e+02
1.075557275508232880e+06 8.384088294403647305e+05 4.670731165405392530e+05 3.011002008945349371e+05 1.802462155062586244e+05 9.435489802876800240e+04 4.841510374776571553e+04 2.077594279549028215e+04 7.150195513980858777e+03 2.222204267154809258e+03 3.320507764860820430e+02
7.322245226806203136e+05 4.670731165405392530e+05 4.070550898533737054e+05 2.066351390095254465e+05 1.208329643523650593e+05 6.319496989189059241e+04 3.386213128688888537e+04 1.303322410314629269e+04 4.586381261216804887e+03 1.320510414238174917e+03 2.788970144716890900e+02
4.603877480390264536e+05 3.011002008945349371e+05 2.066351390095254465e+05 1.768871311919615546e+05 7.661163924805913121e+04 4.375632778813607001e+04 2.099926027744353269e+04 8.812154332127485759e+03 2.655093633783298174e+03 7.416945310944462335e+02 1.747153787793937738e+02
2.658223446770759765e+05 1.802462155062586244e+05 1.208329643523650593e+05 7.661163924805913121e+04 7.097844706984542427e+04 2.469834516518042437e+04 1.446871131500733281e+04 5.771180231001282664e+03 1.805756754697241377e+03 6.033703776550577231e+02 1.087678392190252765e+02
1.443642877274859929e+05 9.435489802876800240e+04 6.319496989189059241e+04 4.375632778813607001e+04 2.469834516518042437e+04 2.485198985342725791e+04 7.043429160003266588e+03 3.249920314034126022e+03 1.050432672368395515e+03 1.913493660142844703e+02 4.013349211521332194e+01
7.499472347992678988e+04 4.841510374776571553e+04 3.386213128688888537e+04 2.099926027744353269e+04 1.446871131500733281e+04 7.043429160003266588e+03 8.685264984973398896e+03 1.846184319381680098e+03 6.114063921728196647e+02 1.751107091917391756e+02 2.411262127002984812e+01
3.162346141587516104e+04 2.077594279549028215e+04 1.303322410314629269e+04 8.812154332127485759e+03 5.771180231001282664e+03 3.249920314034126022e+03 1.846184319381680098e+03 2.574966197534865387e+03 1.902645172960990863e+02 3.512994613469069094e+01 4.982652781180863855e+00
1.118343909839954904e+04 7.150195513980858777e+03 4.586381261216804887e+03 2.655093633783298174e+03 1.805756754697241377e+03 1.050432672368395515e+03 6.114063921728196647e+02 1.902645172960990863e+02 5.800353551102092524e+02 1.264597830187403815e+01 1.466594345803417276e+01
2.987975300724726367e+03 2.222204267154809258e+03 1.320510414238174917e+03 7.416945310944462335e+02 6.033703776550577231e+02 1.913493660142844703e+02 1.751107091917391756e+02 3.512994613469069094e+01 1.264597830187403815e+01 1.235919186692972715e+02 2.355856422776399228e-01
3.548860685404761739e+02 3.320507764860820430e+02 2.788970144716890900e+02 1.747153787793937738e+02 1.087678392190252765e+02 4.013349211521332194e+01 2.411262127002984812e+01 4.982652781180863855e+00 1.466594345803417276e+01 2.355856422776399228e-01 2.132365104890390128e+01
