2.207197690942613874e+06 1.395609432730549015e+06 9.148634704433222068e+05 6.428158676904124441e+05 4.390825001406172523e+05 2.671904232055857428e+05 1.649734002167249564e+05 8.635390007320967561e+04 3.816557994226068695e+04 1.988969754908995674e+04 5.240117968857128290e+03 1.023801603962567583e+03 -3.358764807450226186e+01
1.395609432730549015e+06 1.194181200832603499e+06 6.660216630393278319e+05 4.580044499810674461e+05 3.117460489473382477e+05 1.868515593894852791e+05 1.204016114419891237e+05 5.996263649416684348e+04 2.719486094670585589e+04 1.363376541993282626e+04 4.120473284413611509e+03 6.895789345909521444e+02 1.941609595911439001e+01
9.148634704433222068e+05 6.660216630393278319e+05 5.698350630160344299e+05 2.933889615202912246e+05 2.071349735994248767e+05 1.258688181557245844e+05 7.905863467730826233e+04 4.242389703878280852e+04 1.765345604269457908e+04 8.802595743906658754e+03 2.601660772266920503e+03 6.083526813248703320e+02 -7.905829687612897949e+00
6.428158676904124441e+05 4.580044499810674461e+05 2.933889615202912246e+05 2.902316963616123539e+05 1.471564958163298434e+05 8.682076921600449714e+04 5.434587431974099309e+04 2.762503195794759449e+04 1.274947823398285982e+04 5.514908696734310070e+03 1.873480971015688510e+03 2.921552725499900589e+02 1.039124205599458683e+01
4.390825001406172523e+05 3.117460489473382477e+05 2.071349735994248767e+05 1.471564958163298434e+05 1.363637455434744770e+05 5.992523844227967493e+04 3.803067577730256744e+04 1.931386444626584125e+04 9.409090550995515514e+03 4.419756226929473996e+03 1.312284151259886130e+03 1.628334107929691186e+02 1.219029421386286494e+01
2.671904232055857428e+05 1.868515593894852791e+05 1.258688181557245844e+05 8.682076921600449714e+04 5.992523844227967493e+04 6.012329512143200554e+04 2.316297294949959178e+04 1.330349015471074745e+04 5.710984881132507326e+03 2.841247790441671896e+03 7.933330226206303450e+02 2.086674039215537846e+02 1.588811850970179584e+01
1.649734002167249564e+05 1.204016114419891237e+05 7.905863467730826233e+04 5.434587431974099309e+04 3.803067577730256744e+04 2.316297294949959178e+04 2.777049992923400714e+04 8.336889241084443711e+03 3.845690803075213807e+03 1.989791467468801557e+03 4.605852885247257404e+02 1.143251256922725503e+02 -7.402061290581094966e+00
8.635390007320967561e+04 5.996263649416684348e+04 4.242389703878280852e+04 2.762503195794759449e+04 1.931386444626584125e+04 1.330349015471074745e+04 8.336889241084443711e+03 9.366559182029350268e+03 1.800513103474824902e+03 1.007071918658481422e+03 2.507240069433492238e+02 4.188347689116253036e+01 -1.232316135257136569e+00
3.816557994226068695e+04 2.719486094670585589e+04 1.765345604269457908e+04 1.274947823398285982e+04 9.409090550995515514e+03 5.710984881132507326e+03 3.845690803075213807e+03 1.800513103474824902e+03 2.891629945119827880e+03 4.007786113054629027e+02 1.526495616140514926e+02 3.128849943331461958e+01 3.729323866278762001e+00
1.988969754908995674e+04 1.363376541993282626e+04 8.802595743906658754e+03 5.514908696734310070e+03 4.419756226929473996e+03 2.841247790441671896e+03 1.989791467468801557e+03 1.007071918658481422e+03 4.007786113054629027e+02 8.975473967034789666e+02 2.997518190702527008e+01 1.598098558582516304e+01 -9.121184586096485747e-01
5.240117968857128290e+03 4.120473284413611509e+03 2.601660772266920503e+03 1.873480971015688510e+03 1.312284151259886130e+03 7.933330226206303450e+02 4.605852885247257404e+02 2.507240069433492238e+02 1.526495616140514926e+02 2.997518190702527008e+01 2.409035594629602315e+02 1.196466959687462150e+01 2.157455296689277713e+00
1.023801603962567583e+03 6.895789345909521444e+02 6.083526813248703320e+02 2.921552725499900589e+02 1.628334107929691186e+02 2.086674039215537846e+02 1.143251256922725503e+02 4.188347689116253036e+01 3.128849943331461958e+01 1.598098558582516304e+01 1.196466959687462150e+01 4.714984969081325517e+01 -1.571348289516845687e-01
-3.358764807450226186e+01 1.941609595911439001e+01 -7.905829687612897949e+00 1.039124205599458683e+01 1.219029421386286494e+01 1.588811850970179584e+01 -7.402061290581094966e+00 -1.232316135257136569e+00 3.729323866278762001e+00 -9.121184586096485747e-01 2.157455296689277713e+00 -1.571348289516845687e-01 2.003069606071495201e+00
