2.186595977124177385e+06 1.382617459385426715e+06 9.067086241405697074e+05 6.374361177304135635e+05 4.356608169445398962e+05 2.652536389519459335e+05 1.638576198222665116e+05 8.580557979307077767e+04 3.793642478671496792e+04 1.977576817810237844e+04 5.211278271175466216e+03 1.018367031218937086e+03 -3.341319309888314848e+01
1.382617459385426715e+06 1.183093858017204097e+06 6.601013847467332380e+05 4.541827184401410050e+05 3.093243863827080932e+05 1.855017531439685263e+05 1.195902696063803160e+05 5.958337816650501190e+04 2.703225061198562980e+04 1.355600841137676798e+04 4.097897881259135829e+03 6.859355955049664999e+02 1.931572996001797904e+01
9.067086241405697074e+05 6.601013847467332380e+05 5.649952232562177815e+05 2.910569650736543699e+05 2.056079742962990131e+05 1.250094271539539186e+05 7.855723232203062798e+04 4.217239653898909455e+04 1.755490250869414740e+04 8.755885802222970597e+03 2.588439488112839626e+03 6.053800428850959179e+02 -7.868102131649507669e+00
6.374361177304135635e+05 4.541827184401410050e+05 2.910569650736543699e+05 2.880830365421498427e+05 1.461519377476964146e+05 8.627537569522975537e+04 5.403088282643930870e+04 2.747635568091492314e+04 1.268526991506888044e+04 5.488659347055670878e+03 1.864984614629418729e+03 2.908874743756999237e+02 1.034733750802563534e+01
4.356608169445398962e+05 3.093243863827080932e+05 2.056079742962990131e+05 1.461519377476964146e+05 1.355115635331306257e+05 5.958340182730968081e+04 3.783221947768715472e+04 1.922108122360052221e+04 9.367145002737914183e+03 4.401275569381048626e+03 1.307091965901675849e+03 1.622210121390153290e+02 1.214584222814600700e+01
2.652536389519459335e+05 1.855017531439685263e+05 1.250094271539539186e+05 8.627537569522975537e+04 5.958340182730968081e+04 5.981311057150718989e+04 2.305473674810969533e+04 1.324684080385582092e+04 5.688643200985419753e+03 2.830919014185045853e+03 7.906274403487457221e+02 2.079966256371852182e+02 1.583886321234739292e+01
1.638576198222665116e+05 1.195902696063803160e+05 7.855723232203062798e+04 5.403088282643930870e+04 3.783221947768715472e+04 2.305473674810969533e+04 2.765424584211054389e+04 8.305446978083091381e+03 3.832518871482401210e+03 1.983527163585908738e+03 4.592388988464056183e+02 1.140133266787300954e+02 -7.382721200288388630e+00
8.580557979307077767e+04 5.958337816650501190e+04 4.217239653898909455e+04 2.747635568091492314e+04 1.922108122360052221e+04 1.324684080385582092e+04 8.305446978083091381e+03 9.335120253291508561e+03 1.795093530515746124e+03 1.004319583814614248e+03 2.500952144763235196e+02 4.178664600040770694e+01 -1.229608292047123630e+00
3.793642478671496792e+04 2.703225061198562980e+04 1.755490250869414740e+04 1.268526991506888044e+04 9.367145002737914183e+03 5.688643200985419753e+03 3.832518871482401210e+03 1.795093530515746124e+03 2.883928367978922779e+03 3.998222338923885673e+02 1.523196676029048433e+02 3.122701576814811375e+01 3.722422879606671842e+00
1.977576817810237844e+04 1.355600841137676798e+04 8.755885802222970597e+03 5.488659347055670878e+03 4.401275569381048626e+03 2.830919014185045853e+03 1.983527163585908738e+03 1.004319583814614248e+03 3.998222338923885673e+02 8.956543645549510302e+02 2.991871239691009521e+01 1.595401355858071568e+01 -9.106835730172360144e-01
5.211278271175466216e+03 4.097897881259135829e+03 2.588439488112839626e+03 1.864984614629418729e+03 1.307091965901675849e+03 7.906274403487457221e+02 4.592388988464056183e+02 2.500952144763235196e+02 1.523196676029048433e+02 2.991871239691009521e+01 2.405040008002902709e+02 1.194717221081901037e+01 2.154547536711840294e+00
1.018367031218937086e+03 6.859355955049664999e+02 6.053800428850959179e+02 2.908874743756999237e+02 1.622210121390153290e+02 2.079966256371852182e+02 1.140133266787300954e+02 4.178664600040770694e+01 3.122701576814811375e+01 1.595401355858071568e+01 1.194717221081901037e+01 4.709014759339135026e+01 -1.569538804005317090e-01
-3.341319309888314848e+01 1.931572996001797904e+01 -7.868102131649507669e+00 1.034733750802563534e+01 1.214584222814600700e+01 1.583886321234739292e+01 -7.382721200288388630e+00 -1.229608292047123630e+00 3.722422879606671842e+00 -9.106835730172360144e-01 2.154547536711840294e+00 -1.569538804005317090e-01 2.000992691815734137e+00
