1.714190133279106813e+06 9.446049511145417346e+05 6.368439414984169416e+05 3.593512434158766991e+05 2.067880198375345790e+05 1.102309347160829348e+05 4.669098981697841373e+04 2.044020407397279996e+04 5.571178664297342038e+03 8.365732667996583132e+02 8.421536375856692302e+01
9.446049511145417346e+05 7.234699489661249099e+05 4.054800098958099261e+05 2.364623297245242284e+05 1.351780019224711577e+05 7.328761737278383225e+04 3.275945101312903716e+04 1.331474116597254033e+04 3.392520341144149825e+03 7.924381417043696274e+02 1.431151381926425756e+02
6.368439414984169416e+05 4.054800098958099261e+05 3.505219027194870869e+05 1.559232577693998464e+05 9.012972346154207480e+04 4.818263116333403741e+04 2.155745469724912982e+04 8.861926846175541868e+03 2.258658016781589140e+03 5.354391259225242266e+02 9.108788645877260137e+01
3.593512434158766991e+05 2.364623297245242284e+05 1.559232577693998464e+05 1.282495402208183223e+05 5.311803579183475813e+04 2.919915092236881173e+04 1.293212302342560724e+04 4.977110351139868726e+03 1.378065310718021465e+03 2.413912324171515706e+02 4.639590075099052058e+01
2.067880198375345790e+05 1.351780019224711577e+05 9.012972346154207480e+04 5.311803579183475813e+04 4.939562063564120035e+04 1.758453657882643893e+04 7.529335871109185064e+03 3.287924663278582102e+03 8.027263375982438447e+02 8.786436939196519802e+01 2.355873330754640449e+01
1.102309347160829348e+05 7.328761737278383225e+04 4.818263116333403741e+04 2.919915092236881173e+04 1.758453657882643893e+04 1.753489755324060388e+04 4.363465642364818450e+03 1.892510399393318949e+03 5.301940479700770084e+02 1.078035087181773974e+02 2.632931093247882615e+01
4.669098981697841373e+04 3.275945101312903716e+04 2.155745469724912982e+04 1.293212302342560724e+04 7.529335871109185064e+03 4.363465642364818450e+03 5.162019446922837233e+03 7.632284496459253660e+02 2.040462773962958352e+02 4.556845293944051889e+01 -1.427445513765611906e+00
2.044020407397279996e+04 1.331474116597254033e+04 8.861926846175541868e+03 4.977110351139868726e+03 3.287924663278582102e+03 1.892510399393318949e+03 7.632284496459253660e+02 1.342739955805916907e+03 8.181929450331351461e+01 1.829012603352456523e+01 1.850973303564110051e+00
5.571178664297342038e+03 3.392520341144149825e+03 2.258658016781589140e+03 1.378065310718021465e+03 8.027263375982438447e+02 5.301940479700770084e+02 2.040462773962958352e+02 8.181929450331351461e+01 2.665401557132482822e+02 2.729401312035359517e+00 3.356849889514807117e+00
8.365732667996583132e+02 7.924381417043696274e+02 5.354391259225242266e+02 2.413912324171515706e+02 8.786436939196519802e+01 1.078035087181773974e+02 4.556845293944051889e+01 1.829012603352456523e+01 2.729401312035359517e+00 5.486841732376942815e+01 1.449014058616502787e+00
8.421536375856692302e+01 1.431151381926425756e+02 9.108788645877260137e+01 4.639590075099052058e+01 2.355873330754640449e+01 2.632931093247882615e+01 -1.427445513765611906e+00 1.850973303564110051e+00 3.356849889514807117e+00 1.449014058616502787e+00 4.970569199719669484e+00
