2.102635273118461948e+06 1.236779106697565410e+06 8.212007609651784878e+05 5.941509951937632868e+05 3.703971854274980724e+05 2.204208029227719235e+05 1.338493226971326512e+05 5.774611610708898661e+04 2.845327142589064533e+04 1.258031260603266855e+04 1.781624549538161773e+03 3.018184519820300125e+02
1.236779106697565410e+06 1.040856304073509993e+06 5.681911063759345561e+05 4.069798884654727881e+05 2.551935834804891492e+05 1.546795958655076683e+05 9.183753456825876492e+04 4.231755950689211022e+04 1.944320789212585805e+04 9.242043037518360507e+03 1.719746355137878709e+03 1.955874862611865979e+02
8.212007609651784878e+05 5.681911063759345561e+05 4.790687045469111763e+05 2.683130057865750859e+05 1.685815759590626985e+05 1.006178891778085672e+05 6.239541006659424602e+04 2.657908840728899668e+04 1.317743384867545683e+04 5.884138250083133244e+03 9.278572309388925987e+02 1.714875785555316270e+02
5.941509951937632868e+05 4.069798884654727881e+05 2.683130057865750859e+05 2.549719470743303536e+05 1.211777457347534510e+05 7.449880489121477876e+04 4.300809999961459107e+04 1.864057371103727201e+04 8.751446877118192788e+03 4.123399895067668695e+03 6.671405823353734377e+02 1.328328246291911228e+02
3.703971854274980724e+05 2.551935834804891492e+05 1.685815759590626985e+05 1.211777457347534510e+05 1.067763420636767696e+05 4.692030658584249613e+04 2.777369559706423388e+04 1.279044709540980148e+04 5.913669509538828606e+03 2.769459982154308364e+03 4.934471298747608330e+02 1.098211480501663289e+02
2.204208029227719235e+05 1.546795958655076683e+05 1.006178891778085672e+05 7.449880489121477876e+04 4.692030658584249613e+04 4.630758736370997212e+04 1.866880693624688502e+04 8.444250014360743080e+03 3.768409097697953712e+03 1.744463907537062823e+03 2.981792502326422323e+02 5.614096146996826064e+01
1.338493226971326512e+05 9.183753456825876492e+04 6.239541006659424602e+04 4.300809999961459107e+04 2.777369559706423388e+04 1.866880693624688502e+04 1.968528735720109762e+04 5.118852945569049552e+03 2.092413555401492431e+03 1.288493104729184779e+03 2.467657216386202776e+02 2.006462904170805928e+01
5.774611610708898661e+04 4.231755950689211022e+04 2.657908840728899668e+04 1.864057371103727201e+04 1.279044709540980148e+04 8.444250014360743080e+03 5.118852945569049552e+03 5.575035512271871994e+03 9.221945075271589758e+02 4.474688745830369498e+02 1.018133355800551101e+02 -6.103898192791608501e+00
2.845327142589064533e+04 1.944320789212585805e+04 1.317743384867545683e+04 8.751446877118192788e+03 5.913669509538828606e+03 3.768409097697953712e+03 2.092413555401492431e+03 9.221945075271589758e+02 2.021417748859795665e+03 1.491092328843732560e+02 4.237434752471214239e+01 6.982326201263377996e+00
1.258031260603266855e+04 9.242043037518360507e+03 5.884138250083133244e+03 4.123399895067668695e+03 2.769459982154308364e+03 1.744463907537062823e+03 1.288493104729184779e+03 4.474688745830369498e+02 1.491092328843732560e+02 5.074725663581227764e+02 3.088223467281419232e+01 2.199991574787115045e+00
1.781624549538161773e+03 1.719746355137878709e+03 9.278572309388925987e+02 6.671405823353734377e+02 4.934471298747608330e+02 2.981792502326422323e+02 2.467657216386202776e+02 1.018133355800551101e+02 4.237434752471214239e+01 3.088223467281419232e+01 1.143034838255061487e+02 1.719601257654497006e+00
3.018184519820300125e+02 1.955874862611865979e+02 1.714875785555316270e+02 1.328328246291911228e+02 1.098211480501663289e+02 5.614096146996826064e+01 2.006462904170805928e+01 -6.103898192791608501e+00 6.982326201263377996e+00 2.199991574787115045e+00 1.719601257654497006e+00 1.649993681090375119e+01
