1.347989935700239948e+04 2.053466645731192330e+03 6.204172318580081082e+02 1.103427146801639367e+02 3.149399703585599042e+01 6.098015862377792473e+00
2.053466645731192330e+03 3.081901922863229629e+03 2.697087710295164129e+02 2.185089671072056561e+01 -2.352932165547570342e+00 -3.482339605011034234e+00
6.204172318580081082e+02 2.697087710295164129e+02 4.761628823419011951e+02 1.591758609993065576e+01 9.090161266232746229e+00 2.219599342833380007e+00
1.103427146801639367e+02 2.185089671072056561e+01 1.591758609993065576e+01 6.098604095419364768e+01 1.737248248896105407e+00 -2.549009846010087399e-01
3.149399703585599042e+01 -2.352932165547570342e+00 9.090161266232746229e+00 1.737248248896105407e+00 9.843099559208180693e+00 -3.921553609246286598e-02
6.098015862377792473e+00 -3.482339605011034234e+00 2.219599342833380007e+00 -2.549009846010087399e-01 -3.921553609246286598e-02 1.999992340715606831e+00
