1.421478967903788725e+04 2.150788074828715253e+03 6.464779819225199162e+02 1.145622091696140359e+02 3.261053887718314570e+01 6.302189556380241697e+00
2.150788074828715253e+03 3.206158281738522874e+03 2.791393961572741773e+02 2.253321485619562381e+01 -2.419890853859009816e+00 -3.574622727719031445e+00
6.464779819225199162e+02 2.791393961572741773e+02 4.902770029367463280e+02 1.633018184627798064e+01 9.300748030553561918e+00 2.266697665267360939e+00
1.145622091696140359e+02 2.253321485619562381e+01 1.633018184627798064e+01 6.234075868526510078e+01 1.771071125266054258e+00 -2.593691697229837390e-01
3.261053887718314570e+01 -2.419890853859009816e+00 9.300748030553561918e+00 1.771071125266054258e+00 1.000779672562060085e+01 -3.979582137785774715e-02
6.302189556380241697e+00 -3.574622727719031445e+00 2.266697665267360939e+00 -2.593691697229837390e-01 -3.979582137785774715e-02 2.025724439872951255e+00
