1.806203746398551157e+06 9.885285123431363609e+05 6.631109810534820426e+05 3.727911847022045986e+05 2.139374710479585046e+05 1.138122617619454686e+05 4.813560524096211884e+04 2.104951291332719484e+04 5.732525432776055823e+03 8.602787520882492345e+02 8.656643134142396434e+01
9.885285123431363609e+05 7.519530306427333271e+05 4.193280182568643941e+05 2.436350017911429168e+05 1.388988790770114283e+05 7.515318688672049029e+04 3.354294624722435401e+04 1.361823381795503883e+04 3.466990081576395369e+03 8.093415186323167063e+02 1.461083359905821624e+02
6.631109810534820426e+05 4.193280182568643941e+05 3.606731470370289171e+05 1.598463901180865359e+05 9.214567850726944744e+04 4.916109263949209708e+04 2.196222258293231425e+04 9.018419529021435665e+03 2.296650096950180341e+03 5.441150865914265751e+02 9.252610088624579987e+01
3.727911847022045986e+05 2.436350017911429168e+05 1.598463901180865359e+05 1.309908720947886904e+05 5.410560092792202340e+04 2.968209298828573810e+04 1.312628767450683335e+04 5.046297235695755262e+03 1.396070785478538710e+03 2.443967580431440467e+02 4.695442544062535717e+01
2.139374710479585046e+05 1.388988790770114283e+05 9.214567850726944744e+04 5.410560092792202340e+04 5.017688136534520163e+04 1.782667007406054472e+04 7.621558058175929546e+03 3.324546537299783722e+03 8.109986885038949822e+02 8.871595787062111071e+01 2.377737223625441843e+01
1.138122617619454686e+05 7.515318688672049029e+04 4.916109263949209708e+04 2.968209298828573810e+04 1.782667007406054472e+04 1.774053093178620111e+04 4.408011643740319414e+03 1.909734149379383553e+03 5.345785985984994113e+02 1.086290362637195273e+02 2.652012061632967033e+01
4.813560524096211884e+04 3.354294624722435401e+04 2.196222258293231425e+04 1.312628767450683335e+04 7.621558058175929546e+03 4.408011643740319414e+03 5.206892371931431626e+03 7.690188443926255104e+02 2.054249491976885906e+02 4.584849738543504571e+01 -1.435632673312972729e+00
2.104951291332719484e+04 1.361823381795503883e+04 9.018419529021435665e+03 5.046297235695755262e+03 3.324546537299783722e+03 1.909734149379383553e+03 7.690188443926255104e+02 1.351443242689552562e+03 8.228178599830769713e+01 1.838234817708757163e+01 1.859548097529759136e+00
5.732525432776055823e+03 3.466990081576395369e+03 2.296650096950180341e+03 1.396070785478538710e+03 8.109986885038949822e+02 5.345785985984994113e+02 2.054249491976885906e+02 8.228178599830769713e+01 2.678259828016184088e+02 2.740903631733565327e+00 3.369622602892170526e+00
8.602787520882492345e+02 8.093415186323167063e+02 5.441150865914265751e+02 2.443967580431440467e+02 8.871595787062111071e+01 1.086290362637195273e+02 4.584849738543504571e+01 1.838234817708757163e+01 2.740903631733565327e+00 5.506620074889794125e+01 1.453644638881192552e+00
8.656643134142396434e+01 1.461083359905821624e+02 9.252610088624579987e+01 4.695442544062535717e+01 2.377737223625441843e+01 2.652012061632967033e+01 -1.435632673312972729e+00 1.859548097529759136e+00 3.369622602892170526e+00 1.453644638881192552e+00 4.984421349179457117e+00
