2.211965785793070216e+06 1.356279935325035825e+06 9.406180036381923128e+05 6.335767226381838555e+05 4.781302806898874696e+05 2.764228531600509305e+05 1.903792297364196857e+05 9.841186821435949241e+04 4.750561022667660291e+04 2.417897799104738078e+04 7.943589186622793022e+03 1.123115306696890002e+03 2.357285090053868544e+02
1.356279935325035825e+06 1.158885350101983408e+06 6.738191136216154555e+05 4.565036321398613509e+05 3.248755401519123698e+05 1.918014458584318345e+05 1.395452695110652130e+05 6.781908145265874919e+04 3.559713426342273306e+04 1.640203914660197552e+04 5.824009068592633412e+03 7.771734942803632293e+02 7.181148969253172254e+01
9.406180036381923128e+05 6.738191136216154555e+05 6.010601903025552165e+05 3.066349315757672302e+05 2.282028221399518661e+05 1.330593629773161665e+05 9.113227648484737438e+04 4.663301552919902315e+04 2.403010797293100768e+04 1.161044573205478446e+04 3.824153982253390495e+03 4.631099911535227420e+02 1.161956334419556924e+01
6.335767226381838555e+05 4.565036321398613509e+05 3.066349315757672302e+05 2.803689890280591790e+05 1.575316829822351865e+05 8.735323017298430204e+04 6.487657899594333139e+04 3.237126818601271225e+04 1.686623344732807891e+04 7.362254158033663771e+03 2.273583449818230292e+03 2.321363658993274157e+02 2.850969473921971087e+01
4.781302806898874696e+05 3.248755401519123698e+05 2.282028221399518661e+05 1.575316829822351865e+05 1.569708949338057428e+05 6.727937567641971691e+04 4.627399729627941269e+04 2.445904946749175360e+04 1.224678839312180207e+04 5.655480302235842828e+03 1.935243569073502385e+03 1.911541699059202983e+02 5.745076037543302760e+00
2.764228531600509305e+05 1.918014458584318345e+05 1.330593629773161665e+05 8.735323017298430204e+04 6.727937567641971691e+04 6.262789937232427474e+04 2.700014561831594619e+04 1.483340397746700910e+04 6.992463417342878529e+03 3.725079851869441882e+03 1.203583625981855675e+03 1.838483155318795355e+02 5.770566136006564761e+01
1.903792297364196857e+05 1.395452695110652130e+05 9.113227648484737438e+04 6.487657899594333139e+04 4.627399729627941269e+04 2.700014561831594619e+04 3.490176241665857378e+04 1.058730259151902646e+04 5.763354398918412699e+03 2.716958222433250739e+03 7.290442668341678427e+02 1.167426901704598237e+02 -2.717636651208504617e+00
9.841186821435949241e+04 6.781908145265874919e+04 4.663301552919902315e+04 3.237126818601271225e+04 2.445904946749175360e+04 1.483340397746700910e+04 1.058730259151902646e+04 1.130546062553405500e+04 3.072407841575298789e+03 1.385520184129197560e+03 4.949510456838111168e+02 3.194693647772537304e+01 2.276461870167456780e+01
4.750561022667660291e+04 3.559713426342273306e+04 2.403010797293100768e+04 1.686623344732807891e+04 1.224678839312180207e+04 6.992463417342878529e+03 5.763354398918412699e+03 3.072407841575298789e+03 3.937545704864579875e+03 6.105153089946520595e+02 2.642264390837913766e+02 2.130580075903441184e+01 1.280779408779800654e+01
2.417897799104738078e+04 1.640203914660197552e+04 1.161044573205478446e+04 7.362254158033663771e+03 5.655480302235842828e+03 3.725079851869441882e+03 2.716958222433250739e+03 1.385520184129197560e+03 6.105153089946520595e+02 1.247924632641533208e+03 1.269877489746125718e+02 1.367445743544152315e+01 1.047054813668743911e+01
7.943589186622793022e+03 5.824009068592633412e+03 3.824153982253390495e+03 2.273583449818230292e+03 1.935243569073502385e+03 1.203583625981855675e+03 7.290442668341678427e+02 4.949510456838111168e+02 2.642264390837913766e+02 1.269877489746125718e+02 3.307203020821780797e+02 6.615660938798486157e+00 2.878420349186777472e+00
1.123115306696890002e+03 7.771734942803632293e+02 4.631099911535227420e+02 2.321363658993274157e+02 1.911541699059202983e+02 1.838483155318795355e+02 1.167426901704598237e+02 3.194693647772537304e+01 2.130580075903441184e+01 1.367445743544152315e+01 6.615660938798486157e+00 6.799777880752600367e+01 -1.196073850820117634e+00
2.357285090053868544e+02 7.181148969253172254e+01 1.161956334419556924e+01 2.850969473921971087e+01 5.745076037543302760e+00 5.770566136006564761e+01 -2.717636651208504617e+00 2.276461870167456780e+01 1.280779408779800654e+01 1.047054813668743911e+01 2.878420349186777472e+00 -1.196073850820117634e+00 9.843099559208180693e+00
