1.299398441396836191e+06 6.857770364543261239e+05 4.265315096679104026e+05 2.088903960998798138e+05 1.173197918819183833e+05 5.395034632986311044e+04 1.858103668414268031e+04 6.403402928144101679e+03 1.097787952711534217e+03 1.025368622209453662e+02
6.857770364543261239e+05 5.301270050895643653e+05 2.612839797641557816e+05 1.311147135619044711e+05 7.396068146184702346e+04 3.293545033911448263e+04 1.165210439604614476e+04 4.072674599132058574e+03 7.542716212024097331e+02 2.257246257482098173e+01
4.265315096679104026e+05 2.612839797641557816e+05 2.177360739886748488e+05 8.339139436505972117e+04 4.705044530313274299e+04 2.272323454643616060e+04 6.753003550078252374e+03 2.732577770458813120e+03 4.946843800383589382e+02 3.703123073211163785e+01
2.088903960998798138e+05 1.311147135619044711e+05 8.339139436505972117e+04 6.403777044358380954e+04 2.252817646991118090e+04 1.162893585732274187e+04 3.799283489263559204e+03 1.275430409656779375e+03 2.671127025401941069e+02 1.752934463333041748e+01
1.173197918819183833e+05 7.396068146184702346e+04 4.705044530313274299e+04 2.252817646991118090e+04 2.528317964468446735e+04 5.867628509388367092e+03 2.235381635333802478e+03 8.726005798077967484e+02 1.052427342113394246e+02 1.627444747837143879e+00
5.395034632986311044e+04 3.293545033911448263e+04 2.272323454643616060e+04 1.162893585732274187e+04 5.867628509388367092e+03 6.891636352495808751e+03 1.103042834548007704e+03 3.288614856714027042e+02 9.525453716859357201e+01 9.937216845830253220e+00
1.858103668414268031e+04 1.165210439604614476e+04 6.753003550078252374e+03 3.799283489263559204e+03 2.235381635333802478e+03 1.103042834548007704e+03 1.789026481975844945e+03 9.047024176531361661e+01 2.830969550514956978e+01 1.151760295035668591e+01
6.403402928144101679e+03 4.072674599132058574e+03 2.732577770458813120e+03 1.275430409656779375e+03 8.726005798077967484e+02 3.288614856714027042e+02 9.047024176531361661e+01 3.756848357657929114e+02 4.188219254675153103e+00 -9.882315095300984176e-01
1.097787952711534217e+03 7.542716212024097331e+02 4.946843800383589382e+02 2.671127025401941069e+02 1.052427342113394246e+02 9.525453716859357201e+01 2.830969550514956978e+01 4.188219254675153103e+00 7.177227415642556707e+01 2.274501093362847892e-01
1.025368622209453662e+02 2.257246257482098173e+01 3.703123073211163785e+01 1.752934463333041748e+01 1.627444747837143879e+00 9.937216845830253220e+00 1.151760295035668591e+01 -9.882315095300984176e-01 2.274501093362847892e-01 5.952918378835863500e+00
