2.093806289175679907e+06 1.204968472575007007e+06 7.951195633997695986e+05 5.491235111652712803e+05 3.240471560132696177e+05 1.915510432232306339e+05 1.006128428072084935e+05 4.343416673501444893e+04 2.006338002958296420e+04 5.911312144613893906e+03 9.425154921378330073e+02 -6.035336307384009302e+01
1.204968472575007007e+06 9.712585063281342154e+05 5.228997826593886130e+05 3.623100704492881196e+05 2.166196246741177456e+05 1.268022943522351852e+05 6.662768049941920617e+04 2.993449612954154145e+04 1.364159549678261283e+04 4.320838302984841903e+03 8.939744196740377902e+02 -5.430306898687306472e+01
7.951195633997695986e+05 5.228997826593886130e+05 4.469871424088975182e+05 2.414639126334501198e+05 1.435368847628402582e+05 8.752039727149486134e+04 4.359213789414017083e+04 1.947059073739498126e+04 8.546865950336723472e+03 2.534500207531673368e+03 4.429525814092760925e+02 -3.613641148081008936e+01
5.491235111652712803e+05 3.623100704492881196e+05 2.414639126334501198e+05 2.222334008162419486e+05 9.770642350675705529e+04 6.140606774774586665e+04 2.933439487698993980e+04 1.354186156853984357e+04 5.501460034595503203e+03 1.953951862521412750e+03 4.454914708458746873e+02 1.882527645787258663e+01
3.240471560132696177e+05 2.166196246741177456e+05 1.435368847628402582e+05 9.770642350675705529e+04 8.580183697776740883e+04 3.612855400393196032e+04 1.958591562488170894e+04 9.313616631891771249e+03 3.500268259658361785e+03 1.219317549317167959e+03 2.890198509372448825e+02 2.100171011578292379e+01
1.915510432232306339e+05 1.268022943522351852e+05 8.752039727149486134e+04 6.140606774774586665e+04 3.612855400393196032e+04 3.814232421437708399e+04 1.160461886947259154e+04 5.771192249170269861e+03 2.267700166410020756e+03 5.901412985719100561e+02 9.451474647915530625e+01 -2.062262940941771205e+00
1.006128428072084935e+05 6.662768049941920617e+04 4.359213789414017083e+04 2.933439487698993980e+04 1.958591562488170894e+04 1.160461886947259154e+04 1.276596009360486823e+04 2.724168968524550564e+03 1.295603725146592524e+03 4.142564191855234981e+02 3.047646054705722918e+01 4.409360391854003858e+00
4.343416673501444893e+04 2.993449612954154145e+04 1.947059073739498126e+04 1.354186156853984357e+04 9.313616631891771249e+03 5.771192249170269861e+03 2.724168968524550564e+03 4.096705112422689126e+03 4.760135140054563863e+02 1.481537094586881267e+02 4.174080271935180519e+01 6.659555935178429475e-01
2.006338002958296420e+04 1.364159549678261283e+04 8.546865950336723472e+03 5.501460034595503203e+03 3.500268259658361785e+03 2.267700166410020756e+03 1.295603725146592524e+03 4.760135140054563863e+02 1.107918154669058595e+03 7.574514531011131169e+01 1.392541071293846677e+01 4.967782351885148273e-01
5.911312144613893906e+03 4.320838302984841903e+03 2.534500207531673368e+03 1.953951862521412750e+03 1.219317549317167959e+03 5.901412985719100561e+02 4.142564191855234981e+02 1.481537094586881267e+02 7.574514531011131169e+01 2.228043484056426848e+02 1.776659148908129993e+01 6.399037407659903254e-01
9.425154921378330073e+02 8.939744196740377902e+02 4.429525814092760925e+02 4.454914708458746873e+02 2.890198509372448825e+02 9.451474647915530625e+01 3.047646054705722918e+01 4.174080271935180519e+01 1.392541071293846677e+01 1.776659148908129993e+01 4.561190889928292336e+01 -4.219303673107777097e-01
-6.035336307384009302e+01 -5.430306898687306472e+01 -3.613641148081008936e+01 1.882527645787258663e+01 2.100171011578292379e+01 -2.062262940941771205e+00 4.409360391854003858e+00 6.659555935178429475e-01 4.967782351885148273e-01 6.399037407659903254e-01 -4.219303673107777097e-01 4.974183458457535068e+00
