1.791326275700366125e+06 9.957859963459492428e+05 6.871693256319798529e+05 4.528217418722689035e+05 2.623481633611290017e+05 1.795341433166746283e+05 9.573145718150110042e+04 4.745015521621255903e+04 1.992703014338929643e+04 3.543825840979717213e+03 1.039559415466790142e+03 2.741215276998601666e+02 6.673390553253750568e+01 0.000000000000000000e+00 0.000000000000000000e+00 0.000000000000000000e+00 0.000000000000000000e+00 0.000000000000000000e+00 0.000000000000000000e+00 0.000000000000000000e+00
9.957859963459492428e+05 7.882663389494987205e+05 4.424415612466001767e+05 2.803532075145273702e+05 1.669191469411349972e+05 1.098476932801303628e+05 5.987708845869076322e+04 2.905797140100967954e+04 1.234469161853622063e+04 2.494778146102000846e+03 6.535683269110458014e+02 6.544739908913217619e+01 2.626700154291278011e+01 0.000000000000000000e+00 0.000000000000000000e+00 0.000000000000000000e+00 0.000000000000000000e+00 0.000000000000000000e+00 0.000000000000000000e+00 0.000000000000000000e+00
6.871693256319798529e+05 4.424415612466001767e+05 3.968392805840234505e+05 2.014423476857331407e+05 1.160539376745582849e+05 7.981184483766795893e+04 4.019762274803182663e+04 2.207870353678148967e+04 8.411913161681346537e+03 1.434171511552939137e+03 3.010090072114293775e+02 1.020963683047085766e+02 1.685086124566728216e+01 0.000000000000000000e+00 0.000000000000000000e+00 0.000000000000000000e+00 0.000000000000000000e+00 0.000000000000000000e+00 0.000000000000000000e+00 0.000000000000000000e+00
4.528217418722689035e+05 2.803532075145273702e+05 2.014423476857331407e+05 1.910691956447421690e+05 7.626057587122965197e+04 5.000148171135301527e+04 2.684326275342034933e+04 1.329329665839866357e+04 6.281002666812900316e+03 1.038577979502979360e+03 2.850973196752651120e+02 5.957288975071870851e+01 1.499683891186082896e+01 0.000000000000000000e+00 0.000000000000000000e+00 0.000000000000000000e+00 0.000000000000000000e+00 0.000000000000000000e+00 0.000000000000000000e+00 0.000000000000000000e+00
2.623481633611290017e+05 1.669191469411349972e+05 1.160539376745582849e+05 7.626057587122965197e+04 8.095311773488800100e+04 3.129159606275644910e+04 1.638428222215750793e+04 6.257748456451460697e+03 3.442798478015089131e+03 8.849952777010236105e+02 1.430420594754642423e+02 2.022006630072519240e+00 4.469235762317217642e+00 0.000000000000000000e+00 0.000000000000000000e+00 0.000000000000000000e+00 0.000000000000000000e+00 0.000000000000000000e+00 0.000000000000000000e+00 0.000000000000000000e+00
1.795341433166746283e+05 1.098476932801303628e+05 7.981184483766795893e+04 5.000148171135301527e+04 3.129159606275644910e+04 3.550457675791736256e+04 1.136093486787077745e+04 5.485132659886659894e+03 2.564243344470017746e+03 3.898729427167800736e+02 1.441910945528077832e+02 1.571336142523582602e+01 7.079626381976632743e+00 0.000000000000000000e+00 0.000000000000000000e+00 0.000000000000000000e+00 0.000000000000000000e+00 0.000000000000000000e+00 0.000000000000000000e+00 0.000000000000000000e+00
9.573145718150110042e+04 5.987708845869076322e+04 4.019762274803182663e+04 2.684326275342034933e+04 1.638428222215750793e+04 1.136093486787077745e+04 1.371069110848724085e+04 2.944033745958997770e+03 1.121271662427416231e+03 2.944672752907332551e+02 7.962616361221263617e+01 1.565211291980266317e+01 8.640989620078171285e+00 0.000000000000000000e+00 0.000000000000000000e+00 0.000000000000000000e+00 0.000000000000000000e+00 0.000000000000000000e+00 0.000000000000000000e+00 0.000000000000000000e+00
4.745015521621255903e+04 2.905797140100967954e+04 2.207870353678148967e+04 1.329329665839866357e+04 6.257748456451460697e+03 5.485132659886659894e+03 2.944033745958997770e+03 4.339753026605277228e+03 5.164091655124606177e+02 1.685877920179347598e+02 1.813122800373303178e+01 2.262298319451339879e+01 -8.642828467310769147e-01 0.000000000000000000e+00 0.000000000000000000e+00 0.000000000000000000e+00 0.000000000000000000e+00 0.000000000000000000e+00 0.000000000000000000e+00 0.000000000000000000e+00
1.992703014338929643e+04 1.234469161853622063e+04 8.411913161681346537e+03 6.281002666812900316e+03 3.442798478015089131e+03 2.564243344470017746e+03 1.121271662427416231e+03 5.164091655124606177e+02 1.375869406133714392e+03 8.478853468396042103e+01 2.893582806008035391e+01 4.849989363321260072e+00 1.672778462544054934e+00 0.000000000000000000e+00 0.000000000000000000e+00 0.000000000000000000e+00 0.000000000000000000e+00 0.000000000000000000e+00 0.000000000000000000e+00 0.000000000000000000e+00
3.543825840979717213e+03 2.494778146102000846e+03 1.434171511552939137e+03 1.038577979502979360e+03 8.849952777010236105e+02 3.898729427167800736e+02 2.944672752907332551e+02 1.685877920179347598e+02 8.478853468396042103e+01 2.966475878116686999e+02 1.472804848079687901e+01 2.002151331482777685e-01 -8.635836384708452107e-02 0.000000000000000000e+00 0.000000000000000000e+00 0.000000000000000000e+00 0.000000000000000000e+00 0.000000000000000000e+00 0.000000000000000000e+00 0.000000000000000000e+00
1.039559415466790142e+03 6.535683269110458014e+02 3.010090072114293775e+02 2.850973196752651120e+02 1.430420594754642423e+02 1.441910945528077832e+02 7.962616361221263617e+01 1.813122800373303178e+01 2.893582806008035391e+01 1.472804848079687901e+01 4.360278871816122148e+01 -5.906946368613433807e-01 -1.687524100476719413e-01 0.000000000000000000e+00 0.000000000000000000e+00 0.000000000000000000e+00 0.000000000000000000e+00 0.000000000000000000e+00 0.000000000000000000e+00 0.000000000000000000e+00
2.741215276998601666e+02 6.544739908913217619e+01 1.020963683047085766e+02 5.957288975071870851e+01 2.022006630072519240e+00 1.571336142523582602e+01 1.565211291980266317e+01 2.262298319451339879e+01 4.849989363321260072e+00 2.002151331482777685e-01 -5.906946368613433807e-01 6.936087026414141654e+00 -2.746680546738122786e-02 0.000000000000000000e+00 0.000000000000000000e+00 0.000000000000000000e+00 0.000000000000000000e+00 0.000000000000000000e+00 0.000000000000000000e+00 0.000000000000000000e+00
6.673390553253750568e+01 2.626700154291278011e+01 1.685086124566728216e+01 1.499683891186082896e+01 4.469235762317217642e+00 7.079626381976632743e+00 8.640989620078171285e+00 -8.642828467310769147e-01 1.672778462544054934e+00 -8.635836384708452107e-02 -1.687524100476719413e-01 -2.746680546738122786e-02 2.000945630906223460e+00 0.000000000000000000e+00 0.000000000000000000e+00 0.000000000000000000e+00 0.000000000000000000e+00 0.000000000000000000e+00 0.000000000000000000e+00 0.000000000000000000e+00
0.000000000000000000e+00 0.000000000000000000e+00 0.000000000000000000e+00 0.000000000000000000e+00 0.000000000000000000e+00 0.000000000000000000e+00 0.000000000000000000e+00 0.000000000000000000e+00 0.000000000000000000e+00 0.000000000000000000e+00 0.000000000000000000e+00 0.000000000000000000e+00 0.000000000000000000e+00 0.000000000000000000e+00 0.000000000000000000e+00 0.000000000000000000e+00 0.000000000000000000e+00 0.000000000000000000e+00 0.000000000000000000e+00 0.000000000000000000e+00
0.000000000000000000e+00 0.000000000000000000e+00 0.000000000000000000e+00 0.000000000000000000e+00 0.000000000000000000e+00 0.000000000000000000e+00 0.000000000000000000e+00 0.000000000000000000e+00 0.000000000000000000e+00 0.000000000000000000e+00 0.000000000000000000e+00 0.000000000000000000e+00 0.000000000000000000e+00 0.000000000000000000e+00 0.000000000000000000e+00 0.000000000000000000e+00 0.000000000000000000e+00 0.000000000000000000e+00 0.000000000000000000e+00 0.000000000000000000e+00
0.000000000000000000e+00 0.000000000000000000e+00 0.000000000000000000e+00 0.000000000000000000e+00 0.000000000000000000e+00 0.000000000000000000e+00 0.000000000000000000e+00 0.000000000000000000e+00 0.000000000000000000e+00 0.000000000000000000e+00 0.000000000000000000e+00 0.000000000000000000e+00 0.000000000000000000e+00 0.000000000000000000e+00 0.000000000000000000e+00 0.000000000000000000e+00 0.000000000000000000e+00 0.000000000000000000e+00 0.000000000000000000e+00 0.000000000000000000e+00
0.000000000000000000e+00 0.000000000000000000e+00 0.000000000000000000e+00 0.000000000000000000e+00 0.000000000000000000e+00 0.000000000000000000e+00 0.000000000000000000e+00 0.000000000000000000e+00 0.000000000000000000e+00 0.000000000000000000e+00 0.000000000000000000e+00 0.000000000000000000e+00 0.000000000000000000e+00 0.000000000000000000e+00 0.000000000000000000e+00 0.000000000000000000e+00 0.000000000000000000e+00 0.000000000000000000e+00 0.000000000000000000e+00 0.000000000000000000e+00
0.000000000000000000e+00 0.000000000000000000e+00 0.000000000000000000e+00 0.000000000000000000e+00 0.000000000000000000e+00 0.000000000000000000e+00 0.000000000000000000e+00 0.000000000000000000e+00 0.000000000000000000e+00 0.000000000000000000e+00 0.000000000000000000e+00 0.000000000000000000e+00 0.000000000000000000e+00 0.000000000000000000e+00 0.000000000000000000e+00 0.000000000000000000e+00 0.000000000000000000e+00 0.000000000000000000e+00 0.000000000000000000e+00 0.000000000000000000e+00
0.000000000000000000e+00 0.000000000000000000e+00 0.000000000000000000e+00 0.000000000000000000e+00 0.000000000000000000e+00 0.000000000000000000e+00 0.000000000000000000e+00 0.000000000000000000e+00 0.000000000000000000e+00 0.000000000000000000e+00 0.000000000000000000e+00 0.000000000000000000e+00 0.000000000000000000e+00 0.000000000000000000e+00 0.000000000000000000e+00 0.000000000000000000e+00 0.000000000000000000e+00 0.000000000000000000e+00 0.000000000000000000e+00 0.000000000000000000e+00
0.000000000000000000e+00 0.000000000000000000e+00 0.000000000000000000e+00 0.000000000000000000e+00 0.000000000000000000e+00 0.000000000000000000e+00 0.000000000000000000e+00 0.000000000000000000e+00 0.000000000000000000e+00 0.000000000000000000e+00 0.000000000000000000e+00 0.000000000000000000e+00 0.000000000000000000e+00 0.000000000000000000e+00 0.000000000000000000e+00 0.000000000000000000e+00 0.000000000000000000e+00 0.000000000000000000e+00 0.000000000000000000e+00 0.000000000000000000e+00
