1.684236210017452715e+06 9.128544805266530020e+05 6.041365122592058033e+05 3.862657132100185263e+05 2.339835983142633049e+05 1.324497500135989976e+05 6.945572965699566703e+04 3.244042110408333974e+04 9.168098468606247479e+03 2.037513770039382052e+03 5.916322490922819952e+02 1.819577234795669654e+02 5.805308943328567040e+01 0.000000000000000000e+00 0.000000000000000000e+00 0.000000000000000000e+00 0.000000000000000000e+00 0.000000000000000000e+00 0.000000000000000000e+00 0.000000000000000000e+00
9.128544805266530020e+05 7.129750738369456958e+05 3.862221662664957694e+05 2.483980906481361890e+05 1.476889870571860229e+05 8.685739296368218493e+04 4.261330681459025072e+04 2.099911583097936818e+04 5.514398850433073676e+03 1.512688238311121268e+03 2.610207519022574729e+02 3.704665948321619595e+01 5.180498654068956910e+01 0.000000000000000000e+00 0.000000000000000000e+00 0.000000000000000000e+00 0.000000000000000000e+00 0.000000000000000000e+00 0.000000000000000000e+00 0.000000000000000000e+00
6.041365122592058033e+05 3.862221662664957694e+05 3.463163050083456328e+05 1.660914684139403107e+05 9.996649933794696699e+04 5.757796858791662089e+04 2.741056775261229996e+04 1.540682784692680798e+04 3.980450645341531526e+03 7.046089267674293524e+02 1.517484757987311355e+02 4.419885247930365324e+01 2.296699977967288575e+01 0.000000000000000000e+00 0.000000000000000000e+00 0.000000000000000000e+00 0.000000000000000000e+00 0.000000000000000000e+00 0.000000000000000000e+00 0.000000000000000000e+00
3.862657132100185263e+05 2.483980906481361890e+05 1.660914684139403107e+05 1.564133455147790955e+05 6.548793941735660337e+04 3.623990776951352746e+04 1.771239997709757517e+04 9.693736074193428067e+03 2.673764282003010067e+03 4.403514360586797807e+02 1.186029838415710174e+02 1.343055267880292192e+01 3.091098776970025597e+01 0.000000000000000000e+00 0.000000000000000000e+00 0.000000000000000000e+00 0.000000000000000000e+00 0.000000000000000000e+00 0.000000000000000000e+00 0.000000000000000000e+00
2.339835983142633049e+05 1.476889870571860229e+05 9.996649933794696699e+04 6.548793941735660337e+04 6.570394404465168191e+04 2.284748635640589418e+04 1.024509638237404943e+04 5.380841885295108113e+03 1.499226929187929727e+03 3.617048102421090903e+02 1.085824735190602865e+02 1.840752544165210836e+01 2.835746464226247099e+00 0.000000000000000000e+00 0.000000000000000000e+00 0.000000000000000000e+00 0.000000000000000000e+00 0.000000000000000000e+00 0.000000000000000000e+00 0.000000000000000000e+00
1.324497500135989976e+05 8.685739296368218493e+04 5.757796858791662089e+04 3.623990776951352746e+04 2.284748635640589418e+04 2.612685862469483254e+04 6.805656395181813423e+03 3.361475786171572054e+03 1.026940176208042203e+03 2.366664121733325317e+02 -2.310692040446308937e+00 5.643950013172919000e+00 1.324862166430462906e+01 0.000000000000000000e+00 0.000000000000000000e+00 0.000000000000000000e+00 0.000000000000000000e+00 0.000000000000000000e+00 0.000000000000000000e+00 0.000000000000000000e+00
6.945572965699566703e+04 4.261330681459025072e+04 2.741056775261229996e+04 1.771239997709757517e+04 1.024509638237404943e+04 6.805656395181813423e+03 8.856271105445028297e+03 1.324755750265795768e+03 4.336829575939699453e+02 9.045623013569540660e+01 2.466027343492240931e+01 1.464987698063536925e+01 1.649229766080763993e+00 0.000000000000000000e+00 0.000000000000000000e+00 0.000000000000000000e+00 0.000000000000000000e+00 0.000000000000000000e+00 0.000000000000000000e+00 0.000000000000000000e+00
3.244042110408333974e+04 2.099911583097936818e+04 1.540682784692680798e+04 9.693736074193428067e+03 5.380841885295108113e+03 3.361475786171572054e+03 1.324755750265795768e+03 2.935085628968754918e+03 2.258692137491581491e+02 1.080064783289154633e+02 1.254754994169979199e+01 1.396392405307133977e+01 -2.946519978882757365e-02 0.000000000000000000e+00 0.000000000000000000e+00 0.000000000000000000e+00 0.000000000000000000e+00 0.000000000000000000e+00 0.000000000000000000e+00 0.000000000000000000e+00
9.168098468606247479e+03 5.514398850433073676e+03 3.980450645341531526e+03 2.673764282003010067e+03 1.499226929187929727e+03 1.026940176208042203e+03 4.336829575939699453e+02 2.258692137491581491e+02 7.982786142646665439e+02 4.925228527157672431e+01 1.375135274124760798e+01 1.044636000643061724e+00 7.637672459045443674e-01 0.000000000000000000e+00 0.000000000000000000e+00 0.000000000000000000e+00 0.000000000000000000e+00 0.000000000000000000e+00 0.000000000000000000e+00 0.000000000000000000e+00
2.037513770039382052e+03 1.512688238311121268e+03 7.046089267674293524e+02 4.403514360586797807e+02 3.617048102421090903e+02 2.366664121733325317e+02 9.045623013569540660e+01 1.080064783289154633e+02 4.925228527157672431e+01 1.231457900878900347e+02 2.618996411293303073e+00 1.028585507606438076e+00 -2.453449928971116745e-01 0.000000000000000000e+00 0.000000000000000000e+00 0.000000000000000000e+00 0.000000000000000000e+00 0.000000000000000000e+00 0.000000000000000000e+00 0.000000000000000000e+00
5.916322490922819952e+02 2.610207519022574729e+02 1.517484757987311355e+02 1.186029838415710174e+02 1.085824735190602865e+02 -2.310692040446308937e+00 2.466027343492240931e+01 1.254754994169979199e+01 1.375135274124760798e+01 2.618996411293303073e+00 1.946340511803947848e+01 -1.413008716381924934e-01 -3.532180769073588189e-02 0.000000000000000000e+00 0.000000000000000000e+00 0.000000000000000000e+00 0.000000000000000000e+00 0.000000000000000000e+00 0.000000000000000000e+00 0.000000000000000000e+00
1.819577234795669654e+02 3.704665948321619595e+01 4.419885247930365324e+01 1.343055267880292192e+01 1.840752544165210836e+01 5.643950013172919000e+00 1.464987698063536925e+01 1.396392405307133977e+01 1.044636000643061724e+00 1.028585507606438076e+00 -1.413008716381924934e-01 3.987182259467271006e+00 -7.848026270993667744e-03 0.000000000000000000e+00 0.000000000000000000e+00 0.000000000000000000e+00 0.000000000000000000e+00 0.000000000000000000e+00 0.000000000000000000e+00 0.000000000000000000e+00
5.805308943328567040e+01 5.180498654068956910e+01 2.296699977967288575e+01 3.091098776970025597e+01 2.835746464226247099e+00 1.324862166430462906e+01 1.649229766080763993e+00 -2.946519978882757365e-02 7.637672459045443674e-01 -2.453449928971116745e-01 -3.532180769073588189e-02 -7.848026270993667744e-03 1.002488568735113050e+00 0.000000000000000000e+00 0.000000000000000000e+00 0.000000000000000000e+00 0.000000000000000000e+00 0.000000000000000000e+00 0.000000000000000000e+00 0.000000000000000000e+00
0.000000000000000000e+00 0.000000000000000000e+00 0.000000000000000000e+00 0.000000000000000000e+00 0.000000000000000000e+00 0.000000000000000000e+00 0.000000000000000000e+00 0.000000000000000000e+00 0.000000000000000000e+00 0.000000000000000000e+00 0.000000000000000000e+00 0.000000000000000000e+00 0.000000000000000000e+00 0.000000000000000000e+00 0.000000000000000000e+00 0.000000000000000000e+00 0.000000000000000000e+00 0.000000000000000000e+00 0.000000000000000000e+00 0.000000000000000000e+00
0.000000000000000000e+00 0.000000000000000000e+00 0.000000000000000000e+00 0.000000000000000000e+00 0.000000000000000000e+00 0.000000000000000000e+00 0.000000000000000000e+00 0.000000000000000000e+00 0.000000000000000000e+00 0.000000000000000000e+00 0.000000000000000000e+00 0.000000000000000000e+00 0.000000000000000000e+00 0.000000000000000000e+00 0.000000000000000000e+00 0.000000000000000000e+00 0.000000000000000000e+00 0.000000000000000000e+00 0.000000000000000000e+00 0.000000000000000000e+00
0.000000000000000000e+00 0.000000000000000000e+00 0.000000000000000000e+00 0.000000000000000000e+00 0.000000000000000000e+00 0.000000000000000000e+00 0.000000000000000000e+00 0.000000000000000000e+00 0.000000000000000000e+00 0.000000000000000000e+00 0.000000000000000000e+00 0.000000000000000000e+00 0.000000000000000000e+00 0.000000000000000000e+00 0.000000000000000000e+00 0.000000000000000000e+00 0.000000000000000000e+00 0.000000000000000000e+00 0.000000000000000000e+00 0.000000000000000000e+00
0.000000000000000000e+00 0.000000000000000000e+00 0.000000000000000000e+00 0.000000000000000000e+00 0.000000000000000000e+00 0.000000000000000000e+00 0.000000000000000000e+00 0.000000000000000000e+00 0.000000000000000000e+00 0.000000000000000000e+00 0.000000000000000000e+00 0.000000000000000000e+00 0.000000000000000000e+00 0.000000000000000000e+00 0.000000000000000000e+00 0.000000000000000000e+00 0.000000000000000000e+00 0.000000000000000000e+00 0.000000000000000000e+00 0.000000000000000000e+00
0.000000000000000000e+00 0.000000000000000000e+00 0.000000000000000000e+00 0.000000000000000000e+00 0.000000000000000000e+00 0.000000000000000000e+00 0.000000000000000000e+00 0.000000000000000000e+00 0.000000000000000000e+00 0.000000000000000000e+00 0.000000000000000000e+00 0.000000000000000000e+00 0.000000000000000000e+00 0.000000000000000000e+00 0.000000000000000000e+00 0.000000000000000000e+00 0.000000000000000000e+00 0.000000000000000000e+00 0.000000000000000000e+00 0.000000000000000000e+00
0.000000000000000000e+00 0.000000000000000000e+00 0.000000000000000000e+00 0.000000000000000000e+00 0.000000000000000000e+00 0.000000000000000000e+00 0.000000000000000000e+00 0.000000000000000000e+00 0.000000000000000000e+00 0.000000000000000000e+00 0.000000000000000000e+00 0.000000000000000000e+00 0.000000000000000000e+00 0.000000000000000000e+00 0.000000000000000000e+00 0.000000000000000000e+00 0.000000000000000000e+00 0.000000000000000000e+00 0.000000000000000000e+00 0.000000000000000000e+00
0.000000000000000000e+00 0.000000000000000000e+00 0.000000000000000000e+00 0.000000000000000000e+00 0.000000000000000000e+00 0.000000000000000000e+00 0.000000000000000000e+00 0.000000000000000000e+00 0.000000000000000000e+00 0.000000000000000000e+00 0.000000000000000000e+00 0.000000000000000000e+00 0.000000000000000000e+00 0.000000000000000000e+00 0.000000000000000000e+00 0.000000000000000000e+00 0.000000000000000000e+00 0.000000000000000000e+00 0.000000000000000000e+00 0.000000000000000000e+00
