1.833876703554709675e+06 1.070306774222253356e+06 7.272905912766177207e+05 5.052770824547987431e+05 2.939524401550243492e+05 2.038488199556564796e+05 1.158049856145339290e+05 5.991682715080888011e+04 3.417884741422099614e+04 9.333356328129513713e+03 4.629393984238943176e+02 7.935481794428661715e+02 1.616878048049176755e+02 0.000000000000000000e+00 0.000000000000000000e+00 0.000000000000000000e+00 0.000000000000000000e+00 0.000000000000000000e+00 0.000000000000000000e+00 0.000000000000000000e+00
1.070306774222253356e+06 9.007058319458311889e+05 4.916369534155151923e+05 3.417436449118420715e+05 2.011899572325992922e+05 1.357203352817814739e+05 7.695582506020483561e+04 3.959227913149506639e+04 2.335765884393061424e+04 6.644647240524360313e+03 5.368927301822574236e+02 4.499223611686932713e+02 7.935067655468921544e+01 0.000000000000000000e+00 0.000000000000000000e+00 0.000000000000000000e+00 0.000000000000000000e+00 0.000000000000000000e+00 0.000000000000000000e+00 0.000000000000000000e+00
7.272905912766177207e+05 4.916369534155151923e+05 4.453189543300980586e+05 2.302921905064198072e+05 1.391198595574734209e+05 9.007953281671032892e+04 5.481071160906540172e+04 2.822103055704613143e+04 1.679547526153386571e+04 4.252635778420226416e+03 2.271486380263332876e+02 3.296974932477712628e+02 6.694731481892439717e+01 0.000000000000000000e+00 0.000000000000000000e+00 0.000000000000000000e+00 0.000000000000000000e+00 0.000000000000000000e+00 0.000000000000000000e+00 0.000000000000000000e+00
5.052770824547987431e+05 3.417436449118420715e+05 2.302921905064198072e+05 2.250511936653404555e+05 9.200423211294140492e+04 6.421298272923302284e+04 3.737007752416589938e+04 1.827940977862046930e+04 1.108187056035235400e+04 2.734687303949189300e+03 4.817518867729145882e+01 2.738833406743022465e+02 2.169939406694120265e+01 0.000000000000000000e+00 0.000000000000000000e+00 0.000000000000000000e+00 0.000000000000000000e+00 0.000000000000000000e+00 0.000000000000000000e+00 0.000000000000000000e+00
2.939524401550243492e+05 2.011899572325992922e+05 1.391198595574734209e+05 9.200423211294140492e+04 9.205676061035238672e+04 4.008495402047918469e+04 2.160065261860327519e+04 1.045069119266002235e+04 6.239957784021418775e+03 1.908849482403519914e+03 2.111161810640516876e+02 7.711253316834415727e+01 6.916662034353501021e+00 0.000000000000000000e+00 0.000000000000000000e+00 0.000000000000000000e+00 0.000000000000000000e+00 0.000000000000000000e+00 0.000000000000000000e+00 0.000000000000000000e+00
2.038488199556564796e+05 1.357203352817814739e+05 9.007953281671032892e+04 6.421298272923302284e+04 4.008495402047918469e+04 4.428618746597507561e+04 1.614862913516173467e+04 6.919593246735396860e+03 4.502476411948242458e+03 1.425395691524163794e+03 8.477586256093535155e+01 1.350983016293916705e+02 8.836735773604200261e+00 0.000000000000000000e+00 0.000000000000000000e+00 0.000000000000000000e+00 0.000000000000000000e+00 0.000000000000000000e+00 0.000000000000000000e+00 0.000000000000000000e+00
1.158049856145339290e+05 7.695582506020483561e+04 5.481071160906540172e+04 3.737007752416589938e+04 2.160065261860327519e+04 1.614862913516173467e+04 1.959362763340341553e+04 4.673179190728534195e+03 2.659055731372386617e+03 6.281247833966144754e+02 5.593397016882283879e+01 5.208753696465949190e+01 1.931052046066180949e+01 0.000000000000000000e+00 0.000000000000000000e+00 0.000000000000000000e+00 0.000000000000000000e+00 0.000000000000000000e+00 0.000000000000000000e+00 0.000000000000000000e+00
5.991682715080888011e+04 3.959227913149506639e+04 2.822103055704613143e+04 1.827940977862046930e+04 1.045069119266002235e+04 6.919593246735396860e+03 4.673179190728534195e+03 6.416664916223076943e+03 1.236706089301916336e+03 4.485863673826326590e+02 3.802706543045174215e+01 4.952107512120920063e+01 7.601770577985336175e+00 0.000000000000000000e+00 0.000000000000000000e+00 0.000000000000000000e+00 0.000000000000000000e+00 0.000000000000000000e+00 0.000000000000000000e+00 0.000000000000000000e+00
3.417884741422099614e+04 2.335765884393061424e+04 1.679547526153386571e+04 1.108187056035235400e+04 6.239957784021418775e+03 4.502476411948242458e+03 2.659055731372386617e+03 1.236706089301916336e+03 2.390562915653476921e+03 2.245244651155444160e+02 7.936051960247985093e+00 2.691654711595484883e+01 8.236246490895620553e+00 0.000000000000000000e+00 0.000000000000000000e+00 0.000000000000000000e+00 0.000000000000000000e+00 0.000000000000000000e+00 0.000000000000000000e+00 0.000000000000000000e+00
9.333356328129513713e+03 6.644647240524360313e+03 4.252635778420226416e+03 2.734687303949189300e+03 1.908849482403519914e+03 1.425395691524163794e+03 6.281247833966144754e+02 4.485863673826326590e+02 2.245244651155444160e+02 6.329799383148298375e+02 1.019903931302162547e+01 1.200523843756176312e+01 7.399404720221168796e-01 0.000000000000000000e+00 0.000000000000000000e+00 0.000000000000000000e+00 0.000000000000000000e+00 0.000000000000000000e+00 0.000000000000000000e+00 0.000000000000000000e+00
4.629393984238943176e+02 5.368927301822574236e+02 2.271486380263332876e+02 4.817518867729145882e+01 2.111161810640516876e+02 8.477586256093535155e+01 5.593397016882283879e+01 3.802706543045174215e+01 7.936051960247985093e+00 1.019903931302162547e+01 1.114849941163542582e+02 -1.342336584539545852e+00 -8.437735346126097602e-02 0.000000000000000000e+00 0.000000000000000000e+00 0.000000000000000000e+00 0.000000000000000000e+00 0.000000000000000000e+00 0.000000000000000000e+00 0.000000000000000000e+00
7.935481794428661715e+02 4.499223611686932713e+02 3.296974932477712628e+02 2.738833406743022465e+02 7.711253316834415727e+01 1.350983016293916705e+02 5.208753696465949190e+01 4.952107512120920063e+01 2.691654711595484883e+01 1.200523843756176312e+01 -1.342336584539545852e+00 2.131693109512117701e+01 -1.961945970140272499e-01 0.000000000000000000e+00 0.000000000000000000e+00 0.000000000000000000e+00 0.000000000000000000e+00 0.000000000000000000e+00 0.000000000000000000e+00 0.000000000000000000e+00
1.616878048049176755e+02 7.935067655468921544e+01 6.694731481892439717e+01 2.169939406694120265e+01 6.916662034353501021e+00 8.836735773604200261e+00 1.931052046066180949e+01 7.601770577985336175e+00 8.236246490895620553e+00 7.399404720221168796e-01 -8.437735346126097602e-02 -1.961945970140272499e-01 4.972984729384673841e+00 0.000000000000000000e+00 0.000000000000000000e+00 0.000000000000000000e+00 0.000000000000000000e+00 0.000000000000000000e+00 0.000000000000000000e+00 0.000000000000000000e+00
0.000000000000000000e+00 0.000000000000000000e+00 0.000000000000000000e+00 0.000000000000000000e+00 0.000000000000000000e+00 0.000000000000000000e+00 0.000000000000000000e+00 0.000000000000000000e+00 0.000000000000000000e+00 0.000000000000000000e+00 0.000000000000000000e+00 0.000000000000000000e+00 0.000000000000000000e+00 0.000000000000000000e+00 0.000000000000000000e+00 0.000000000000000000e+00 0.000000000000000000e+00 0.000000000000000000e+00 0.000000000000000000e+00 0.000000000000000000e+00
0.000000000000000000e+00 0.000000000000000000e+00 0.000000000000000000e+00 0.000000000000000000e+00 0.000000000000000000e+00 0.000000000000000000e+00 0.000000000000000000e+00 0.000000000000000000e+00 0.000000000000000000e+00 0.000000000000000000e+00 0.000000000000000000e+00 0.000000000000000000e+00 0.000000000000000000e+00 0.000000000000000000e+00 0.000000000000000000e+00 0.000000000000000000e+00 0.000000000000000000e+00 0.000000000000000000e+00 0.000000000000000000e+00 0.000000000000000000e+00
0.000000000000000000e+00 0.000000000000000000e+00 0.000000000000000000e+00 0.000000000000000000e+00 0.000000000000000000e+00 0.000000000000000000e+00 0.000000000000000000e+00 0.000000000000000000e+00 0.000000000000000000e+00 0.000000000000000000e+00 0.000000000000000000e+00 0.000000000000000000e+00 0.000000000000000000e+00 0.000000000000000000e+00 0.000000000000000000e+00 0.000000000000000000e+00 0.000000000000000000e+00 0.000000000000000000e+00 0.000000000000000000e+00 0.000000000000000000e+00
0.000000000000000000e+00 0.000000000000000000e+00 0.000000000000000000e+00 0.000000000000000000e+00 0.000000000000000000e+00 0.000000000000000000e+00 0.000000000000000000e+00 0.000000000000000000e+00 0.000000000000000000e+00 0.000000000000000000e+00 0.000000000000000000e+00 0.000000000000000000e+00 0.000000000000000000e+00 0.000000000000000000e+00 0.000000000000000000e+00 0.000000000000000000e+00 0.000000000000000000e+00 0.000000000000000000e+00 0.000000000000000000e+00 0.000000000000000000e+00
0.000000000000000000e+00 0.000000000000000000e+00 0.000000000000000000e+00 0.000000000000000000e+00 0.000000000000000000e+00 0.000000000000000000e+00 0.000000000000000000e+00 0.000000000000000000e+00 0.000000000000000000e+00 0.000000000000000000e+00 0.000000000000000000e+00 0.000000000000000000e+00 0.000000000000000000e+00 0.000000000000000000e+00 0.000000000000000000e+00 0.000000000000000000e+00 0.000000000000000000e+00 0.000000000000000000e+00 0.000000000000000000e+00 0.000000000000000000e+00
0.000000000000000000e+00 0.000000000000000000e+00 0.000000000000000000e+00 0.000000000000000000e+00 0.000000000000000000e+00 0.000000000000000000e+00 0.000000000000000000e+00 0.000000000000000000e+00 0.000000000000000000e+00 0.000000000000000000e+00 0.000000000000000000e+00 0.000000000000000000e+00 0.000000000000000000e+00 0.000000000000000000e+00 0.000000000000000000e+00 0.000000000000000000e+00 0.000000000000000000e+00 0.000000000000000000e+00 0.000000000000000000e+00 0.000000000000000000e+00
0.000000000000000000e+00 0.000000000000000000e+00 0.000000000000000000e+00 0.000000000000000000e+00 0.000000000000000000e+00 0.000000000000000000e+00 0.000000000000000000e+00 0.000000000000000000e+00 0.000000000000000000e+00 0.000000000000000000e+00 0.000000000000000000e+00 0.000000000000000000e+00 0.000000000000000000e+00 0.000000000000000000e+00 0.000000000000000000e+00 0.000000000000000000e+00 0.000000000000000000e+00 0.000000000000000000e+00 0.000000000000000000e+00 0.000000000000000000e+00
