2.224791536432512570e+06 1.304635671429384965e+06 8.681458330055135302e+05 6.311460679211707320e+05 4.024188687357956660e+05 2.535291127585487848e+05 1.431164782879823470e+05 6.609405621562821034e+04 3.405706168792340031e+04 1.027702196746596746e+04 2.870360358408805496e+03 4.318996116417951612e+02 3.364338556893808629e+01 1.112035086653026354e+02 0.000000000000000000e+00 0.000000000000000000e+00 0.000000000000000000e+00 0.000000000000000000e+00 0.000000000000000000e+00 0.000000000000000000e+00
1.304635671429384965e+06 1.071796376919582719e+06 5.942258164227629313e+05 4.231781977710395004e+05 2.706144883843895514e+05 1.662120979517435189e+05 9.697708334224793361e+04 4.357834890691305191e+04 2.220794929037771726e+04 7.400717546852200030e+03 2.168895989987540361e+03 2.131417726127398282e+02 -2.229237715503662010e+00 7.429462867920130975e+01 0.000000000000000000e+00 0.000000000000000000e+00 0.000000000000000000e+00 0.000000000000000000e+00 0.000000000000000000e+00 0.000000000000000000e+00
8.681458330055135302e+05 5.942258164227629313e+05 5.095615429650153965e+05 2.876199195915403543e+05 1.800769444322326162e+05 1.132410437886189029e+05 6.365011426433730230e+04 2.871838470798902563e+04 1.600697533914896667e+04 4.791070506883631424e+03 1.440221582013334910e+03 2.031235414359367155e+02 -2.422326007810134030e+01 1.121964454030437430e+01 0.000000000000000000e+00 0.000000000000000000e+00 0.000000000000000000e+00 0.000000000000000000e+00 0.000000000000000000e+00 0.000000000000000000e+00
6.311460679211707320e+05 4.231781977710395004e+05 2.876199195915403543e+05 2.767136433372043539e+05 1.330434067502222897e+05 8.286335680078207224e+04 4.609147331654563459e+04 2.085978661466741323e+04 1.112478048312109240e+04 3.578050911564088892e+03 1.230735884195757762e+03 1.650783643695617684e+02 -2.657213718722366025e+01 3.777910502142391636e+01 0.000000000000000000e+00 0.000000000000000000e+00 0.000000000000000000e+00 0.000000000000000000e+00 0.000000000000000000e+00 0.000000000000000000e+00
4.024188687357956660e+05 2.706144883843895514e+05 1.800769444322326162e+05 1.330434067502222897e+05 1.279540254758580413e+05 5.077150607533548464e+04 3.011845542150317851e+04 1.270880831639392272e+04 7.256256228748341528e+03 2.466674847533340653e+03 7.529544632482194402e+02 7.079040230881004447e+01 1.636118847880985783e+01 1.019827710585200542e+01 0.000000000000000000e+00 0.000000000000000000e+00 0.000000000000000000e+00 0.000000000000000000e+00 0.000000000000000000e+00 0.000000000000000000e+00
2.535291127585487848e+05 1.662120979517435189e+05 1.132410437886189029e+05 8.286335680078207224e+04 5.077150607533548464e+04 5.492640893830205459e+04 2.028636860793591768e+04 9.086744778359090560e+03 4.361957430689429202e+03 1.229228849013257786e+03 4.410478238356305951e+02 5.461719173679485806e+01 -1.630124859987944674e+01 1.854780628400601827e+01 0.000000000000000000e+00 0.000000000000000000e+00 0.000000000000000000e+00 0.000000000000000000e+00 0.000000000000000000e+00 0.000000000000000000e+00
1.431164782879823470e+05 9.697708334224793361e+04 6.365011426433730230e+04 4.609147331654563459e+04 3.011845542150317851e+04 2.028636860793591768e+04 2.176220950675717904e+04 5.628460876738647130e+03 2.913515345402001913e+03 1.112318174563665707e+03 3.785252606150173733e+02 1.991192202827173574e+01 4.607791281813606865e+00 1.337469330179641069e+01 0.000000000000000000e+00 0.000000000000000000e+00 0.000000000000000000e+00 0.000000000000000000e+00 0.000000000000000000e+00 0.000000000000000000e+00
6.609405621562821034e+04 4.357834890691305191e+04 2.871838470798902563e+04 2.085978661466741323e+04 1.270880831639392272e+04 9.086744778359090560e+03 5.628460876738647130e+03 7.318685741519434487e+03 1.413044084305796559e+03 4.189207043249877529e+02 1.628540529362741154e+02 1.272290446310312007e+01 -5.064167246772809605e+00 5.010948291490292306e+00 0.000000000000000000e+00 0.000000000000000000e+00 0.000000000000000000e+00 0.000000000000000000e+00 0.000000000000000000e+00 0.000000000000000000e+00
3.405706168792340031e+04 2.220794929037771726e+04 1.600697533914896667e+04 1.112478048312109240e+04 7.256256228748341528e+03 4.361957430689429202e+03 2.913515345402001913e+03 1.413044084305796559e+03 2.327872471956018671e+03 2.504612062934272672e+02 3.476458633628119088e+01 1.458601030597396608e+01 -1.959480127590604637e+00 2.538593610083150764e+00 0.000000000000000000e+00 0.000000000000000000e+00 0.000000000000000000e+00 0.000000000000000000e+00 0.000000000000000000e+00 0.000000000000000000e+00
1.027702196746596746e+04 7.400717546852200030e+03 4.791070506883631424e+03 3.578050911564088892e+03 2.466674847533340653e+03 1.229228849013257786e+03 1.112318174563665707e+03 4.189207043249877529e+02 2.504612062934272672e+02 5.840535125051237628e+02 3.271708530071754240e+01 -3.580515353631949615e+00 8.479107751227391576e-01 -7.850742524956910717e-02 0.000000000000000000e+00 0.000000000000000000e+00 0.000000000000000000e+00 0.000000000000000000e+00 0.000000000000000000e+00 0.000000000000000000e+00
2.870360358408805496e+03 2.168895989987540361e+03 1.440221582013334910e+03 1.230735884195757762e+03 7.529544632482194402e+02 4.410478238356305951e+02 3.785252606150173733e+02 1.628540529362741154e+02 3.476458633628119088e+01 3.271708530071754240e+01 1.350746401667257999e+02 -7.300607528695668424e-01 1.534505736077193871e+00 -2.374277456987822776e-01 0.000000000000000000e+00 0.000000000000000000e+00 0.000000000000000000e+00 0.000000000000000000e+00 0.000000000000000000e+00 0.000000000000000000e+00
4.318996116417951612e+02 2.131417726127398282e+02 2.031235414359367155e+02 1.650783643695617684e+02 7.079040230881004447e+01 5.461719173679485806e+01 1.991192202827173574e+01 1.272290446310312007e+01 1.458601030597396608e+01 -3.580515353631949615e+00 -7.300607528695668424e-01 1.930796565019852906e+01 -7.847785270765256227e-02 -3.923751108507735064e-02 0.000000000000000000e+00 0.000000000000000000e+00 0.000000000000000000e+00 0.000000000000000000e+00 0.000000000000000000e+00 0.000000000000000000e+00
3.364338556893808629e+01 -2.229237715503662010e+00 -2.422326007810134030e+01 -2.657213718722366025e+01 1.636118847880985783e+01 -1.630124859987944674e+01 4.607791281813606865e+00 -5.064167246772809605e+00 -1.959480127590604637e+00 8.479107751227391576e-01 1.534505736077193871e+00 -7.847785270765256227e-02 2.000935055632684367e+00 -3.923260560686816882e-03 0.000000000000000000e+00 0.000000000000000000e+00 0.000000000000000000e+00 0.000000000000000000e+00 0.000000000000000000e+00 0.000000000000000000e+00
1.112035086653026354e+02 7.429462867920130975e+01 1.121964454030437430e+01 3.777910502142391636e+01 1.019827710585200542e+01 1.854780628400601827e+01 1.337469330179641069e+01 5.010948291490292306e+00 2.538593610083150764e+00 -7.850742524956910717e-02 -2.374277456987822776e-01 -3.923751108507735064e-02 -3.923260560686816882e-03 1.002356918963747789e+00 0.000000000000000000e+00 0.000000000000000000e+00 0.000000000000000000e+00 0.000000000000000000e+00 0.000000000000000000e+00 0.000000000000000000e+00
0.000000000000000000e+00 0.000000000000000000e+00 0.000000000000000000e+00 0.000000000000000000e+00 0.000000000000000000e+00 0.000000000000000000e+00 0.000000000000000000e+00 0.000000000000000000e+00 0.000000000000000000e+00 0.000000000000000000e+00 0.000000000000000000e+00 0.000000000000000000e+00 0.000000000000000000e+00 0.000000000000000000e+00 0.000000000000000000e+00 0.000000000000000000e+00 0.000000000000000000e+00 0.000000000000000000e+00 0.000000000000000000e+00 0.000000000000000000e+00
0.000000000000000000e+00 0.000000000000000000e+00 0.000000000000000000e+00 0.000000000000000000e+00 0.000000000000000000e+00 0.000000000000000000e+00 0.000000000000000000e+00 0.000000000000000000e+00 0.000000000000000000e+00 0.000000000000000000e+00 0.000000000000000000e+00 0.000000000000000000e+00 0.000000000000000000e+00 0.000000000000000000e+00 0.000000000000000000e+00 0.000000000000000000e+00 0.000000000000000000e+00 0.000000000000000000e+00 0.000000000000000000e+00 0.000000000000000000e+00
0.000000000000000000e+00 0.000000000000000000e+00 0.000000000000000000e+00 0.000000000000000000e+00 0.000000000000000000e+00 0.000000000000000000e+00 0.000000000000000000e+00 0.000000000000000000e+00 0.000000000000000000e+00 0.000000000000000000e+00 0.000000000000000000e+00 0.000000000000000000e+00 0.000000000000000000e+00 0.000000000000000000e+00 0.000000000000000000e+00 0.000000000000000000e+00 0.000000000000000000e+00 0.000000000000000000e+00 0.000000000000000000e+00 0.000000000000000000e+00
0.000000000000000000e+00 0.000000000000000000e+00 0.000000000000000000e+00 0.000000000000000000e+00 0.000000000000000000e+00 0.000000000000000000e+00 0.000000000000000000e+00 0.000000000000000000e+00 0.000000000000000000e+00 0.000000000000000000e+00 0.000000000000000000e+00 0.000000000000000000e+00 0.000000000000000000e+00 0.000000000000000000e+00 0.000000000000000000e+00 0.000000000000000000e+00 0.000000000000000000e+00 0.000000000000000000e+00 0.000000000000000000e+00 0.000000000000000000e+00
0.000000000000000000e+00 0.000000000000000000e+00 0.000000000000000000e+00 0.000000000000000000e+00 0.000000000000000000e+00 0.000000000000000000e+00 0.000000000000000000e+00 0.000000000000000000e+00 0.000000000000000000e+00 0.000000000000000000e+00 0.000000000000000000e+00 0.000000000000000000e+00 0.000000000000000000e+00 0.000000000000000000e+00 0.000000000000000000e+00 0.000000000000000000e+00 0.000000000000000000e+00 0.000000000000000000e+00 0.000000000000000000e+00 0.000000000000000000e+00
0.000000000000000000e+00 0.000000000000000000e+00 0.000000000000000000e+00 0.000000000000000000e+00 0.000000000000000000e+00 0.000000000000000000e+00 0.000000000000000000e+00 0.000000000000000000e+00 0.000000000000000000e+00 0.000000000000000000e+00 0.000000000000000000e+00 0.000000000000000000e+00 0.000000000000000000e+00 0.000000000000000000e+00 0.000000000000000000e+00 0.000000000000000000e+00 0.000000000000000000e+00 0.000000000000000000e+00 0.000000000000000000e+00 0.000000000000000000e+00
