1.862617486861612648e+06 1.059625475091826869e+06 6.965559038951488910e+05 4.159380761421940988e+05 2.616618108620528365e+05 1.527846361547997221e+05 7.543243039294246410e+04 2.432294463147989882e+04 7.366713464412009671e+03 2.452603836158903505e+03 5.831020761235135978e+02 -1.759797856710141417e+01 0.000000000000000000e+00 0.000000000000000000e+00 0.000000000000000000e+00 0.000000000000000000e+00 0.000000000000000000e+00 0.000000000000000000e+00 0.000000000000000000e+00 0.000000000000000000e+00
1.059625475091826869e+06 8.653826512378246989e+05 4.625002105728650349e+05 2.798800008449940360e+05 1.710986627430388180e+05 1.028180054838392971e+05 5.218989309472309105e+04 1.661780944970746714e+04 7.199370254587955060e+03 1.828236748562885396e+03 3.845342386796498886e+02 -3.415926943496189239e+01 0.000000000000000000e+00 0.000000000000000000e+00 0.000000000000000000e+00 0.000000000000000000e+00 0.000000000000000000e+00 0.000000000000000000e+00 0.000000000000000000e+00 0.000000000000000000e+00
6.965559038951488910e+05 4.625002105728650349e+05 3.901501633207005216e+05 1.825494330355793645e+05 1.084806002518522728e+05 6.644431271791069594e+04 3.381650770632223430e+04 9.874614812979278213e+03 3.659853482021515902e+03 1.245333116336408011e+03 1.951158044884804212e+02 -9.757145013442334758e+00 0.000000000000000000e+00 0.000000000000000000e+00 0.000000000000000000e+00 0.000000000000000000e+00 0.000000000000000000e+00 0.000000000000000000e+00 0.000000000000000000e+00 0.000000000000000000e+00
4.159380761421940988e+05 2.798800008449940360e+05 1.825494330355793645e+05 1.659175383083862835e+05 6.971245339448403683e+04 4.107795554130824166e+04 2.015097604948412481e+04 7.016587449243727860e+03 2.710525724675042966e+03 8.357307349558853957e+02 2.014920156508053708e+02 -1.516037557680984804e+01 0.000000000000000000e+00 0.000000000000000000e+00 0.000000000000000000e+00 0.000000000000000000e+00 0.000000000000000000e+00 0.000000000000000000e+00 0.000000000000000000e+00 0.000000000000000000e+00
2.616618108620528365e+05 1.710986627430388180e+05 1.084806002518522728e+05 6.971245339448403683e+04 6.970307282347089495e+04 2.455988089767657220e+04 1.276256315285099845e+04 4.306769326149062181e+03 1.398877950201454951e+03 3.943805215912913127e+02 1.255078723370149447e+02 -1.894322696321616917e+01 0.000000000000000000e+00 0.000000000000000000e+00 0.000000000000000000e+00 0.000000000000000000e+00 0.000000000000000000e+00 0.000000000000000000e+00 0.000000000000000000e+00 0.000000000000000000e+00
1.527846361547997221e+05 1.028180054838392971e+05 6.644431271791069594e+04 4.107795554130824166e+04 2.455988089767657220e+04 2.853420877709401248e+04 7.892065365104649572e+03 2.566527741254220928e+03 9.738334674341519985e+02 2.700445724872425330e+02 8.698810639310298143e+01 -3.696008672175881582e+00 0.000000000000000000e+00 0.000000000000000000e+00 0.000000000000000000e+00 0.000000000000000000e+00 0.000000000000000000e+00 0.000000000000000000e+00 0.000000000000000000e+00 0.000000000000000000e+00
7.543243039294246410e+04 5.218989309472309105e+04 3.381650770632223430e+04 2.015097604948412481e+04 1.276256315285099845e+04 7.892065365104649572e+03 8.784792560040576063e+03 1.235508828173678694e+03 5.158848311763465517e+02 9.408982662610092973e+01 5.970944414023946933e+01 -4.804926682222387946e+00 0.000000000000000000e+00 0.000000000000000000e+00 0.000000000000000000e+00 0.000000000000000000e+00 0.000000000000000000e+00 0.000000000000000000e+00 0.000000000000000000e+00 0.000000000000000000e+00
2.432294463147989882e+04 1.661780944970746714e+04 9.874614812979278213e+03 7.016587449243727860e+03 4.306769326149062181e+03 2.566527741254220928e+03 1.235508828173678694e+03 2.243242576611728509e+03 4.376733889132325572e+01 4.876281064687872657e+01 2.413289574033956697e+01 1.640452648293162508e+00 0.000000000000000000e+00 0.000000000000000000e+00 0.000000000000000000e+00 0.000000000000000000e+00 0.000000000000000000e+00 0.000000000000000000e+00 0.000000000000000000e+00 0.000000000000000000e+00
7.366713464412009671e+03 7.199370254587955060e+03 3.659853482021515902e+03 2.710525724675042966e+03 1.398877950201454951e+03 9.738334674341519985e+02 5.158848311763465517e+02 4.376733889132325572e+01 6.338670735737803170e+02 1.888328189997102058e+01 9.199767147541242807e+00 1.013237299233797239e+00 0.000000000000000000e+00 0.000000000000000000e+00 0.000000000000000000e+00 0.000000000000000000e+00 0.000000000000000000e+00 0.000000000000000000e+00 0.000000000000000000e+00 0.000000000000000000e+00
2.452603836158903505e+03 1.828236748562885396e+03 1.245333116336408011e+03 8.357307349558853957e+02 3.943805215912913127e+02 2.700445724872425330e+02 9.408982662610092973e+01 4.876281064687872657e+01 1.888328189997102058e+01 9.437496100335870608e+01 1.333165947806750129e+00 -1.943350564206108022e-01 0.000000000000000000e+00 0.000000000000000000e+00 0.000000000000000000e+00 0.000000000000000000e+00 0.000000000000000000e+00 0.000000000000000000e+00 0.000000000000000000e+00 0.000000000000000000e+00
5.831020761235135978e+02 3.845342386796498886e+02 1.951158044884804212e+02 2.014920156508053708e+02 1.255078723370149447e+02 8.698810639310298143e+01 5.970944414023946933e+01 2.413289574033956697e+01 9.199767147541242807e+00 1.333165947806750129e+00 1.838701339806108592e+01 -3.728771679976079778e-02 0.000000000000000000e+00 0.000000000000000000e+00 0.000000000000000000e+00 0.000000000000000000e+00 0.000000000000000000e+00 0.000000000000000000e+00 0.000000000000000000e+00 0.000000000000000000e+00
-1.759797856710141417e+01 -3.415926943496189239e+01 -9.757145013442334758e+00 -1.516037557680984804e+01 -1.894322696321616917e+01 -3.696008672175881582e+00 -4.804926682222387946e+00 1.640452648293162508e+00 1.013237299233797239e+00 -1.943350564206108022e-01 -3.728771679976079778e-02 1.002615949110285953e+00 0.000000000000000000e+00 0.000000000000000000e+00 0.000000000000000000e+00 0.000000000000000000e+00 0.000000000000000000e+00 0.000000000000000000e+00 0.000000000000000000e+00 0.000000000000000000e+00
0.000000000000000000e+00 0.000000000000000000e+00 0.000000000000000000e+00 0.000000000000000000e+00 0.000000000000000000e+00 0.000000000000000000e+00 0.000000000000000000e+00 0.000000000000000000e+00 0.000000000000000000e+00 0.000000000000000000e+00 0.000000000000000000e+00 0.000000000000000000e+00 0.000000000000000000e+00 0.000000000000000000e+00 0.000000000000000000e+00 0.000000000000000000e+00 0.000000000000000000e+00 0.000000000000000000e+00 0.000000000000000000e+00 0.000000000000000000e+00
0.000000000000000000e+00 0.000000000000000000e+00 0.000000000000000000e+00 0.000000000000000000e+00 0.000000000000000000e+00 0.000000000000000000e+00 0.000000000000000000e+00 0.000000000000000000e+00 0.000000000000000000e+00 0.000000000000000000e+00 0.000000000000000000e+00 0.000000000000000000e+00 0.000000000000000000e+00 0.000000000000000000e+00 0.000000000000000000e+00 0.000000000000000000e+00 0.000000000000000000e+00 0.000000000000000000e+00 0.000000000000000000e+00 0.000000000000000000e+00
0.000000000000000000e+00 0.000000000000000000e+00 0.000000000000000000e+00 0.000000000000000000e+00 0.000000000000000000e+00 0.000000000000000000e+00 0.000000000000000000e+00 0.000000000000000000e+00 0.000000000000000000e+00 0.000000000000000000e+00 0.000000000000000000e+00 0.000000000000000000e+00 0.000000000000000000e+00 0.000000000000000000e+00 0.000000000000000000e+00 0.000000000000000000e+00 0.000000000000000000e+00 0.000000000000000000e+00 0.000000000000000000e+00 0.000000000000000000e+00
0.000000000000000000e+00 0.000000000000000000e+00 0.000000000000000000e+00 0.000000000000000000e+00 0.000000000000000000e+00 0.000000000000000000e+00 0.000000000000000000e+00 0.000000000000000000e+00 0.000000000000000000e+00 0.000000000000000000e+00 0.000000000000000000e+00 0.000000000000000000e+00 0.000000000000000000e+00 0.000000000000000000e+00 0.000000000000000000e+00 0.000000000000000000e+00 0.000000000000000000e+00 0.000000000000000000e+00 0.000000000000000000e+00 0.000000000000000000e+00
0.000000000000000000e+00 0.000000000000000000e+00 0.000000000000000000e+00 0.000000000000000000e+00 0.000000000000000000e+00 0.000000000000000000e+00 0.000000000000000000e+00 0.000000000000000000e+00 0.000000000000000000e+00 0.000000000000000000e+00 0.000000000000000000e+00 0.000000000000000000e+00 0.000000000000000000e+00 0.000000000000000000e+00 0.000000000000000000e+00 0.000000000000000000e+00 0.000000000000000000e+00 0.000000000000000000e+00 0.000000000000000000e+00 0.000000000000000000e+00
0.000000000000000000e+00 0.000000000000000000e+00 0.000000000000000000e+00 0.000000000000000000e+00 0.000000000000000000e+00 0.000000000000000000e+00 0.000000000000000000e+00 0.000000000000000000e+00 0.000000000000000000e+00 0.000000000000000000e+00 0.000000000000000000e+00 0.000000000000000000e+00 0.000000000000000000e+00 0.000000000000000000e+00 0.000000000000000000e+00 0.000000000000000000e+00 0.000000000000000000e+00 0.000000000000000000e+00 0.000000000000000000e+00 0.000000000000000000e+00
0.000000000000000000e+00 0.000000000000000000e+00 0.000000000000000000e+00 0.000000000000000000e+00 0.000000000000000000e+00 0.000000000000000000e+00 0.000000000000000000e+00 0.000000000000000000e+00 0.000000000000000000e+00 0.000000000000000000e+00 0.000000000000000000e+00 0.000000000000000000e+00 0.000000000000000000e+00 0.000000000000000000e+00 0.000000000000000000e+00 0.000000000000000000e+00 0.000000000000000000e+00 0.000000000000000000e+00 0.000000000000000000e+00 0.000000000000000000e+00
0.000000000000000000e+00 0.000000000000000000e+00 0.000000000000000000e+00 0.000000000000000000e+00 0.000000000000000000e+00 0.000000000000000000e+00 0.000000000000000000e+00 0.000000000000000000e+00 0.000000000000000000e+00 0.000000000000000000e+00 0.000000000000000000e+00 0.000000000000000000e+00 0.000000000000000000e+00 0.000000000000000000e+00 0.000000000000000000e+00 0.000000000000000000e+00 0.000000000000000000e+00 0.000000000000000000e+00 0.000000000000000000e+00 0.000000000000000000e+00
