1.435461245813308284e+06 8.252825414118848275e+05 5.052135828523889068e+05 3.176106522876340896e+05 1.741788035432045581e+05 9.699585010780955781e+04 4.429206174915159500e+04 1.712723440856919478e+04 5.061784536670482339e+03 9.741707790641851261e+02 2.072501866950341594e+02
8.252825414118848275e+05 6.897057508205415215e+05 3.410035725047028973e+05 2.144470297218532942e+05 1.154727028772238409e+05 6.307032316819009429e+04 2.967190205307162250e+04 1.070900212545126669e+04 2.624366420165451018e+03 6.935581282241041663e+02 1.169721010565736350e+02
5.052135828523889068e+05 3.410035725047028973e+05 2.898611565978825674e+05 1.346546019661306636e+05 7.144919304077763809e+04 3.969658130904862628e+04 1.775520259190103025e+04 7.739644869619552082e+03 1.914659334178346626e+03 4.293277675866621053e+02 1.516151056406756652e+02
3.176106522876340896e+05 2.144470297218532942e+05 1.346546019661306636e+05 1.249030491151540627e+05 4.739426163349818671e+04 2.783125616093698773e+04 1.065491213651860380e+04 4.623701900651255528e+03 1.355885003504082079e+03 1.856130146560354319e+02 2.623911519946616622e+01
1.741788035432045581e+05 1.154727028772238409e+05 7.144919304077763809e+04 4.739426163349818671e+04 4.459075472291321785e+04 1.296419741039778091e+04 6.386963775414944394e+03 2.659632951773462082e+03 5.202176155882044668e+02 1.569523401028762919e+02 1.696464091360318704e+01
9.699585010780955781e+04 6.307032316819009429e+04 3.969658130904862628e+04 2.783125616093698773e+04 1.296419741039778091e+04 1.608415605026154844e+04 4.167611490458581102e+03 1.703909160887156759e+03 4.612688217339695598e+02 6.899385342427672185e+01 2.961165130341935026e+01
4.429206174915159500e+04 2.967190205307162250e+04 1.775520259190103025e+04 1.065491213651860380e+04 6.386963775414944394e+03 4.167611490458581102e+03 4.851989261683092991e+03 6.634445180586643573e+02 1.777561819999135651e+02 3.631750797522942520e+01 3.270575710111399914e+00
1.712723440856919478e+04 1.070900212545126669e+04 7.739644869619552082e+03 4.623701900651255528e+03 2.659632951773462082e+03 1.703909160887156759e+03 6.634445180586643573e+02 1.257467733349654736e+03 1.023054905580172829e+02 2.524107980591372780e+01 7.203893980185468671e+00
5.061784536670482339e+03 2.624366420165451018e+03 1.914659334178346626e+03 1.355885003504082079e+03 5.202176155882044668e+02 4.612688217339695598e+02 1.777561819999135651e+02 1.023054905580172829e+02 3.609084217661522302e+02 2.854891027531142988e+00 3.450967176136694459e+00
9.741707790641851261e+02 6.935581282241041663e+02 4.293277675866621053e+02 1.856130146560354319e+02 1.569523401028762919e+02 6.899385342427672185e+01 3.631750797522942520e+01 2.524107980591372780e+01 2.854891027531142988e+00 4.420179150661952860e+01 5.450959516852337261e-01
2.072501866950341594e+02 1.169721010565736350e+02 1.516151056406756652e+02 2.623911519946616622e+01 1.696464091360318704e+01 2.961165130341935026e+01 3.270575710111399914e+00 7.203893980185468671e+00 3.450967176136694459e+00 5.450959516852337261e-01 5.952918378835864388e+00
