6.291885578528498445e+04 1.551553590916586472e+04 5.069244744524484304e+03 1.816418677558013314e+03 2.090688199355144832e+02 5.027432396868140074e+01 -9.149629615673797289e+00
1.551553590916586472e+04 1.449393816624979991e+04 1.905696403507807190e+03 6.055458470158497448e+02 1.001764483027403401e+02 2.515102866653794322e+01 2.884949609960386852e+00
5.069244744524484304e+03 1.905696403507807190e+03 2.678060384634292859e+03 1.945666771393827048e+02 3.379471255561974630e+01 1.038530398823413847e+01 1.805048311033552011e+00
1.816418677558013314e+03 6.055458470158497448e+02 1.945666771393827048e+02 5.131692489056639488e+02 1.775180462736057407e+01 -2.235364426769420376e+00 2.127926395551983152e+00
2.090688199355144832e+02 1.001764483027403401e+02 3.379471255561974630e+01 1.775180462736057407e+01 7.706494399081776692e+01 -1.740022794266756767e-01 8.631029563282007766e-01
5.027432396868140074e+01 2.515102866653794322e+01 1.038530398823413847e+01 -2.235364426769420376e+00 -1.740022794266756767e-01 7.961040988964352749e+00 -1.577786461928310305e-02
-9.149629615673797289e+00 2.884949609960386852e+00 1.805048311033552011e+00 2.127926395551983152e+00 8.631029563282007766e-01 -1.577786461928310305e-02 1.006672118462419885e+00
