2.010850181486682035e+06 1.122364791923994198e+06 8.450935635816623690e+05 5.319756176178692840e+05 3.424897001466470538e+05 2.288312962036632525e+05 1.272136461487234919e+05 6.844889864851615857e+04 4.019877154269322637e+04 1.149602656239859243e+04 5.464026133478719203e+03 1.812385216049312021e+03 3.549162878512346424e+02
1.122364791923994198e+06 9.050119517617545789e+05 5.597142368786992738e+05 3.556278674790415680e+05 2.271141184661396837e+05 1.509409709674711921e+05 8.828647365780832479e+04 4.640017524442462309e+04 2.602182779630710866e+04 7.729462555673343559e+03 3.262297310442144862e+03 1.080607626349501970e+03 2.193952382229001614e+02
8.450935635816623690e+05 5.597142368786992738e+05 5.286270500496427994e+05 2.675736615592066664e+05 1.770115730868101527e+05 1.154853381229406805e+05 6.662257623094895098e+04 3.650644842812409479e+04 1.810285224091554119e+04 6.345775697856878651e+03 2.554303943382649322e+03 8.022243787363265710e+02 1.050192056556180660e+02
5.319756176178692840e+05 3.556278674790415680e+05 2.675736615592066664e+05 2.353136694176129531e+05 1.116285372068824072e+05 7.638008003951754654e+04 4.267088364398194244e+04 2.301237461559851727e+04 1.164300443089540204e+04 3.759116976420782066e+03 1.901910363394693832e+03 5.848605052829748274e+02 1.337798798258240822e+02
3.424897001466470538e+05 2.271141184661396837e+05 1.770115730868101527e+05 1.116285372068824072e+05 1.129208851988094393e+05 4.967135487379132246e+04 3.042672269177963608e+04 1.403385998062135877e+04 9.086969121594482203e+03 2.196752371505865995e+03 1.011431420682336807e+03 3.648613478042642555e+02 5.254881836389876071e+01
2.288312962036632525e+05 1.509409709674711921e+05 1.154853381229406805e+05 7.638008003951754654e+04 4.967135487379132246e+04 5.505728718869482691e+04 1.861998359381320188e+04 1.051762246621245868e+04 4.897953791537000143e+03 1.946663133183414629e+03 7.504990866303147641e+02 1.862581102247563649e+02 2.254109014594703098e+01
1.272136461487234919e+05 8.828647365780832479e+04 6.662257623094895098e+04 4.267088364398194244e+04 3.042672269177963608e+04 1.861998359381320188e+04 2.246660415669632857e+04 6.296493533649277197e+03 3.157356535858977622e+03 7.911459897901984277e+02 3.008537497941717902e+02 1.390112323405717802e+02 1.510582450281815170e+01
6.844889864851615857e+04 4.640017524442462309e+04 3.650644842812409479e+04 2.301237461559851727e+04 1.403385998062135877e+04 1.051762246621245868e+04 6.296493533649277197e+03 9.072875057922999986e+03 1.588739013713880468e+03 4.315826609119795307e+02 1.530190218327873879e+02 4.938020304762720514e+01 1.879208489550761385e+01
4.019877154269322637e+04 2.602182779630710866e+04 1.810285224091554119e+04 1.164300443089540204e+04 9.086969121594482203e+03 4.897953791537000143e+03 3.157356535858977622e+03 1.588739013713880468e+03 3.001947327101094743e+03 2.261030556715013518e+02 1.181211162641038754e+02 3.189007395039022441e+01 1.754503084776738220e+01
1.149602656239859243e+04 7.729462555673343559e+03 6.345775697856878651e+03 3.759116976420782066e+03 2.196752371505865995e+03 1.946663133183414629e+03 7.911459897901984277e+02 4.315826609119795307e+02 2.261030556715013518e+02 8.183949050440210158e+02 6.870169768038590519e+01 6.635268706844692943e+00 2.470578773825233387e+00
5.464026133478719203e+03 3.262297310442144862e+03 2.554303943382649322e+03 1.901910363394693832e+03 1.011431420682336807e+03 7.504990866303147641e+02 3.008537497941717902e+02 1.530190218327873879e+02 1.181211162641038754e+02 6.870169768038590519e+01 2.172775992738998525e+02 1.352151684468119974e+01 4.564688401162678488e+00
1.812385216049312021e+03 1.080607626349501970e+03 8.022243787363265710e+02 5.848605052829748274e+02 3.648613478042642555e+02 1.862581102247563649e+02 1.390112323405717802e+02 4.938020304762720514e+01 3.189007395039022441e+01 6.635268706844692943e+00 1.352151684468119974e+01 4.304297241508726302e+01 -3.137242887397029278e-01
3.549162878512346424e+02 2.193952382229001614e+02 1.050192056556180660e+02 1.337798798258240822e+02 5.254881836389876071e+01 2.254109014594703098e+01 1.510582450281815170e+01 1.879208489550761385e+01 1.754503084776738220e+01 2.470578773825233387e+00 4.564688401162678488e+00 -3.137242887397029278e-01 3.984298466994228072e+00
