2.124324245719990227e+06 1.218346377437803429e+06 9.168483805224237731e+05 5.920878040613951162e+05 4.145002245678756153e+05 2.979259220545352437e+05 1.743772612387677364e+05 1.130128667719205114e+05 6.530486761447806930e+04 3.119567834644988397e+04 1.370871463888486505e+04 4.582430521043145745e+03 9.431757011664686843e+02 5.328492393790554615e+02
1.218346377437803429e+06 1.030930048441838822e+06 6.169473097989102826e+05 4.096921457316902815e+05 2.718420003402293078e+05 1.989244102157261223e+05 1.249720317462928360e+05 7.791646641698038729e+04 4.619519917616048770e+04 2.290420462768156722e+04 1.007350477605725973e+04 3.084569409142417499e+03 6.015520159864327070e+02 3.221052826962147151e+02
9.168483805224237731e+05 6.169473097989102826e+05 5.761279317365213064e+05 2.993722795549941948e+05 2.023827467388616060e+05 1.499614786053401476e+05 9.126579311302116548e+04 5.752897527180297766e+04 3.403498536900056206e+04 1.545481858597684732e+04 7.255362078671486415e+03 2.548803605656657055e+03 5.795165031802170006e+02 1.868509934608274818e+02
5.920878040613951162e+05 4.096921457316902815e+05 2.993722795549941948e+05 2.803938466538401553e+05 1.356062137521682598e+05 1.024329108970867819e+05 5.971529367387638922e+04 3.901270867016600096e+04 2.169315012188096443e+04 1.059037490427083321e+04 4.808381005598192132e+03 1.496111361397023984e+03 3.416137920510788035e+02 2.045496987742212411e+02
4.145002245678756153e+05 2.718420003402293078e+05 2.023827467388616060e+05 1.356062137521682598e+05 1.472682279015259119e+05 6.927183692566942773e+04 4.220401050113110250e+04 2.720852606232705148e+04 1.378576338785787630e+04 7.620242769139780648e+03 3.092968130002946964e+03 1.127440882772202713e+03 2.663212995085507373e+02 8.647638179617653975e+01
2.979259220545352437e+05 1.989244102157261223e+05 1.499614786053401476e+05 1.024329108970867819e+05 6.927183692566942773e+04 7.889855268466474081e+04 3.090135063099807667e+04 1.893775071140181171e+04 1.079116188474207047e+04 5.347911602627812499e+03 2.439676777058248717e+03 7.875957515724747964e+02 1.377885578775733109e+02 8.256321683126446942e+01
1.743772612387677364e+05 1.249720317462928360e+05 9.126579311302116548e+04 5.971529367387638922e+04 4.220401050113110250e+04 3.090135063099807667e+04 3.568661534806457348e+04 1.165303541483422487e+04 7.072268323645455894e+03 3.197661974611158712e+03 1.503058904064710987e+03 5.924753031045470379e+02 2.569281363200618884e+01 3.045528922043406794e+01
1.130128667719205114e+05 7.791646641698038729e+04 5.752897527180297766e+04 3.901270867016600096e+04 2.720852606232705148e+04 1.893775071140181171e+04 1.165303541483422487e+04 1.636219475678300114e+04 4.356299590767517657e+03 2.143475300117378538e+03 9.034689634965350251e+02 2.541142368859578085e+02 2.617781378846798290e+01 3.395384048061769988e+01
6.530486761447806930e+04 4.619519917616048770e+04 3.403498536900056206e+04 2.169315012188096443e+04 1.378576338785787630e+04 1.079116188474207047e+04 7.072268323645455894e+03 4.356299590767517657e+03 6.958274900573356717e+03 1.217416219354703799e+03 4.601897036791951905e+02 8.742419110172647834e+01 3.108167064928352730e+01 1.586068387128695889e+01
3.119567834644988397e+04 2.290420462768156722e+04 1.545481858597684732e+04 1.059037490427083321e+04 7.620242769139780648e+03 5.347911602627812499e+03 3.197661974611158712e+03 2.143475300117378538e+03 1.217416219354703799e+03 2.141949416652913897e+03 2.379929658627597462e+02 8.811752399029235505e+01 5.721243697520954186e+00 1.280169753784130648e+01
1.370871463888486505e+04 1.007350477605725973e+04 7.255362078671486415e+03 4.808381005598192132e+03 3.092968130002946964e+03 2.439676777058248717e+03 1.503058904064710987e+03 9.034689634965350251e+02 4.601897036791951905e+02 2.379929658627597462e+02 7.915992913009739596e+02 1.591931384959328888e+01 4.450389373301356422e+00 1.875776745758302111e+00
4.582430521043145745e+03 3.084569409142417499e+03 2.548803605656657055e+03 1.496111361397023984e+03 1.127440882772202713e+03 7.875957515724747964e+02 5.924753031045470379e+02 2.541142368859578085e+02 8.742419110172647834e+01 8.811752399029235505e+01 1.591931384959328888e+01 1.963703209438214969e+02 6.741247389804742696e+00 3.413537308293263184e+00
9.431757011664686843e+02 6.015520159864327070e+02 5.795165031802170006e+02 3.416137920510788035e+02 2.663212995085507373e+02 1.377885578775733109e+02 2.569281363200618884e+01 2.617781378846798290e+01 3.108167064928352730e+01 5.721243697520954186e+00 4.450389373301356422e+00 6.741247389804742696e+00 2.948720041239612044e+01 7.199130174676299232e-01
5.328492393790554615e+02 3.221052826962147151e+02 1.868509934608274818e+02 2.045496987742212411e+02 8.647638179617653975e+01 8.256321683126446942e+01 3.045528922043406794e+01 3.395384048061769988e+01 1.586068387128695889e+01 1.280169753784130648e+01 1.875776745758302111e+00 3.413537308293263184e+00 7.199130174676299232e-01 4.972333179165915773e+00
