4.932885957770863897e+05 2.106530801480282971e+05 1.088783662789804803e+05 4.213658611274553550e+04 1.626375686172238420e+04 5.800275484486160167e+03 1.161866709618964023e+03 3.573373127709671735e+02 -2.979879777639001048e+01
2.106530801480282971e+05 1.565503113269001769e+05 5.532563608491498599e+04 2.344417100997284069e+04 9.304061903871843242e+03 3.021256990078622039e+03 7.941188613192556431e+02 1.201346850609747747e+02 -1.207961322118107539e+01
1.088783662789804803e+05 5.532563608491498599e+04 4.887608233301445580e+04 1.254708839431439810e+04 4.540563166818431455e+03 1.671825631018327158e+03 2.798311531689304275e+02 1.028205649573165772e+02 -1.188475021639668761e+01
4.213658611274553550e+04 2.344417100997284069e+04 1.254708839431439810e+04 1.289938436512642329e+04 1.801550036718050023e+03 5.175946700922967239e+02 1.549485397233463289e+02 7.335204416104718916e+01 -5.138895195762552270e-02
1.626375686172238420e+04 9.304061903871843242e+03 4.540563166818431455e+03 1.801550036718050023e+03 3.074714736560340953e+03 2.821697559288147659e+02 3.740193230261211710e+01 7.445748211121835602e+00 2.696069479132416902e+00
5.800275484486160167e+03 3.021256990078622039e+03 1.671825631018327158e+03 5.175946700922967239e+02 2.821697559288147659e+02 5.636870949376950648e+02 1.449676748413169136e+01 8.343033819142165797e+00 9.413303727808755017e-01
1.161866709618964023e+03 7.941188613192556431e+02 2.798311531689304275e+02 1.549485397233463289e+02 3.740193230261211710e+01 1.449676748413169136e+01 1.154392816331533425e+02 -2.165194298639919079e+00 -1.967185046632920209e-01
3.573373127709671735e+02 1.201346850609747747e+02 1.028205649573165772e+02 7.335204416104718916e+01 7.445748211121835602e+00 8.343033819142165797e+00 -2.165194298639919079e+00 1.084031934292806909e+01 -2.162446517556717782e-02
-2.979879777639001048e+01 -1.207961322118107539e+01 -1.188475021639668761e+01 -5.138895195762552270e-02 2.696069479132416902e+00 9.413303727808755017e-01 -1.967185046632920209e-01 -2.162446517556717782e-02 1.003955850564662633e+00
