1.649461881267297547e+06 9.577151932993265800e+05 6.298730793270029826e+05 3.749937850053465809e+05 2.271518555003881338e+05 1.245232142928718677e+05 6.282314213105453382e+04 2.959934700086377052e+04 9.670051333339431949e+03 1.997572517748494192e+03 4.396420666765249621e+02
9.577151932993265800e+05 7.972101289889309555e+05 4.232062909636941622e+05 2.557341547163932992e+05 1.548261317917686538e+05 8.163468574106092274e+04 4.248473230327356578e+04 1.930219476352986385e+04 6.181542339884853391e+03 1.124512294651397497e+03 3.256954644386875088e+02
6.298730793270029826e+05 4.232062909636941622e+05 3.698939932989485096e+05 1.710947977389264852e+05 1.037764492173170293e+05 5.556226134876744618e+04 2.611412068969240499e+04 1.380300947332080796e+04 3.978594955242652304e+03 1.098049604116267574e+03 2.554814588172590959e+02
3.749937850053465809e+05 2.557341547163932992e+05 1.710947977389264852e+05 1.534934158586059930e+05 6.475014853242452227e+04 3.572634678585304209e+04 1.700928356377314049e+04 7.949979559206723025e+03 2.147927692926738473e+03 4.884622039335662294e+02 1.563372784119168273e+02
2.271518555003881338e+05 1.548261317917686538e+05 1.037764492173170293e+05 6.475014853242452227e+04 6.241568573791924427e+04 2.160286367586294364e+04 1.032304020346527432e+04 4.902673189024357271e+03 1.418214740756153105e+03 3.510654433727172545e+02 1.025595607472812247e+02
1.245232142928718677e+05 8.163468574106092274e+04 5.556226134876744618e+04 3.572634678585304209e+04 2.160286367586294364e+04 2.195062759235627163e+04 6.293877906248474574e+03 2.955723424046232594e+03 9.097720936389069948e+02 2.240357047555667123e+02 5.695075869586460726e+01
6.282314213105453382e+04 4.248473230327356578e+04 2.611412068969240499e+04 1.700928356377314049e+04 1.032304020346527432e+04 6.293877906248474574e+03 7.953321656509338027e+03 1.286683535222928185e+03 4.102646358831516977e+02 1.239346276952219341e+02 2.191103180399493766e+01
2.959934700086377052e+04 1.930219476352986385e+04 1.380300947332080796e+04 7.949979559206723025e+03 4.902673189024357271e+03 2.955723424046232594e+03 1.286683535222928185e+03 2.158587015268640243e+03 1.732538002771285619e+02 1.131466861421664021e+02 1.222907986495233246e+01
9.670051333339431949e+03 6.181542339884853391e+03 3.978594955242652304e+03 2.147927692926738473e+03 1.418214740756153105e+03 9.097720936389069948e+02 4.102646358831516977e+02 1.732538002771285619e+02 5.689286936225209956e+02 3.366095147541746258e+01 1.043202636204017608e+01
1.997572517748494192e+03 1.124512294651397497e+03 1.098049604116267574e+03 4.884622039335662294e+02 3.510654433727172545e+02 2.240357047555667123e+02 1.239346276952219341e+02 1.131466861421664021e+02 3.366095147541746258e+01 1.256129989228509203e+02 2.410852515385493611e+00
4.396420666765249621e+02 3.256954644386875088e+02 2.554814588172590959e+02 1.563372784119168273e+02 1.025595607472812247e+02 5.695075869586460726e+01 2.191103180399493766e+01 1.222907986495233246e+01 1.043202636204017608e+01 2.410852515385493611e+00 1.378638664841926875e+01
