2.171959495140035171e+06 1.238932356190492166e+06 9.546993512786278734e+05 5.926694059134402778e+05 4.400810538262837217e+05 2.953734419178109383e+05 1.976826244148908008e+05 1.284224287499602651e+05 7.385784093866405601e+04 3.569221680951732560e+04 1.825997667164640006e+04 6.716483379564971074e+03 1.806440252853688207e+03 5.693160311511310283e+02
1.238932356190492166e+06 1.059028475354750641e+06 6.477490085389818996e+05 4.092302177587599726e+05 2.960810401892102091e+05 1.998358322979336954e+05 1.384018843421748315e+05 8.705218240954268549e+04 5.045821368499172968e+04 2.534269801494370040e+04 1.383254473681921627e+04 4.052199234231951777e+03 1.064095776268831287e+03 3.404886198932704815e+02
9.546993512786278734e+05 6.477490085389818996e+05 6.125608418855074560e+05 3.099701220812962856e+05 2.251485932433975977e+05 1.514928466766936472e+05 1.027364634568454494e+05 6.770571785987098701e+04 3.893296429087604338e+04 1.947982091267628493e+04 1.006234110516474175e+04 3.455255627210716739e+03 1.232577253208717366e+03 2.505948408611501463e+02
5.926694059134402778e+05 4.092302177587599726e+05 3.099701220812962856e+05 2.852292406938174972e+05 1.449693103776124772e+05 9.785508083650357730e+04 6.773878430629472132e+04 4.125590142555624334e+04 2.479009885357003441e+04 1.247776263261818713e+04 6.326267023400174367e+03 1.890644863414214797e+03 7.066330359648379726e+02 2.227506533595916949e+02
4.400810538262837217e+05 2.960810401892102091e+05 2.251485932433975977e+05 1.449693103776124772e+05 1.553292060835883312e+05 7.348965522215039528e+04 4.867623138593244221e+04 3.257070432714164781e+04 1.783583545471262551e+04 7.941500130912114400e+03 4.416593054759789084e+03 1.714256879144796585e+03 4.934832737383954964e+02 1.100273829976319888e+02
2.953734419178109383e+05 1.998358322979336954e+05 1.514928466766936472e+05 9.785508083650357730e+04 7.348965522215039528e+04 7.837764304587432707e+04 3.259846048378928754e+04 2.061935945431916480e+04 1.234352497742401465e+04 5.641331700884315978e+03 3.298986272391298371e+03 1.122769238407598323e+03 2.412215674987529326e+02 8.916765259278349731e+01
1.976826244148908008e+05 1.384018843421748315e+05 1.027364634568454494e+05 6.773878430629472132e+04 4.867623138593244221e+04 3.259846048378928754e+04 4.336277361768319679e+04 1.396500496575070247e+04 8.683147096163054812e+03 3.622530912649997390e+03 2.320952236242217623e+03 9.235595160293688650e+02 5.893434047748996107e+01 5.599878230736324980e+01
1.284224287499602651e+05 8.705218240954268549e+04 6.770571785987098701e+04 4.125590142555624334e+04 3.257070432714164781e+04 2.061935945431916480e+04 1.396500496575070247e+04 1.966217526207265109e+04 5.811454413993637900e+03 2.544068204861155209e+03 1.450983227874872227e+03 4.193436230669285010e+02 9.083804075580472670e+01 2.560226651124256847e+01
7.385784093866405601e+04 5.045821368499172968e+04 3.893296429087604338e+04 2.479009885357003441e+04 1.783583545471262551e+04 1.234352497742401465e+04 8.683147096163054812e+03 5.811454413993637900e+03 8.795093259253295400e+03 1.630640811372779126e+03 8.140208877712268531e+02 1.397821731963234129e+02 6.407587073718565307e+01 1.412792725234021418e+01
3.569221680951732560e+04 2.534269801494370040e+04 1.947982091267628493e+04 1.247776263261818713e+04 7.941500130912114400e+03 5.641331700884315978e+03 3.622530912649997390e+03 2.544068204861155209e+03 1.630640811372779126e+03 2.724298719018453539e+03 3.686428727543055288e+02 9.544858861458679655e+01 2.868438889745146980e+01 1.672929971829483620e+01
1.825997667164640006e+04 1.383254473681921627e+04 1.006234110516474175e+04 6.326267023400174367e+03 4.416593054759789084e+03 3.298986272391298371e+03 2.320952236242217623e+03 1.450983227874872227e+03 8.140208877712268531e+02 3.686428727543055288e+02 1.077302346650448044e+03 5.594718176811458932e+01 1.218218055395509403e+01 6.298138785680935214e+00
6.716483379564971074e+03 4.052199234231951777e+03 3.455255627210716739e+03 1.890644863414214797e+03 1.714256879144796585e+03 1.122769238407598323e+03 9.235595160293688650e+02 4.193436230669285010e+02 1.397821731963234129e+02 9.544858861458679655e+01 5.594718176811458932e+01 2.893704915823644228e+02 1.249233927273543010e+01 5.180561242047909687e+00
1.806440252853688207e+03 1.064095776268831287e+03 1.232577253208717366e+03 7.066330359648379726e+02 4.934832737383954964e+02 2.412215674987529326e+02 5.893434047748996107e+01 9.083804075580472670e+01 6.407587073718565307e+01 2.868438889745146980e+01 1.218218055395509403e+01 1.249233927273543010e+01 5.416774148587877136e+01 3.455504937334382132e-01
5.693160311511310283e+02 3.404886198932704815e+02 2.505948408611501463e+02 2.227506533595916949e+02 1.100273829976319888e+02 8.916765259278349731e+01 5.599878230736324980e+01 2.560226651124256847e+01 1.412792725234021418e+01 1.672929971829483620e+01 6.298138785680935214e+00 5.180561242047909687e+00 3.455504937334382132e-01 5.959584518327189606e+00
