1.580175311215792783e+06 9.237344369238220388e+05 6.103366586984850001e+05 3.645088432718733093e+05 2.212784937557576923e+05 1.214836563279048714e+05 6.135168269116213196e+04 2.892587353755439108e+04 9.454677517319185426e+03 1.953704282688787771e+03 4.300924705404502788e+02
9.237344369238220388e+05 7.741610803266947623e+05 4.128728188387913397e+05 2.502767474082748231e+05 1.518500537605072313e+05 8.018442625449047773e+04 4.177221257577702636e+04 1.899148021032253746e+04 6.085027676824056471e+03 1.107307524097987880e+03 3.207909283435998304e+02
6.103366586984850001e+05 4.128728188387913397e+05 3.625326351538690506e+05 1.682186812703758478e+05 1.022527848775121383e+05 5.482780571459534985e+04 2.579500709632770304e+04 1.364368108271708479e+04 3.934604539658039812e+03 1.086254663546861138e+03 2.527990318664650431e+02
3.645088432718733093e+05 2.502767474082748231e+05 1.682186812703758478e+05 1.513891535648138379e+05 6.400069607576214185e+04 3.536528417093855387e+04 1.685442172785700677e+04 7.882997261805422568e+03 2.130878113977761586e+03 4.847393200853105100e+02 1.551837194250896914e+02
2.212784937557576923e+05 1.518500537605072313e+05 1.022527848775121383e+05 6.400069607576214185e+04 6.182677498936948541e+04 2.143081988809703762e+04 1.025119211400020868e+04 4.871887224696343765e+03 1.410002443311687784e+03 3.491437609384047391e+02 1.020231386981484150e+02
1.214836563279048714e+05 8.018442625449047773e+04 5.482780571459534985e+04 3.536528417093855387e+04 2.143081988809703762e+04 2.180815961948625409e+04 6.259356420969362262e+03 2.941525989866679993e+03 9.058475113070032876e+02 2.231403219197207761e+02 5.673703761857431971e+01
6.135168269116213196e+04 4.177221257577702636e+04 2.579500709632770304e+04 1.685442172785700677e+04 1.025119211400020868e+04 6.259356420969362262e+03 7.917703011247209361e+03 1.281799012718175618e+03 4.089082379433174310e+02 1.235642326737377914e+02 2.185089671071969519e+01
2.892587353755439108e+04 1.899148021032253746e+04 1.364368108271708479e+04 7.882997261805422568e+03 4.871887224696343765e+03 2.941525989866679993e+03 1.281799012718175618e+03 2.151866268894399582e+03 1.727993382378267597e+02 1.128858421957614127e+02 1.220387483197405842e+01
9.454677517319185426e+03 6.085027676824056471e+03 3.934604539658039812e+03 2.130878113977761586e+03 1.410002443311687784e+03 9.058475113070032876e+02 4.089082379433174310e+02 1.727993382378267597e+02 5.677154729033700278e+02 3.359987132402223153e+01 1.041564638615817096e+01
1.953704282688787771e+03 1.107307524097987880e+03 1.086254663546861138e+03 4.847393200853105100e+02 3.491437609384047391e+02 2.231403219197207761e+02 1.235642326737377914e+02 1.128858421957614127e+02 3.359987132402223153e+01 1.254250098613286610e+02 2.407833916077220415e+00
4.300924705404502788e+02 3.207909283435998304e+02 2.527990318664650431e+02 1.551837194250896914e+02 1.020231386981484150e+02 5.673703761857431971e+01 2.185089671071969519e+01 1.220387483197405842e+01 1.041564638615817096e+01 2.407833916077220415e+00 1.377249627567296031e+01
