4.724394691503054928e+05 2.031222338762426225e+05 1.054755411629201262e+05 4.094929415864712792e+04 1.583951188912385078e+04 5.657413628164538750e+03 1.134474086726057067e+03 3.491476824920275703e+02 -2.913322176309001676e+01
2.031222338762426225e+05 1.519805944370551151e+05 5.396114236695335421e+04 2.293857881978073056e+04 9.123008199263616916e+03 2.966890598611234964e+03 7.806715200998518185e+02 1.181799395682432419e+02 -1.189015054323436260e+01
1.054755411629201262e+05 5.396114236695335421e+04 4.789295384133292828e+04 1.233374884440701862e+04 4.472967183796349673e+03 1.649397604941945701e+03 2.763754121652839331e+02 1.016192186764152723e+02 -1.175289616691203953e+01
4.094929415864712792e+04 2.293857881978073056e+04 1.233374884440701862e+04 1.272031991299092624e+04 1.780365730829787935e+03 5.122725479758260008e+02 1.535209806947749485e+02 7.272521168347205389e+01 -5.098019692004375492e-02
1.583951188912385078e+04 9.123008199263616916e+03 4.472967183796349673e+03 1.780365730829787935e+03 3.045100103017269248e+03 2.798695164310675523e+02 3.713711267956233542e+01 7.398010883843078922e+00 2.680381891919775939e+00
5.657413628164538750e+03 2.966890598611234964e+03 1.649397604941945701e+03 5.122725479758260008e+02 2.798695164310675523e+02 5.599272674353737784e+02 1.441563106758902357e+01 8.301928990774149142e+00 9.372513126098359626e-01
1.134474086726057067e+03 7.806715200998518185e+02 2.763754121652839331e+02 1.535209806947749485e+02 3.713711267956233542e+01 1.441563106758902357e+01 1.149172069653532162e+02 -2.156854485085458073e+00 -1.960776804623144132e-01
3.491476824920275703e+02 1.181799395682432419e+02 1.016192186764152723e+02 7.272521168347205389e+01 7.398010883843078922e+00 8.301928990774149142e+00 -2.156854485085458073e+00 1.080584097027814749e+01 -2.156854485085456588e-02
-2.913322176309001676e+01 -1.189015054323436260e+01 -1.175289616691203953e+01 -5.098019692004375492e-02 2.680381891919775939e+00 9.372513126098359626e-01 -1.960776804623144132e-01 -2.156854485085456588e-02 1.001956947162427447e+00
