2.144339246490936726e+06 1.229797938837400870e+06 9.251015995830049505e+05 5.970908014218284516e+05 4.177613823307952262e+05 3.001051725962883211e+05 1.755672795359918673e+05 1.137365180484958837e+05 6.570037313130445546e+04 3.137554939197006752e+04 1.378461681316122667e+04 4.606951156955345141e+03 9.481006794647855713e+02 5.355723176735112929e+02
1.229797938837400870e+06 1.040596782588879578e+06 6.224869922034026822e+05 4.131447129053990939e+05 2.739746461770665483e+05 2.003750132460019668e+05 1.258220781277985516e+05 7.841363406470838527e+04 4.647393248557663173e+04 2.303575317888619247e+04 1.012905325697662010e+04 3.101005684154920345e+03 6.046796275866749966e+02 3.237441390589308980e+02
9.251015995830049505e+05 6.224869922034026822e+05 5.810721517799629364e+05 3.017762591862262925e+05 2.038901420805919042e+05 1.509955415387209505e+05 9.185038495991477976e+04 5.787325327858200035e+04 3.422686108565924224e+04 1.553746052339634480e+04 7.292497247512947979e+03 2.561375865721986429e+03 5.823001253902073131e+02 1.877277192301906439e+02
5.970908014218284516e+05 4.131447129053990939e+05 3.017762591862262925e+05 2.824908078290529083e+05 1.365415059093956370e+05 1.030828174439747527e+05 6.006491634299872385e+04 3.922470790686007967e+04 2.180351340104960036e+04 1.064118066740466384e+04 4.830347900586504693e+03 1.502668618306703593e+03 3.430669071367138372e+02 2.053970454934634233e+02
4.177613823307952262e+05 2.739746461770665483e+05 2.038901420805919042e+05 1.365415059093956370e+05 1.481983659964314138e+05 6.967110940536344424e+04 4.242660519679607387e+04 2.734059021434134775e+04 1.384790054592001798e+04 7.652380315034579326e+03 3.105304837135608068e+03 1.131728703695320974e+03 2.672997720957311572e+02 8.678448976590291863e+01
3.001051725962883211e+05 2.003750132460019668e+05 1.509955415387209505e+05 1.030828174439747527e+05 6.967110940536344424e+04 7.930977647870575311e+04 3.104728938710105285e+04 1.901923010010711732e+04 1.083385430450288732e+04 5.367519438432908828e+03 2.448063927038591373e+03 7.901573500243226817e+02 1.382189245305016527e+02 8.281192445728133578e+01
1.755672795359918673e+05 1.258220781277985516e+05 9.185038495991477976e+04 6.006491634299872385e+04 4.242660519679607387e+04 3.104728938710105285e+04 3.583769970207186998e+04 1.169747544164252758e+04 7.096791582839187868e+03 3.207823737597157105e+03 1.507491949019779213e+03 5.941129374577225235e+02 2.576051610866720765e+01 3.053216061211082177e+01
1.137365180484958837e+05 7.841363406470838527e+04 5.787325327858200035e+04 3.922470790686007967e+04 2.734059021434134775e+04 1.901923010010711732e+04 1.169747544164252758e+04 1.641772371893564559e+04 4.369576734762857086e+03 2.149387590841434758e+03 9.057545998425116522e+02 2.547100404090547272e+02 2.623581602302836657e+01 3.402530474470937349e+01
6.570037313130445546e+04 4.647393248557663173e+04 3.422686108565924224e+04 2.180351340104960036e+04 1.384790054592001798e+04 1.083385430450288732e+04 7.096791582839187868e+03 4.369576734762857086e+03 6.977076091031532997e+03 1.220353309124849829e+03 4.611948548215637516e+02 8.759895713325326483e+01 3.113979883843349583e+01 1.588858693274010037e+01
3.137554939197006752e+04 2.303575317888619247e+04 1.553746052339634480e+04 1.064118066740466384e+04 7.652380315034579326e+03 5.367519438432908828e+03 3.207823737597157105e+03 2.149387590841434758e+03 1.220353309124849829e+03 2.146497232615024132e+03 2.384439458181695102e+02 8.826819004970397486e+01 5.730288902733440715e+00 1.282051733497367962e+01
1.378461681316122667e+04 1.012905325697662010e+04 7.292497247512947979e+03 4.830347900586504693e+03 3.105304837135608068e+03 2.448063927038591373e+03 1.507491949019779213e+03 9.057545998425116522e+02 4.611948548215637516e+02 2.384439458181695102e+02 7.929186482699275302e+02 1.594290056162891744e+01 4.456409973955436143e+00 1.878106398034447677e+00
4.606951156955345141e+03 3.101005684154920345e+03 2.561375865721986429e+03 1.502668618306703593e+03 1.131728703695320974e+03 7.901573500243226817e+02 5.941129374577225235e+02 2.547100404090547272e+02 8.759895713325326483e+01 8.826819004970397486e+01 1.594290056162891744e+01 1.966249383677387925e+02 6.749119999266117276e+00 3.417145377668212358e+00
9.481006794647855713e+02 6.046796275866749966e+02 5.823001253902073131e+02 3.430669071367138372e+02 2.672997720957311572e+02 1.382189245305016527e+02 2.576051610866720765e+01 2.623581602302836657e+01 3.113979883843349583e+01 5.730288902733440715e+00 4.456409973955436143e+00 6.749119999266117276e+00 2.951783913298480755e+01 7.205812604413739386e-01
5.355723176735112929e+02 3.237441390589308980e+02 1.877277192301906439e+02 2.053970454934634233e+02 8.678448976590291863e+01 8.281192445728133578e+01 3.053216061211082177e+01 3.402530474470937349e+01 1.588858693274010037e+01 1.282051733497367962e+01 1.878106398034447677e+00 3.417145377668212358e+00 7.205812604413739386e-01 4.976397641389421089e+00
