2.099020722422080580e+06 1.163619549043693347e+06 8.721235850611004280e+05 5.472638520033095265e+05 3.515728275313428603e+05 2.345533155906134343e+05 1.302629208286816138e+05 7.004094811697628757e+04 4.111426693448096921e+04 1.175391640304561770e+04 5.585361204674096371e+03 1.852343179467451137e+03 3.627024442010706480e+02
1.163619549043693347e+06 9.319041626634937711e+05 5.736930040648500435e+05 3.633630680376411183e+05 2.315537837855866819e+05 1.536643976598199515e+05 8.978860928039377904e+04 4.715688778719520633e+04 2.643367408769790200e+04 7.849176580821557764e+03 3.312088991155428630e+03 1.096930041638752982e+03 2.226853834559383642e+02
8.721235850611004280e+05 5.736930040648500435e+05 5.393352992599435383e+05 2.721351390862432891e+05 1.796410868940210785e+05 1.170278514811111236e+05 6.744422364897350781e+04 3.693102502318868210e+04 1.830471630131185884e+04 6.414396205776080933e+03 2.581352391679874017e+03 8.105933212499268166e+02 1.061034503092993049e+02
5.472638520033095265e+05 3.633630680376411183e+05 2.721351390862432891e+05 2.385724089046011795e+05 1.129304462573012570e+05 7.715681448465652647e+04 4.306126383505302510e+04 2.320678672037974684e+04 1.173580423855563276e+04 3.787814509792430272e+03 1.916004678604877881e+03 5.891030331630889805e+02 1.347359153899736555e+02
3.515728275313428603e+05 2.315537837855866819e+05 1.796410868940210785e+05 1.129304462573012570e+05 1.139915963360714086e+05 5.006831053120608703e+04 3.063889250860098764e+04 1.412191086100744360e+04 9.139650678288235213e+03 2.208750790498006609e+03 1.016730173867192434e+03 3.667157584599605116e+02 5.281025706837677802e+01
2.345533155906134343e+05 1.536643976598199515e+05 1.170278514811111236e+05 7.715681448465652647e+04 5.006831053120608703e+04 5.541535361186875525e+04 1.872214264548117353e+04 1.056798707740595091e+04 4.919076738019846744e+03 1.954406000486260609e+03 7.533170701193889727e+02 1.869283946474270124e+02 2.261979225101299207e+01
1.302629208286816138e+05 8.978860928039377904e+04 6.744422364897350781e+04 4.306126383505302510e+04 3.063889250860098764e+04 1.872214264548117353e+04 2.256704241212972556e+04 6.320252271908750117e+03 3.167768938653956866e+03 7.934902050037607069e+02 3.016782674462622822e+02 1.393705240815527873e+02 1.514324980768759055e+01
7.004094811697628757e+04 4.715688778719520633e+04 3.693102502318868210e+04 2.320678672037974684e+04 1.412191086100744360e+04 1.056798707740595091e+04 6.320252271908750117e+03 9.100788510688675160e+03 1.592871971282748291e+03 4.325610068731762112e+02 1.533318790541179624e+02 4.947346760579012681e+01 1.882556666459550954e+01
4.111426693448096921e+04 2.643367408769790200e+04 1.830471630131185884e+04 1.173580423855563276e+04 9.139650678288235213e+03 4.919076738019846744e+03 3.167768938653956866e+03 1.592871971282748291e+03 3.008330839374044899e+03 2.265082521939613684e+02 1.183065519665660474e+02 3.193516940639427304e+01 1.756796454064029334e+01
1.175391640304561770e+04 7.849176580821557764e+03 6.414396205776080933e+03 3.787814509792430272e+03 2.208750790498006609e+03 1.954406000486260609e+03 7.934902050037607069e+02 4.325610068731762112e+02 2.265082521939613684e+02 8.195879856870184312e+02 6.878659195812606697e+01 6.642434525084381924e+00 2.472982739032430821e+00
5.585361204674096371e+03 3.312088991155428630e+03 2.581352391679874017e+03 1.916004678604877881e+03 1.016730173867192434e+03 7.533170701193889727e+02 3.016782674462622822e+02 1.533318790541179624e+02 1.183065519665660474e+02 6.878659195812606697e+01 2.174978334425172193e+02 1.353311704676211846e+01 4.568116522451136419e+00
1.852343179467451137e+03 1.096930041638752982e+03 8.105933212499268166e+02 5.891030331630889805e+02 3.667157584599605116e+02 1.869283946474270124e+02 1.393705240815527873e+02 4.947346760579012681e+01 3.193516940639427304e+01 6.642434525084381924e+00 1.353311704676211846e+01 4.307319850765489377e+01 -3.139110642437782372e-01
3.627024442010706480e+02 2.226853834559383642e+02 1.061034503092993049e+02 1.347359153899736555e+02 5.281025706837677802e+01 2.261979225101299207e+01 1.514324980768759055e+01 1.882556666459550954e+01 1.756796454064029334e+01 2.472982739032430821e+00 4.568116522451136419e+00 -3.139110642437782372e-01 3.986244713957291630e+00
