1.272267410005263053e+06 7.061723073670496233e+05 4.464534353345999261e+05 2.667319745864807628e+05 1.517170346620848868e+05 8.826817961021573865e+04 3.246169529068939664e+04 1.225077661314097713e+04 3.406073230418234289e+03 1.161273984091684724e+03 2.297795121802045344e+02
7.061723073670496233e+05 5.860599281405605143e+05 3.046828527770771179e+05 1.811971374496778008e+05 9.753087354903876258e+04 5.516818088165725203e+04 2.143677280647679072e+04 7.515594747262575765e+03 2.132682028638003430e+03 7.620402189023261599e+02 1.662699514784286521e+02
4.464534353345999261e+05 3.046828527770771179e+05 2.670650144875753904e+05 1.167197431995202060e+05 6.281995549956070317e+04 3.832103755730344710e+04 1.252108538187397971e+04 5.464128093872697718e+03 1.657350515661534473e+03 5.695487992157419512e+02 7.236246797462146674e+01
2.667319745864807628e+05 1.811971374496778008e+05 1.167197431995202060e+05 1.110279649970640166e+05 4.147730782280775747e+04 2.300453150837993599e+04 8.436575533947927397e+03 2.939918152886904863e+03 1.137305448431920695e+03 2.602519445008178991e+02 3.951161338995984806e+01
1.517170346620848868e+05 9.753087354903876258e+04 6.281995549956070317e+04 4.147730782280775747e+04 4.550906493158085505e+04 1.272889242917961019e+04 4.551527667250051309e+03 1.959114065892774761e+03 5.062568847392444695e+02 3.025478609533424788e+02 3.439202515308898001e+01
8.826817961021573865e+04 5.516818088165725203e+04 3.832103755730344710e+04 2.300453150837993599e+04 1.272889242917961019e+04 1.519827905070751513e+04 2.957933770167871444e+03 1.134646635084855006e+03 3.960769145338665567e+02 8.789770259764364368e+01 1.512935382447172117e+01
3.246169529068939664e+04 2.143677280647679072e+04 1.252108538187397971e+04 8.436575533947927397e+03 4.551527667250051309e+03 2.957933770167871444e+03 4.312195250478031994e+03 3.170027075570397983e+02 1.173171977742130423e+02 3.357242044875947329e+01 4.262728773251120984e+00
1.225077661314097713e+04 7.515594747262575765e+03 5.464128093872697718e+03 2.939918152886904863e+03 1.959114065892774761e+03 1.134646635084855006e+03 3.170027075570397983e+02 1.137909367687785107e+03 8.661927612103156093e+01 2.847832231034688988e+01 4.274493434078362242e+00
3.406073230418234289e+03 2.132682028638003430e+03 1.657350515661534473e+03 1.137305448431920695e+03 5.062568847392444695e+02 3.960769145338665567e+02 1.173171977742130423e+02 8.661927612103156093e+01 2.409088813232179689e+02 4.839197153809919882e+00 5.568606125129726969e-01
1.161273984091684724e+03 7.620402189023261599e+02 5.695487992157419512e+02 2.602519445008178991e+02 3.025478609533424788e+02 8.789770259764364368e+01 3.357242044875947329e+01 2.847832231034688988e+01 4.839197153809919882e+00 3.987239632201162465e+01 4.411747810402074643e-01
2.297795121802045344e+02 1.662699514784286521e+02 7.236246797462146674e+01 3.951161338995984806e+01 3.439202515308898001e+01 1.512935382447172117e+01 4.262728773251120984e+00 4.274493434078362242e+00 5.568606125129726969e-01 4.411747810402074643e-01 6.931346004342812783e+00
