3.027639948553740978e+05 1.141475637847319158e+05 5.081397208079614211e+04 2.202284020254283314e+04 5.374909710610031652e+03 2.519060379674210253e+03 3.898789964942380948e+02 2.150270072059039350e+01
1.141475637847319158e+05 8.467011684831742605e+04 2.467072870595649147e+04 1.087918564723093368e+04 2.888240045390914020e+03 1.173287068474613307e+03 2.358756575734597902e+02 3.508469104758307200e+00
5.081397208079614211e+04 2.467072870595649147e+04 2.560785643310047089e+04 5.179940704625654689e+03 1.059218451666791225e+03 6.503593484169683734e+02 1.028130250956527760e+02 1.943020276688476855e+01
2.202284020254283314e+04 1.087918564723093368e+04 5.179940704625654689e+03 6.239183479985541453e+03 6.672248692803149197e+02 2.686659177276029027e+02 3.454509667463899092e+01 -1.495372154874108572e+00
5.374909710610031652e+03 2.888240045390914020e+03 1.059218451666791225e+03 6.672248692803149197e+02 1.288908406022706231e+03 6.181631683934016763e+01 -7.655603380256346568e+00 6.236903515932983311e-01
2.519060379674210253e+03 1.173287068474613307e+03 6.503593484169683734e+02 2.686659177276029027e+02 6.181631683934016763e+01 2.986900904546919833e+02 3.597122899147118691e+00 6.306184987895958882e-02
3.898789964942380948e+02 2.358756575734597902e+02 1.028130250956527760e+02 3.454509667463899092e+01 -7.655603380256346568e+00 3.597122899147118691e+00 5.559356512737047495e+01 -1.968583324662999678e-01
2.150270072059039350e+01 3.508469104758307200e+00 1.943020276688476855e+01 -1.495372154874108572e+00 6.236903515932983311e-01 6.306184987895958882e-02 -1.968583324662999678e-01 2.006505061593407468e+00
