1.953141094306475716e+06 1.081264454862742452e+06 7.717748116310447222e+05 5.259457830699865008e+05 3.645407166575955926e+05 2.032430779396798753e+05 1.430233408944790135e+05 7.069923980763388681e+04 3.025023616501366632e+04 1.078683817568332233e+04 3.713966967416523858e+03 9.603194831061119885e+02 3.705867496064415718e+02
1.081264454862742452e+06 8.692041130222026259e+05 4.955815715482640662e+05 3.415535822572643519e+05 2.364897550266374310e+05 1.302669846301997168e+05 9.238885763875083649e+04 4.468422284384386876e+04 2.120011433018059324e+04 7.389238661624212909e+03 2.428455414862193720e+03 7.000466767058223923e+02 2.873568648576788860e+02
7.717748116310447222e+05 4.955815715482640662e+05 5.111611844065471669e+05 2.488250574502281088e+05 1.756899445819864923e+05 9.319041336144958041e+04 6.901619958013785072e+04 3.363620158877671929e+04 1.333689630133334686e+04 5.168049495990221658e+03 2.094901910765897355e+03 3.398700563413837585e+02 1.746485868275973985e+02
5.259457830699865008e+05 3.415535822572643519e+05 2.488250574502281088e+05 2.300175030092642992e+05 1.151759193620995211e+05 6.493500639452934411e+04 4.323029518611648382e+04 2.181486927057109278e+04 9.312173256335874612e+03 3.405375684684945099e+03 1.400646044972704431e+03 1.785529187746423077e+02 1.106291736032551114e+02
3.645407166575955926e+05 2.364897550266374310e+05 1.756899445819864923e+05 1.151759193620995211e+05 1.238103337429138046e+05 4.604178089551624726e+04 3.360822985318178689e+04 1.687676707325258394e+04 6.785122079248726550e+03 2.577270603851048236e+03 8.549024960940747633e+02 1.683185963583901241e+02 4.739912724403924926e+01
2.032430779396798753e+05 1.302669846301997168e+05 9.319041336144958041e+04 6.493500639452934411e+04 4.604178089551624726e+04 4.847331419445798383e+04 1.898342922808400544e+04 8.347685564540692212e+03 4.056751718505289318e+03 1.259604361402502491e+03 6.222729552809832967e+02 1.917322043641128744e+02 4.873712224898822143e+01
1.430233408944790135e+05 9.238885763875083649e+04 6.901619958013785072e+04 4.323029518611648382e+04 3.360822985318178689e+04 1.898342922808400544e+04 2.545574165507041471e+04 5.684475508534346773e+03 2.876294492317135791e+03 9.956926241203020709e+02 4.054365242871828059e+02 8.903874351459111836e+01 3.122381780562753306e+01
7.069923980763388681e+04 4.468422284384386876e+04 3.363620158877671929e+04 2.181486927057109278e+04 1.687676707325258394e+04 8.347685564540692212e+03 5.684475508534346773e+03 9.111793587880341875e+03 1.243953461729504852e+03 3.830525529474741688e+02 1.954722302684440649e+02 8.967890407259108088e+01 1.688551431244147594e+01
3.025023616501366632e+04 2.120011433018059324e+04 1.333689630133334686e+04 9.312173256335874612e+03 6.785122079248726550e+03 4.056751718505289318e+03 2.876294492317135791e+03 1.243953461729504852e+03 2.374407265486375309e+03 2.132745227781199446e+02 9.109066683851817459e+01 1.852715794908860047e+01 1.288769668354338016e+01
1.078683817568332233e+04 7.389238661624212909e+03 5.168049495990221658e+03 3.405375684684945099e+03 2.577270603851048236e+03 1.259604361402502491e+03 9.956926241203020709e+02 3.830525529474741688e+02 2.132745227781199446e+02 7.619343091928187732e+02 3.715160196645488355e+01 1.296562641461649790e+01 3.634975588965693394e+00
3.713966967416523858e+03 2.428455414862193720e+03 2.094901910765897355e+03 1.400646044972704431e+03 8.549024960940747633e+02 6.222729552809832967e+02 4.054365242871828059e+02 1.954722302684440649e+02 9.109066683851817459e+01 3.715160196645488355e+01 1.726821564464625283e+02 1.729008875060514816e+00 1.718957956977651413e+00
9.603194831061119885e+02 7.000466767058223923e+02 3.398700563413837585e+02 1.785529187746423077e+02 1.683185963583901241e+02 1.917322043641128744e+02 8.903874351459111836e+01 8.967890407259108088e+01 1.852715794908860047e+01 1.296562641461649790e+01 1.729008875060514816e+00 3.275977148305224773e+01 -2.746770094243702331e-01
3.705867496064415718e+02 2.873568648576788860e+02 1.746485868275973985e+02 1.106291736032551114e+02 4.739912724403924926e+01 4.873712224898822143e+01 3.122381780562753306e+01 1.688551431244147594e+01 1.288769668354338016e+01 3.634975588965693394e+00 1.718957956977651413e+00 -2.746770094243702331e-01 3.986188323163008196e+00
