1.943731930862843059e+06 1.095874288503415417e+06 8.023000285788575420e+05 5.659758650409104303e+05 3.850421664597398485e+05 2.460449746653930342e+05 1.696411383745129860e+05 8.710829895676884917e+04 4.451465351076478692e+04 1.909146224515544964e+04 6.550234180339620252e+03 1.959231154657961497e+03 2.700164643480908921e+02 1.554693522956662548e+02
1.095874288503415417e+06 9.344889503043766599e+05 5.350263947004325455e+05 3.672367117835718673e+05 2.646534147696308792e+05 1.673728915272913000e+05 1.040339051298550185e+05 5.640685474600380257e+04 3.057740660689238211e+04 1.326400644912228927e+04 3.597553874618485224e+03 1.054511196718573046e+03 2.362320229176749820e+02 7.102757444133003162e+01
8.023000285788575420e+05 5.350263947004325455e+05 5.318618606972815469e+05 2.787589389561919961e+05 1.969999119148383616e+05 1.240764960432256485e+05 8.232384477465436794e+04 4.278351754249227088e+04 2.170554656001917101e+04 8.534262906302190459e+03 3.756541951454437367e+03 9.187068004041386757e+02 1.743157826845070986e+02 1.084928170980066540e+02
5.659758650409104303e+05 3.672367117835718673e+05 2.787589389561919961e+05 2.626820072569084004e+05 1.310851743210889690e+05 8.354417492283576576e+04 5.421150577636437083e+04 2.816376409570047326e+04 1.579215419956677579e+04 5.010127975542914101e+03 2.458989217250912134e+03 3.974652142035077986e+02 1.150703032596727695e+02 3.710757357650559385e+01
3.850421664597398485e+05 2.646534147696308792e+05 1.969999119148383616e+05 1.310851743210889690e+05 1.416002114541600749e+05 6.116889207109618292e+04 3.899503349098740000e+04 2.110925355865302117e+04 1.134765953392181109e+04 4.265405332069707583e+03 1.485740383010649339e+03 3.468445467200608618e+02 7.788226635220739524e+01 1.719923771306123683e+01
2.460449746653930342e+05 1.673728915272913000e+05 1.240764960432256485e+05 8.354417492283576576e+04 6.116889207109618292e+04 6.512266796301666909e+04 2.611878594776703903e+04 1.294998896462788798e+04 6.673652195829413358e+03 2.121586168765075399e+03 1.327435721642893213e+03 3.078375996181982259e+02 6.583364975281521936e+01 3.005774413923458255e+01
1.696411383745129860e+05 1.040339051298550185e+05 8.232384477465436794e+04 5.421150577636437083e+04 3.899503349098740000e+04 2.611878594776703903e+04 3.242918723035686708e+04 9.037957032981659722e+03 4.617340714169386956e+03 1.857264551676582187e+03 6.880581941441819254e+02 1.670750233129347180e+02 1.608774525179704185e+01 1.534372913738701705e+01
8.710829895676884917e+04 5.640685474600380257e+04 4.278351754249227088e+04 2.816376409570047326e+04 2.110925355865302117e+04 1.294998896462788798e+04 9.037957032981659722e+03 1.145804337357689474e+04 2.453045014571915544e+03 1.062371360533212510e+03 4.048580923711267587e+02 1.607134957561664237e+02 1.667354543532439592e+01 5.173818310456429259e+00
4.451465351076478692e+04 3.057740660689238211e+04 2.170554656001917101e+04 1.579215419956677579e+04 1.134765953392181109e+04 6.673652195829413358e+03 4.617340714169386956e+03 2.453045014571915544e+03 4.002834061013454175e+03 4.126322628664691479e+02 2.074424240308505318e+02 5.528389148154850830e+01 9.707045141646016617e+00 9.211691968294717370e+00
1.909146224515544964e+04 1.326400644912228927e+04 8.534262906302190459e+03 5.010127975542914101e+03 4.265405332069707583e+03 2.121586168765075399e+03 1.857264551676582187e+03 1.062371360533212510e+03 4.126322628664691479e+02 1.255505099529719246e+03 8.138193866872092030e+01 4.481074457561290103e+01 4.208130166477055845e+00 2.810478183452380652e+00
6.550234180339620252e+03 3.597553874618485224e+03 3.756541951454437367e+03 2.458989217250912134e+03 1.485740383010649339e+03 1.327435721642893213e+03 6.880581941441819254e+02 4.048580923711267587e+02 2.074424240308505318e+02 8.138193866872092030e+01 3.844287501791083628e+02 5.838481669838754939e+00 3.626310650782911704e+00 2.664622096819562636e+00
1.959231154657961497e+03 1.054511196718573046e+03 9.187068004041386757e+02 3.974652142035077986e+02 3.468445467200608618e+02 3.078375996181982259e+02 1.670750233129347180e+02 1.607134957561664237e+02 5.528389148154850830e+01 4.481074457561290103e+01 5.838481669838754939e+00 7.292932822166514484e+01 -1.145796892948404588e+00 7.180400937642658077e-01
2.700164643480908921e+02 2.362320229176749820e+02 1.743157826845070986e+02 1.150703032596727695e+02 7.788226635220739524e+01 6.583364975281521936e+01 1.608774525179704185e+01 1.667354543532439592e+01 9.707045141646016617e+00 4.208130166477055845e+00 3.626310650782911704e+00 -1.145796892948404588e+00 7.909798210747593039e+00 -3.138612354141023797e-02
1.554693522956662548e+02 7.102757444133003162e+01 1.084928170980066540e+02 3.710757357650559385e+01 1.719923771306123683e+01 3.005774413923458255e+01 1.534372913738701705e+01 5.173818310456429259e+00 9.211691968294717370e+00 2.810478183452380652e+00 2.664622096819562636e+00 7.180400937642658077e-01 -3.138612354141023797e-02 2.000740140578519455e+00
