1.328232637836945010e+06 7.322618756037200801e+05 4.608310690122197266e+05 2.744527104902027058e+05 1.557696582002841751e+05 9.049124171823142387e+04 3.324474783666696021e+04 1.253731810218616010e+04 3.484061932271500609e+03 1.187471638542302117e+03 2.349031926068163045e+02
7.322618756037200801e+05 6.036118600783841684e+05 3.123730740173005033e+05 1.851841329756205378e+05 9.946049839913034521e+04 5.617602911829851655e+04 2.180576098448704215e+04 7.639490135364766502e+03 2.166795827217901660e+03 7.739741182701797015e+02 1.688306848815852845e+02
4.608310690122197266e+05 3.123730740173005033e+05 2.725539111597745796e+05 1.187426138542788685e+05 6.376993623839588690e+04 3.884270566920679994e+04 1.267837696569185209e+04 5.528810863139081448e+03 1.676162384444964346e+03 5.758234228850607224e+02 7.314098820637123310e+01
2.744527104902027058e+05 1.851841329756205378e+05 1.187426138542788685e+05 1.125956268607885286e+05 4.197162462573557423e+04 2.324408580110632465e+04 8.515590025540133865e+03 2.965329535336751178e+03 1.146583543314471171e+03 2.622884890259334156e+02 3.981063263990934331e+01
1.557696582002841751e+05 9.946049839913034521e+04 6.376993623839588690e+04 4.197162462573557423e+04 4.595144887651433964e+04 1.283351935672300351e+04 4.584181555376910183e+03 1.971757598615976804e+03 5.092788068321036121e+02 3.042533802570505372e+02 3.457706625507083231e+01
9.049124171823142387e+04 5.617602911829851655e+04 3.884270566920679994e+04 2.324408580110632465e+04 1.283351935672300351e+04 1.530042252860580447e+04 2.974725692631712718e+03 1.140271543656339873e+03 3.978487958633465382e+02 8.826178483327360880e+01 1.518814128487817960e+01
3.324474783666696021e+04 2.180576098448704215e+04 1.267837696569185209e+04 8.515590025540133865e+03 4.584181555376910183e+03 2.974725692631712718e+03 4.332178717054124718e+03 3.182439066987794263e+02 1.177198411703326570e+02 3.367652751144348855e+01 4.274855291331794760e+00
1.253731810218616010e+04 7.639490135364766502e+03 5.528810863139081448e+03 2.965329535336751178e+03 1.971757598615976804e+03 1.140271543656339873e+03 3.182439066987794263e+02 1.141547470975912347e+03 8.685437801365327459e+01 2.854619507171267756e+01 4.283586584940858977e+00
3.484061932271500609e+03 2.166795827217901660e+03 1.676162384444964346e+03 1.146583543314471171e+03 5.092788068321036121e+02 3.978487958633465382e+02 1.177198411703326570e+02 8.685437801365327459e+01 2.414464567711423229e+02 4.848395119343399173e+00 5.577765570927472050e-01
1.187471638542302117e+03 7.739741182701797015e+02 5.758234228850607224e+02 2.622884890259334156e+02 3.042533802570505372e+02 8.826178483327360880e+01 3.367652751144348855e+01 2.854619507171267756e+01 4.848395119343399173e+00 3.993500015952333371e+01 4.417546188731956702e-01
2.349031926068163045e+02 1.688306848815852845e+02 7.314098820637123310e+01 3.981063263990934331e+01 3.457706625507083231e+01 1.518814128487817960e+01 4.274855291331794760e+00 4.283586584940858977e+00 5.577765570927472050e-01 4.417546188731956702e-01 6.938683311367042528e+00
