1.621979545237587765e+06 9.141300678229148034e+05 6.192633539240090176e+05 4.088041285381346243e+05 2.363217930078338832e+05 1.401867886228940333e+05 7.809224995308771031e+04 3.268958461402956891e+04 1.047658732924485594e+04 4.976106433415744505e+03 9.138004220265117965e+02 2.519206038580058191e+02
9.141300678229148034e+05 7.525229200561865000e+05 4.055984741479809163e+05 2.732183477851382922e+05 1.610233284339382662e+05 9.332384260170345078e+04 5.107663576656179794e+04 1.903098790216000998e+04 6.462526231134000227e+03 3.675429061622598965e+03 4.342551996966350885e+02 1.972619896523293050e+02
6.192633539240090176e+05 4.055984741479809163e+05 3.671037156873424537e+05 1.840801538597125909e+05 1.070891741989288421e+05 6.306823690166457527e+04 3.423221400040612934e+04 1.334988220786533202e+04 4.747609269265774856e+03 2.611488038112524464e+03 3.747397413459552808e+02 1.180701360671838813e+02
4.088041285381346243e+05 2.732183477851382922e+05 1.840801538597125909e+05 1.744055889492068090e+05 7.686161152875851258e+04 4.407077632209124567e+04 2.407099801241829482e+04 1.001002637091738870e+04 3.072696075765852584e+03 1.606511494671164655e+03 3.626084152558210008e+02 6.628209910349670508e+01
2.363217930078338832e+05 1.610233284339382662e+05 1.070891741989288421e+05 7.686161152875851258e+04 7.735233121809078148e+04 2.761402758108239505e+04 1.489788804424019327e+04 5.232599568782356073e+03 1.516503996231566816e+03 9.260199830729616224e+02 2.386265371226327545e+02 4.897236147226616509e+01
1.401867886228940333e+05 9.332384260170345078e+04 6.306823690166457527e+04 4.407077632209124567e+04 2.761402758108239505e+04 3.097399118416364581e+04 8.069114196100947993e+03 2.942267163499010167e+03 1.277065697511868620e+03 5.865859888710604082e+02 1.398229939376747097e+02 1.968619911841630810e+01
7.809224995308771031e+04 5.107663576656179794e+04 3.423221400040612934e+04 2.407099801241829482e+04 1.489788804424019327e+04 8.069114196100947993e+03 1.198677762416739279e+04 2.114940920109953822e+03 4.506963132034671844e+02 3.706966195748508994e+02 4.247826869535647631e+01 1.229799211859695518e+01
3.268958461402956891e+04 1.903098790216000998e+04 1.334988220786533202e+04 1.001002637091738870e+04 5.232599568782356073e+03 2.942267163499010167e+03 2.114940920109953822e+03 3.192268166865340390e+03 2.224677754757479420e+02 1.408386763224750666e+02 5.462135944638871621e+01 -3.631358642162326067e+00
1.047658732924485594e+04 6.462526231134000227e+03 4.747609269265774856e+03 3.072696075765852584e+03 1.516503996231566816e+03 1.277065697511868620e+03 4.506963132034671844e+02 2.224677754757479420e+02 9.573433925268320763e+02 4.869785271962009432e+01 1.128819206421540500e+01 5.748997591154884290e+00
4.976106433415744505e+03 3.675429061622598965e+03 2.611488038112524464e+03 1.606511494671164655e+03 9.260199830729616224e+02 5.865859888710604082e+02 3.706966195748508994e+02 1.408386763224750666e+02 4.869785271962009432e+01 2.110423290351982075e+02 5.356842230230427049e+00 2.352932165547772403e+00
9.138004220265117965e+02 4.342551996966350885e+02 3.747397413459552808e+02 3.626084152558210008e+02 2.386265371226327545e+02 1.398229939376747097e+02 4.247826869535647631e+01 5.462135944638871621e+01 1.128819206421540500e+01 5.356842230230427049e+00 3.300183439861213230e+01 -2.588225382102551375e-01
2.519206038580058191e+02 1.972619896523293050e+02 1.180701360671838813e+02 6.628209910349670508e+01 4.897236147226616509e+01 1.968619911841630810e+01 1.229799211859695518e+01 -3.631358642162326067e+00 5.748997591154884290e+00 2.352932165547772403e+00 -2.588225382102551375e-01 3.984298466994228516e+00
