1.193210172236375976e+06 6.376769997964558424e+05 3.777092799411755404e+05 2.243557521066947957e+05 1.218933392790612852e+05 5.458802943610605871e+04 2.197510977171481863e+04 6.513029078196632327e+03 2.533008738244073356e+03 5.109562859363430221e+02 9.958036774823516168e+01
6.376769997964558424e+05 5.300374604513868690e+05 2.444366464809544559e+05 1.464555290629194933e+05 8.309582364145324391e+04 3.612636321192800824e+04 1.471538063182822953e+04 4.454747121177368172e+03 1.639543991808320698e+03 3.322277084603768458e+02 5.346764923586586349e+01
3.777092799411755404e+05 2.444366464809544559e+05 2.201435379248147656e+05 8.863605027748763678e+04 4.904951241566672252e+04 2.113694183349656305e+04 8.355558239095227691e+03 2.920712247398053478e+03 9.054642092971965894e+02 2.265725662207122184e+02 7.249752174668321558e+00
2.243557521066947957e+05 1.464555290629194933e+05 8.863605027748763678e+04 8.598567472656434984e+04 3.257884718167730534e+04 1.332261473326176383e+04 5.357427820974718998e+03 1.709755653184769926e+03 7.336327061530951141e+02 1.236415544935689752e+02 -7.116305796223999280e+00
1.218933392790612852e+05 8.309582364145324391e+04 4.904951241566672252e+04 3.257884718167730534e+04 3.239305977357688244e+04 7.190532769882090179e+03 2.605038757994718253e+03 1.062618439698925158e+03 4.089261101651485433e+02 9.576590782948004232e+01 9.363862554111387126e+00
5.458802943610605871e+04 3.612636321192800824e+04 2.113694183349656305e+04 1.332261473326176383e+04 7.190532769882090179e+03 8.877227140268067160e+03 1.474928950270696077e+03 4.609688061414372555e+02 1.441821379602737920e+02 2.370374788692459589e+01 4.625793437675796760e+00
2.197510977171481863e+04 1.471538063182822953e+04 8.355558239095227691e+03 5.357427820974718998e+03 2.605038757994718253e+03 1.474928950270696077e+03 2.474624797900637532e+03 2.595588904789500475e+02 8.304538873807553045e+01 8.654365769889958315e+00 2.202380540229646577e+00
6.513029078196632327e+03 4.454747121177368172e+03 2.920712247398053478e+03 1.709755653184769926e+03 1.062618439698925158e+03 4.609688061414372555e+02 2.595588904789500475e+02 6.367133336212372114e+02 3.517335246139246863e+01 1.111077186076266088e+01 -2.318670414624620368e-01
2.533008738244073356e+03 1.639543991808320698e+03 9.054642092971965894e+02 7.336327061530951141e+02 4.089261101651485433e+02 1.441821379602737920e+02 8.304538873807553045e+01 3.517335246139246863e+01 1.357580637445331888e+02 9.547424887386102288e-01 -4.792162936634243864e-01
5.109562859363430221e+02 3.322277084603768458e+02 2.265725662207122184e+02 1.236415544935689752e+02 9.576590782948004232e+01 2.370374788692459589e+01 8.654365769889958315e+00 1.111077186076266088e+01 9.547424887386102288e-01 1.652593052817397634e+01 -6.675479829501335116e-02
9.958036774823516168e+01 5.346764923586586349e+01 7.249752174668321558e+00 -7.116305796223999280e+00 9.363862554111387126e+00 4.625793437675796760e+00 2.202380540229646577e+00 -2.318670414624620368e-01 -4.792162936634243864e-01 -6.675479829501335116e-02 2.002144927754317738e+00
