1.340734796327932039e+06 7.391450092677853536e+05 4.649866554938147310e+05 2.767795722805410041e+05 1.570007168463190028e+05 9.115719149878667668e+04 3.347304746150278515e+04 1.261809952856468772e+04 3.505305806356359426e+03 1.194378983415486800e+03 2.362096761269225453e+02
7.391450092677853536e+05 6.092779788392144255e+05 3.151859295139742317e+05 1.867517904447903275e+05 1.002452703929704439e+05 5.658872617724707379e+04 2.195522790432790862e+04 7.688615982596923459e+03 2.179980096550430062e+03 7.784663369372308352e+02 1.697675335287091798e+02
4.649866554938147310e+05 3.151859295139742317e+05 2.749040648153816583e+05 1.197024720127094624e+05 6.424876086351014965e+04 3.911324673200114921e+04 1.276044663255364503e+04 5.562256878375900669e+03 1.685722722900336976e+03 5.789462413482366401e+02 7.351900038267773141e+01
2.767795722805410041e+05 1.867517904447903275e+05 1.197024720127094624e+05 1.134451174919555342e+05 4.226416809291986283e+04 2.339346939238134291e+04 8.566131385419641447e+03 2.981673210542655852e+03 1.152506879587327376e+03 2.635699625027871207e+02 3.999499256056248697e+01
1.570007168463190028e+05 1.002452703929704439e+05 6.424876086351014965e+04 4.226416809291986283e+04 4.624534387335485371e+04 1.290863122282773111e+04 4.608759595435232768e+03 1.981494457888781199e+03 5.116178459712698441e+02 3.055655251659948703e+02 3.471737992503105374e+01
9.115719149878667668e+04 5.658872617724707379e+04 3.911324673200114921e+04 2.339346939238134291e+04 1.290863122282773111e+04 1.538166924875433870e+04 2.989061083042897280e+03 1.145284136935872539e+03 3.994604154730604932e+02 8.859460335919072804e+01 1.524154696833197775e+01
3.347304746150278515e+04 2.195522790432790862e+04 1.276044663255364503e+04 8.566131385419641447e+03 4.608759595435232768e+03 2.989061083042897280e+03 4.350929553044945351e+03 3.194867692935615651e+02 1.181389727750462555e+02 3.378700435339449371e+01 4.287791506867385749e+00
1.261809952856468772e+04 7.688615982596923459e+03 5.562256878375900669e+03 2.981673210542655852e+03 1.981494457888781199e+03 1.145284136935872539e+03 3.194867692935615651e+02 1.145523097045903114e+03 8.712691381090196785e+01 2.862778234987549553e+01 4.294740077609207063e+00
3.505305806356359426e+03 2.179980096550430062e+03 1.685722722900336976e+03 1.152506879587327376e+03 5.116178459712698441e+02 3.994604154730604932e+02 1.181389727750462555e+02 8.712691381090196785e+01 2.421208528865014387e+02 4.860581450257817515e+00 5.590367193796185186e-01
1.194378983415486800e+03 7.784663369372308352e+02 5.789462413482366401e+02 2.635699625027871207e+02 3.055655251659948703e+02 8.859460335919072804e+01 3.378700435339449371e+01 2.862778234987549553e+01 4.860581450257817515e+00 4.002421026799575543e+01 4.426291765875736139e-01
2.362096761269225453e+02 1.697675335287091798e+02 7.351900038267773141e+01 3.999499256056248697e+01 3.471737992503105374e+01 1.524154696833197775e+01 4.287791506867385749e+00 4.294740077609207063e+00 5.590367193796185186e-01 4.426291765875736139e-01 6.950657081824109795e+00
