1.530828980432244251e+06 8.522047362006757176e+05 5.534613937595358584e+05 3.516461140699628741e+05 2.017309055441780947e+05 1.137579304916673864e+05 5.304217948020739277e+04 2.172563279948849231e+04 6.568205777631159435e+03 1.755734666856260446e+03 4.265777089124172221e+02 1.574192100537747763e+02
8.522047362006757176e+05 6.983251639985576039e+05 3.691533862822165829e+05 2.356309855791972077e+05 1.294726851939459448e+05 7.632393008685692621e+04 3.370862066216617677e+04 1.361188053698497060e+04 4.891764965417617532e+03 1.049553138346907417e+03 3.122750570454705894e+02 1.536152465429717324e+02
5.534613937595358584e+05 3.691533862822165829e+05 3.272883724017586792e+05 1.539476326288753771e+05 8.706085440934571670e+04 4.876619139162316424e+04 2.154541867775509309e+04 9.782048233245664960e+03 3.186878724619432887e+03 7.073312244298474525e+02 2.093415619957609692e+02 8.494593433355591117e+01
3.516461140699628741e+05 2.356309855791972077e+05 1.539476326288753771e+05 1.445287161724914622e+05 5.780623869710183499e+04 3.259901300901269497e+04 1.582948811321795438e+04 6.078229027628659423e+03 1.838813471939007968e+03 4.870960713664401851e+02 1.306466346621807872e+02 2.274594167930993294e+01
2.017309055441780947e+05 1.294726851939459448e+05 8.706085440934571670e+04 5.780623869710183499e+04 6.035145557334326440e+04 1.867375145889805572e+04 8.001479478703398854e+03 3.373663041722302751e+03 1.058959199110215877e+03 3.921423895501231982e+02 8.532533837196673687e+01 2.309704482978721174e+01
1.137579304916673864e+05 7.632393008685692621e+04 4.876619139162316424e+04 3.259901300901269497e+04 1.867375145889805572e+04 2.174157997796095151e+04 5.488261884231612385e+03 2.089613616733607159e+03 8.695179807343339462e+02 1.902638978742677125e+02 4.559825634126929117e+01 1.771461889356665154e+01
5.304217948020739277e+04 3.370862066216617677e+04 2.154541867775509309e+04 1.582948811321795438e+04 8.001479478703398854e+03 5.488261884231612385e+03 6.816578113613325513e+03 1.049388785928819289e+03 1.830836196615510403e+02 9.139554415259310360e+01 2.425200386495889049e+01 6.565711481497797486e+00
2.172563279948849231e+04 1.361188053698497060e+04 9.782048233245664960e+03 6.078229027628659423e+03 3.373663041722302751e+03 2.089613616733607159e+03 1.049388785928819289e+03 2.165789941006564277e+03 1.798328699338393903e+02 4.824775855061395191e+01 1.914161224608402634e+01 1.002449670332821619e+00
6.568205777631159435e+03 4.891764965417617532e+03 3.186878724619432887e+03 1.838813471939007968e+03 1.058959199110215877e+03 8.695179807343339462e+02 1.830836196615510403e+02 1.798328699338393903e+02 5.293645602390951126e+02 1.612930727954973875e+01 7.157238430132096596e+00 2.292457656780768183e+00
1.755734666856260446e+03 1.049553138346907417e+03 7.073312244298474525e+02 4.870960713664401851e+02 3.921423895501231982e+02 1.902638978742677125e+02 9.139554415259310360e+01 4.824775855061395191e+01 1.612930727954973875e+01 1.020256354517684088e+02 7.082231597567435477e-01 -5.781875568219611017e-01
4.265777089124172221e+02 3.122750570454705894e+02 2.093415619957609692e+02 1.306466346621807872e+02 8.532533837196673687e+01 4.559825634126929117e+01 2.425200386495889049e+01 1.914161224608402634e+01 7.157238430132096596e+00 7.082231597567435477e-01 1.179800758029765539e+01 -7.076421738751174917e-02
1.574192100537747763e+02 1.536152465429717324e+02 8.494593433355591117e+01 2.274594167930993294e+01 2.309704482978721174e+01 1.771461889356665154e+01 6.565711481497797486e+00 1.002449670332821619e+00 2.292457656780768183e+00 -5.781875568219611017e-01 -7.076421738751174917e-02 3.000571852737885070e+00
