1.753883887147981673e+06 9.542137574533573352e+05 7.053488124815213960e+05 4.683811395943014650e+05 2.909917169741027756e+05 1.744189085060066136e+05 9.924686697737203212e+04 5.118538044813918532e+04 1.995769611789179180e+04 5.722456516327529243e+03 2.411175079752366400e+03 4.972137821162996261e+02 9.192905970794144821e+01
9.542137574533573352e+05 7.967673329681787873e+05 4.476263328035348677e+05 3.089968401775528328e+05 1.895993993895397871e+05 1.106598428774325002e+05 6.615215450307936408e+04 3.138020923632983977e+04 1.284311944271005268e+04 4.143168446811801005e+03 1.486300190333090995e+03 2.974106257251979173e+02 7.905852076241060900e+01
7.053488124815213960e+05 4.476263328035348677e+05 4.257312558698598295e+05 2.238697936359107262e+05 1.398460605159980187e+05 7.762856545432517305e+04 4.891014994580777420e+04 2.383897145001617901e+04 7.901240329196022685e+03 3.537868804117529180e+03 1.081854680397179891e+03 2.535009899625005687e+02 1.647444671244318926e+01
4.683811395943014650e+05 3.089968401775528328e+05 2.238697936359107262e+05 2.085888796075703576e+05 9.345379112365969922e+04 5.559144200581581390e+04 3.159266332466710446e+04 1.562740681906173631e+04 6.018361265467567137e+03 2.150140785306520229e+03 9.415179629367838743e+02 1.069329238169360963e+02 2.414108401852115549e+01
2.909917169741027756e+05 1.895993993895397871e+05 1.398460605159980187e+05 9.345379112365969922e+04 9.608796927094555576e+04 3.802677201756823342e+04 2.133121242642178549e+04 1.022687456006932553e+04 3.267595329368380590e+03 1.177030786493580763e+03 4.971196648297008664e+02 2.982341519831716425e+01 3.258811049283572903e+00
1.744189085060066136e+05 1.106598428774325002e+05 7.762856545432517305e+04 5.559144200581581390e+04 3.802677201756823342e+04 4.081327115015412710e+04 1.263982610360642138e+04 5.493124061258672555e+03 2.444037698997762163e+03 8.884671857108098720e+02 4.330650081762737500e+02 9.041534001477984361e+01 3.199987745144880602e+00
9.924686697737203212e+04 6.615215450307936408e+04 4.891014994580777420e+04 3.159266332466710446e+04 2.133121242642178549e+04 1.263982610360642138e+04 1.638782743632169149e+04 3.761538535774414413e+03 1.123760402265617813e+03 6.442641993558361264e+02 1.593405662508906460e+02 3.797632515193998159e+01 8.015655577299185097e+00
5.118538044813918532e+04 3.138020923632983977e+04 2.383897145001617901e+04 1.562740681906173631e+04 1.022687456006932553e+04 5.493124061258672555e+03 3.761538535774414413e+03 5.913669509537447084e+03 3.993553333512044219e+02 2.589794003546211911e+02 3.845867624587755529e+01 2.553127477299766568e+01 -1.431367067374872404e-01
1.995769611789179180e+04 1.284311944271005268e+04 7.901240329196022685e+03 6.018361265467567137e+03 3.267595329368380590e+03 2.444037698997762163e+03 1.123760402265617813e+03 3.993553333512044219e+02 1.657342672554161027e+03 1.111838879293535172e+02 3.774103193538697099e+01 1.269014747952128808e+01 2.431363237732791838e+00
5.722456516327529243e+03 4.143168446811801005e+03 3.537868804117529180e+03 2.150140785306520229e+03 1.177030786493580763e+03 8.884671857108098720e+02 6.442641993558361264e+02 2.589794003546211911e+02 1.111838879293535172e+02 4.512610169231892314e+02 7.968596933988386866e+00 7.435265643130994917e+00 2.196070021177717324e-01
2.411175079752366400e+03 1.486300190333090995e+03 1.081854680397179891e+03 9.415179629367838743e+02 4.971196648297008664e+02 4.330650081762737500e+02 1.593405662508906460e+02 3.845867624587755529e+01 3.774103193538697099e+01 7.968596933988386866e+00 8.118400281861664780e+01 2.392147701640234825e-01 -1.607836979790979448e-01
4.972137821162996261e+02 2.974106257251979173e+02 2.535009899625005687e+02 1.069329238169360963e+02 2.982341519831716425e+01 9.041534001477984361e+01 3.797632515193998159e+01 2.553127477299766568e+01 1.269014747952128808e+01 7.435265643130994917e+00 2.392147701640234825e-01 1.080584097027814572e+01 -2.156854485085456935e-02
9.192905970794144821e+01 7.905852076241060900e+01 1.647444671244318926e+01 2.414108401852115549e+01 3.258811049283572903e+00 3.199987745144880602e+00 8.015655577299185097e+00 -1.431367067374872404e-01 2.431363237732791838e+00 2.196070021177717324e-01 -1.607836979790979448e-01 -2.156854485085456935e-02 1.001956947162427447e+00
