1.871098308845337480e+06 1.042840727846438531e+06 7.477739362823967822e+05 5.112061050011174520e+05 3.550908832610061509e+05 1.982711151994606189e+05 1.396668768884976744e+05 6.908909227523223672e+04 2.957567497060657115e+04 1.054984979377365380e+04 3.633201772358433118e+03 9.395807154537238830e+02 3.626339053542307056e+02
1.042840727846438531e+06 8.439775600123521872e+05 4.834125722251044353e+05 3.342234886661510100e+05 2.319150216489502927e+05 1.279384590592029563e+05 9.082996979944049963e+04 4.396145125057028781e+04 2.086734361464451649e+04 7.275701548324077521e+03 2.391688879867826472e+03 6.895542219890047591e+02 2.830891119442620720e+02
7.477739362823967822e+05 4.834125722251044353e+05 5.009037993573576096e+05 2.446053220690651797e+05 1.730840783238323638e+05 9.194574984010739718e+04 6.816387621064638370e+04 3.324439425400597975e+04 1.318795341623157219e+04 5.112054932387442932e+03 2.072678336862928063e+03 3.363163590825613483e+02 1.728463968811344955e+02
5.112061050011174520e+05 3.342234886661510100e+05 2.446053220690651797e+05 2.268339234607581748e+05 1.138275091777310445e+05 6.427093817808250606e+04 4.283184381187302643e+04 2.162914854033263691e+04 9.237384231830696081e+03 3.379163529551289230e+03 1.390182911370551210e+03 1.772463800307087070e+02 1.098348734877669131e+02
3.550908832610061509e+05 2.319150216489502927e+05 1.730840783238323638e+05 1.138275091777310445e+05 1.226255205824050208e+05 4.566950353284242010e+04 3.337049377108736371e+04 1.676928283822487356e+04 6.745187893734704630e+03 2.562964694528478049e+03 8.503516454057455576e+02 1.674483783380071600e+02 4.716060370479452502e+01
1.982711151994606189e+05 1.279384590592029563e+05 9.194574984010739718e+04 6.427093817808250606e+04 4.566950353284242010e+04 4.815341558893899492e+04 1.887738652961690241e+04 8.306948579394525950e+03 4.038917865663589055e+03 1.254489313383400713e+03 6.198878221207627348e+02 1.910267194136000057e+02 4.856451989690467030e+01
1.396668768884976744e+05 9.082996979944049963e+04 6.816387621064638370e+04 4.283184381187302643e+04 3.337049377108736371e+04 1.887738652961690241e+04 2.533936766480104416e+04 5.662505765526928371e+03 2.866571374956500222e+03 9.926609043317293981e+02 4.042945301220669307e+02 8.880162070458328571e+01 3.114497876463563841e+01
6.908909227523223672e+04 4.396145125057028781e+04 3.324439425400597975e+04 2.162914854033263691e+04 1.676928283822487356e+04 8.306948579394525950e+03 5.662505765526928371e+03 9.083022077888312197e+03 1.240628582151589399e+03 3.821573599978671609e+02 1.950600373007234793e+02 8.950357880063741334e+01 1.685483741254124013e+01
2.957567497060657115e+04 2.086734361464451649e+04 1.318795341623157219e+04 9.237384231830696081e+03 6.745187893734704630e+03 4.038917865663589055e+03 2.866571374956500222e+03 1.240628582151589399e+03 2.369212495356424370e+03 2.128795769011217658e+02 9.094278897522346483e+01 1.849992915161883644e+01 1.287053894554594891e+01
1.054984979377365380e+04 7.275701548324077521e+03 5.112054932387442932e+03 3.379163529551289230e+03 2.562964694528478049e+03 1.254489313383400713e+03 9.926609043317293981e+02 3.821573599978671609e+02 2.128795769011217658e+02 7.607794394169532097e+02 3.710377947388345632e+01 1.295093079453595308e+01 3.631358642162047623e+00
3.633201772358433118e+03 2.391688879867826472e+03 2.072678336862928063e+03 1.390182911370551210e+03 8.503516454057455576e+02 6.198878221207627348e+02 4.042945301220669307e+02 1.950600373007234793e+02 9.094278897522346483e+01 3.710377947388345632e+01 1.724993393867210898e+02 1.727444364872990246e+00 1.717640480849874418e+00
9.395807154537238830e+02 6.895542219890047591e+02 3.363163590825613483e+02 1.772463800307087070e+02 1.674483783380071600e+02 1.910267194136000057e+02 8.880162070458328571e+01 8.950357880063741334e+01 1.849992915161883644e+01 1.295093079453595308e+01 1.727444364872990246e+00 3.273516875318338748e+01 -2.745087526472399508e-01
3.626339053542307056e+02 2.830891119442620720e+02 1.728463968811344955e+02 1.098348734877669131e+02 4.716060370479452502e+01 4.856451989690467030e+01 3.114497876463563841e+01 1.685483741254124013e+01 1.287053894554594891e+01 3.631358642162047623e+00 1.717640480849874418e+00 -2.745087526472399508e-01 3.984298466994228072e+00
