1.971534376324737212e+06 1.091429285333392676e+06 7.787325035681095906e+05 5.304012397589966422e+05 3.674191835929214139e+05 2.047359636724230659e+05 1.440042601233422174e+05 7.115425106042683183e+04 3.043429226268393177e+04 1.084934785459319755e+04 3.734634413825963293e+03 9.654920834591284802e+02 3.725138365402161753e+02
1.091429285333392676e+06 8.773611283195017604e+05 5.000412017522937385e+05 3.444413936610273086e+05 2.383532380409430771e+05 1.312217043139465095e+05 9.302099033067091659e+04 4.497107371302192041e+04 2.132875867151299462e+04 7.431938450257118348e+03 2.441929562479761444e+03 7.038059197719518352e+02 2.888464527487362830e+02
7.787325035681095906e+05 5.000412017522937385e+05 5.155639411228149547e+05 2.508329764287935977e+05 1.770066798820990371e+05 9.383753206380567281e+04 6.946186313670093659e+04 3.383919474607305892e+04 1.341269895786219422e+04 5.195927710361368554e+03 2.105720457447421268e+03 3.415645939797148571e+02 1.754868437757320976e+02
5.304012397589966422e+05 3.444413936610273086e+05 2.508329764287935977e+05 2.317486722421565792e+05 1.159765777176801057e+05 6.535067507699305133e+04 4.348599779515444243e+04 2.193469193980386262e+04 9.360052868504486469e+03 3.421900033353317212e+03 1.407120448269845838e+03 1.793464348581603929e+02 1.111002424848811074e+02
3.674191835929214139e+05 2.383532380409430771e+05 1.770066798820990371e+05 1.159765777176801057e+05 1.245999097121839732e+05 4.631008051248099946e+04 3.378773730285326019e+04 1.695978774756037456e+04 6.816118808794150027e+03 2.588299564083690257e+03 8.583643889861236858e+02 1.689702032654387835e+02 4.757380798525159804e+01
2.047359636724230659e+05 1.312217043139465095e+05 9.383753206380567281e+04 6.535067507699305133e+04 4.631008051248099946e+04 4.872913758805399993e+04 1.907439300902227842e+04 8.384165203283313531e+03 4.073057147623360834e+03 1.264303276881780675e+03 6.244513688752402913e+02 1.923692625100394480e+02 4.889000044710903836e+01
1.440042601233422174e+05 9.302099033067091659e+04 6.946186313670093659e+04 4.348599779515444243e+04 3.378773730285326019e+04 1.907439300902227842e+04 2.556535700241511222e+04 5.706557436001688984e+03 2.886459526872728475e+03 9.989239958073428625e+02 4.066592108565515105e+02 8.929141088299982698e+01 3.130662211691501540e+01
7.115425106042683183e+04 4.497107371302192041e+04 3.383919474607305892e+04 2.193469193980386262e+04 1.695978774756037456e+04 8.384165203283313531e+03 5.706557436001688984e+03 9.143350161436967028e+03 1.247825745262628516e+03 3.841344019253543820e+02 1.959794333798577384e+02 8.989564253716248743e+01 1.692318828754617499e+01
3.043429226268393177e+04 2.132875867151299462e+04 1.341269895786219422e+04 9.360052868504486469e+03 6.816118808794150027e+03 4.073057147623360834e+03 2.886459526872728475e+03 1.247825745262628516e+03 2.380966861246070494e+03 2.138021904288636392e+02 9.129513612439662040e+01 1.856545007859762819e+01 1.291194088380694005e+01
1.084934785459319755e+04 7.431938450257118348e+03 5.195927710361368554e+03 3.421900033353317212e+03 2.588299564083690257e+03 1.264303276881780675e+03 9.989239958073428625e+02 3.841344019253543820e+02 2.138021904288636392e+02 7.635996741958819030e+02 3.722428266402992847e+01 1.298868591849325860e+01 3.640765897060592948e+00
3.734634413825963293e+03 2.441929562479761444e+03 2.105720457447421268e+03 1.407120448269845838e+03 8.583643889861236858e+02 6.244513688752402913e+02 4.066592108565515105e+02 1.959794333798577384e+02 9.129513612439662040e+01 3.722428266402992847e+01 1.729803786229431921e+02 1.731687497804113018e+00 1.721302098327906593e+00
9.654920834591284802e+02 7.038059197719518352e+02 3.415645939797148571e+02 1.793464348581603929e+02 1.689702032654387835e+02 1.923692625100394480e+02 8.929141088299982698e+01 8.989564253716248743e+01 1.856545007859762819e+01 1.298868591849325860e+01 1.731687497804113018e+00 3.280470084864519720e+01 -2.750027728978131636e-01
3.725138365402161753e+02 2.888464527487362830e+02 1.754868437757320976e+02 1.111002424848811074e+02 4.757380798525159804e+01 4.889000044710903836e+01 3.130662211691501540e+01 1.692318828754617499e+01 1.291194088380694005e+01 3.640765897060592948e+00 1.721302098327906593e+00 -2.750027728978131636e-01 3.990176621559358594e+00
