1.960982922298461664e+06 1.155469912077552872e+06 8.217255513075218769e+05 5.924323985606605420e+05 4.093038371442464413e+05 2.679370483699163306e+05 1.757060116564925411e+05 1.048315297865994798e+05 5.187743924447551399e+04 2.770414757451955302e+04 7.727135538355469180e+03 3.485597117042184891e+03 1.836655864997743208e+02 2.452938732815499918e+02
1.155469912077552872e+06 1.021235525189649547e+06 5.675449289821914863e+05 4.012015942657527630e+05 2.811109078098846949e+05 1.899485322456287395e+05 1.174673128491899406e+05 6.902977626304244041e+04 3.752875618067718460e+04 1.938817502644901106e+04 6.107431726946652816e+03 1.967220162899621073e+03 3.407163652926145119e+02 2.361391072560661542e+02
8.217255513075218769e+05 5.675449289821914863e+05 5.334665819483932573e+05 2.934790532157870475e+05 2.061250697452769673e+05 1.353164987105745822e+05 8.809340742875388241e+04 5.245589658652089565e+04 2.706788658314784334e+04 1.312919478876096582e+04 4.427841564437571833e+03 1.674811711586472256e+03 2.528567419377876320e+02 1.681025066768952456e+02
5.924323985606605420e+05 4.012015942657527630e+05 2.934790532157870475e+05 2.904540886709319893e+05 1.496949305670963076e+05 9.831898665784964396e+04 5.912936480943465722e+04 3.594194398195128451e+04 1.775091442160756924e+04 8.187381771708137421e+03 2.680135333750646168e+03 1.111723231309022140e+03 1.909241091532536814e+02 4.630094429148019941e+01
4.093038371442464413e+05 2.811109078098846949e+05 2.061250697452769673e+05 1.496949305670963076e+05 1.498861141443050292e+05 6.815190457419941959e+04 4.197279161088114779e+04 2.639420885660972999e+04 1.361405626365458374e+04 6.614367161083337123e+03 1.551614673456040464e+03 8.690517026718677016e+02 3.647041522645302791e+01 5.083330493394473848e+01
2.679370483699163306e+05 1.899485322456287395e+05 1.353164987105745822e+05 9.831898665784964396e+04 6.815190457419941959e+04 7.055457265711799846e+04 2.849738064539488187e+04 1.732544271234715416e+04 8.778641036468732636e+03 4.334171476241500386e+03 1.310143444777754894e+03 5.673497266593569748e+02 4.957860863972106102e+01 3.262007092562171096e+01
1.757060116564925411e+05 1.174673128491899406e+05 8.809340742875388241e+04 5.912936480943465722e+04 4.197279161088114779e+04 2.849738064539488187e+04 3.607784218831107864e+04 1.125552706829983254e+04 5.726252032612345829e+03 3.095234899916134509e+03 1.139976705243622064e+03 3.361748207353584803e+02 7.009072651074912130e+01 1.821659780167381015e+01
1.048315297865994798e+05 6.902977626304244041e+04 5.245589658652089565e+04 3.594194398195128451e+04 2.639420885660972999e+04 1.732544271234715416e+04 1.125552706829983254e+04 1.548340034476616893e+04 2.985331162485048026e+03 1.684406917829314580e+03 6.247199732965523253e+02 3.419675970554955597e+02 3.255983942279301147e+01 1.566870381025832337e+01
5.187743924447551399e+04 3.752875618067718460e+04 2.706788658314784334e+04 1.775091442160756924e+04 1.361405626365458374e+04 8.778641036468732636e+03 5.726252032612345829e+03 2.985331162485048026e+03 5.562910748957669057e+03 7.864702512734780839e+02 2.498762512021161513e+02 1.036654008901693942e+02 1.787936326647764673e+01 1.195017999130950059e+01
2.770414757451955302e+04 1.938817502644901106e+04 1.312919478876096582e+04 8.187381771708137421e+03 6.614367161083337123e+03 4.334171476241500386e+03 3.095234899916134509e+03 1.684406917829314580e+03 7.864702512734780839e+02 1.872057582626017393e+03 1.370876172339821437e+02 6.823125439235107592e+01 1.544827653997430517e+01 3.616650733699472986e-01
7.727135538355469180e+03 6.107431726946652816e+03 4.427841564437571833e+03 2.680135333750646168e+03 1.551614673456040464e+03 1.310143444777754894e+03 1.139976705243622064e+03 6.247199732965523253e+02 2.498762512021161513e+02 1.370876172339821437e+02 5.437461342600486205e+02 1.647675047979333485e+01 3.637203624975152039e+00 2.176815862050137884e+00
3.485597117042184891e+03 1.967220162899621073e+03 1.674811711586472256e+03 1.111723231309022140e+03 8.690517026718677016e+02 5.673497266593569748e+02 3.361748207353584803e+02 3.419675970554955597e+02 1.036654008901693942e+02 6.823125439235107592e+01 1.647675047979333485e+01 1.403177747746192381e+02 -8.426934887109016614e-01 1.987529553401103710e+00
1.836655864997743208e+02 3.407163652926145119e+02 2.528567419377876320e+02 1.909241091532536814e+02 3.647041522645302791e+01 4.957860863972106102e+01 7.009072651074912130e+01 3.255983942279301147e+01 1.787936326647764673e+01 1.544827653997430517e+01 3.637203624975152039e+00 -8.426934887109016614e-01 1.464027018314963335e+01 -1.178076331417191314e-01
2.452938732815499918e+02 2.361391072560661542e+02 1.681025066768952456e+02 4.630094429148019941e+01 5.083330493394473848e+01 3.262007092562171096e+01 1.821659780167381015e+01 1.566870381025832337e+01 1.195017999130950059e+01 3.616650733699472986e-01 2.176815862050137884e+00 1.987529553401103710e+00 -1.178076331417191314e-01 3.989023735584654951e+00
