1.861084378567729378e+06 1.104030375864011934e+06 7.890686251967257122e+05 5.709923662363156909e+05 3.955759203740623780e+05 2.594775788389190566e+05 1.704162297172643594e+05 1.017896415531512466e+05 5.041427359729923774e+04 2.693938702746938725e+04 7.517410426584296147e+03 3.392155636658990261e+03 1.787875505991540308e+02 2.388226148030641411e+02
1.104030375864011934e+06 9.823775397918268573e+05 5.486790281593259424e+05 3.892998895071350271e+05 2.735217446624161676e+05 1.851966554662299459e+05 1.147021332792088215e+05 6.748049451403690910e+04 3.671717703286970209e+04 1.898060182061086743e+04 5.981890816900729078e+03 1.927443598944524638e+03 3.339124467200981599e+02 2.314657802321456188e+02
7.890686251967257122e+05 5.486790281593259424e+05 5.183116072012297227e+05 2.861965157302390435e+05 2.015628908283784403e+05 1.325908490852829418e+05 8.644969637830804277e+04 5.153493205065792426e+04 2.661491376028734521e+04 1.291744856981959128e+04 4.358504877049273091e+03 1.649150547064341026e+03 2.490461050623969470e+02 1.655993658112475657e+02
5.709923662363156909e+05 3.892998895071350271e+05 2.861965157302390435e+05 2.842943602697438328e+05 1.469231981188713980e+05 9.669493165237063658e+04 5.824072793838909274e+04 3.544153093776426977e+04 1.751842114575233427e+04 8.085133742594101022e+03 2.647925153472869169e+03 1.098738929461789212e+03 1.887424144362138634e+02 4.578021683433985345e+01
3.955759203740623780e+05 2.735217446624161676e+05 2.015628908283784403e+05 1.469231981188713980e+05 1.475153487923139473e+05 6.721045633250125684e+04 4.145567261154825246e+04 2.609829220935874037e+04 1.347268958069243672e+04 6.549723936412359762e+03 1.537182348413163709e+03 8.612633683234729460e+02 3.615280272364050518e+01 5.039980698603186937e+01
2.594775788389190566e+05 1.851966554662299459e+05 1.325908490852829418e+05 9.669493165237063658e+04 6.721045633250125684e+04 6.972155259821741492e+04 2.820357042137589451e+04 1.716606759318465993e+04 8.705166662198726044e+03 4.300548236258113320e+03 1.300598940720945393e+03 5.634096070403936665e+02 4.924687022491379196e+01 3.240771902681048999e+01
1.704162297172643594e+05 1.147021332792088215e+05 8.644969637830804277e+04 5.824072793838909274e+04 4.145567261154825246e+04 2.820357042137589451e+04 3.575995520850739558e+04 1.116887879565468756e+04 5.686925279851431696e+03 3.075874494965975828e+03 1.133385855599573006e+03 3.343457783939420551e+02 6.972718394920482865e+01 1.812542078193764894e+01
1.017896415531512466e+05 6.748049451403690910e+04 5.153493205065792426e+04 3.544153093776426977e+04 2.609829220935874037e+04 1.716606759318465993e+04 1.116887879565468756e+04 1.538145481979675242e+04 2.968157260427278743e+03 1.675750445195930524e+03 6.218054618357110712e+02 3.404888921228153436e+02 3.242732679485675362e+01 1.560778336479932804e+01
5.041427359729923774e+04 3.671717703286970209e+04 2.661491376028734521e+04 1.751842114575233427e+04 1.347268958069243672e+04 8.705166662198726044e+03 5.686925279851431696e+03 2.968157260427278743e+03 5.535537624319993483e+03 7.830832755695755623e+02 2.489186545701108457e+02 1.033035259515739455e+02 1.782150037721951108e+01 1.191367986489071207e+01
2.693938702746938725e+04 1.898060182061086743e+04 1.291744856981959128e+04 8.085133742594101022e+03 6.549723936412359762e+03 4.300548236258113320e+03 3.075874494965975828e+03 1.675750445195930524e+03 7.830832755695755623e+02 1.865145798308015173e+03 1.366465355141867519e+02 6.803503356681312653e+01 1.540778413072851194e+01 3.607829320506016901e-01
7.517410426584296147e+03 5.981890816900729078e+03 4.358504877049273091e+03 2.647925153472869169e+03 1.537182348413163709e+03 1.300598940720945393e+03 1.133385855599573006e+03 6.218054618357110712e+02 2.489186545701108457e+02 1.366465355141867519e+02 5.422547860953504824e+02 1.643719195315604154e+01 3.629397865357569586e+00 2.172540699522470753e+00
3.392155636658990261e+03 1.927443598944524638e+03 1.649150547064341026e+03 1.098738929461789212e+03 8.612633683234729460e+02 5.634096070403936665e+02 3.343457783939420551e+02 3.404888921228153436e+02 1.033035259515739455e+02 6.803503356681312653e+01 1.643719195315604154e+01 1.400288755021618101e+02 -8.411732491833283643e-01 1.984306126278620352e+00
1.787875505991540308e+02 3.339124467200981599e+02 2.490461050623969470e+02 1.887424144362138634e+02 3.615280272364050518e+01 4.924687022491379196e+01 6.972718394920482865e+01 3.242732679485675362e+01 1.782150037721951108e+01 1.540778413072851194e+01 3.629397865357569586e+00 -8.411732491833283643e-01 1.461759107846553718e+01 -1.176466082773885979e-01
2.388226148030641411e+02 2.314657802321456188e+02 1.655993658112475657e+02 4.578021683433985345e+01 5.039980698603186937e+01 3.240771902681048999e+01 1.812542078193764894e+01 1.560778336479932804e+01 1.191367986489071207e+01 3.607829320506016901e-01 2.172540699522470753e+00 1.984306126278620352e+00 -1.176466082773885979e-01 3.984298466994228072e+00
