1.709043515252192738e+06 9.567502735563577153e+05 6.449103341837719781e+05 4.241622591899921536e+05 2.445308868846402038e+05 1.447610696932112332e+05 8.051864038148663531e+04 3.366719999189852388e+04 1.078085753537030541e+04 5.117520738656960020e+03 9.393195698363939528e+02 2.588529970181693898e+02
9.567502735563577153e+05 7.823357676351001719e+05 4.195687378825997002e+05 2.815849663605702226e+05 1.655013736224042077e+05 9.572385103592046653e+04 5.231107375055290322e+04 1.946891653113485154e+04 6.605696889749340698e+03 3.754575558397978966e+03 4.433940866186746348e+02 2.013333739309688042e+02
6.449103341837719781e+05 4.195687378825997002e+05 3.778582804432934499e+05 1.887730214187331730e+05 1.095195693627777800e+05 6.436823409834795893e+04 3.488507761521470820e+04 1.358911701766011720e+04 4.828637986115296371e+03 2.654447860773912453e+03 3.807220031882876015e+02 1.199073432735378759e+02
4.241622591899921536e+05 2.815849663605702226e+05 1.887730214187331730e+05 1.781911584356828243e+05 7.831562867790283053e+04 4.481303935108189035e+04 2.443945950312695641e+04 1.015177119973293338e+04 3.113594690845736295e+03 1.626907234780103636e+03 3.670361981744933360e+02 6.706482033164768097e+01
2.445308868846402038e+05 1.655013736224042077e+05 1.095195693627777800e+05 7.831562867790283053e+04 7.860054530334894662e+04 2.800249014224456550e+04 1.508465582696671299e+04 5.292212814909609733e+03 1.532495580999343247e+03 9.352172555405931007e+02 2.408812284954229312e+02 4.941545034603088737e+01
1.447610696932112332e+05 9.572385103592046653e+04 6.436823409834795893e+04 4.481303935108189035e+04 2.800249014224456550e+04 3.134576083726177603e+04 8.153635779299330352e+03 2.969727841155274291e+03 1.287904492394734234e+03 5.912056617436675197e+02 1.408567170860912654e+02 1.982386498967991173e+01
8.051864038148663531e+04 5.231107375055290322e+04 3.488507761521470820e+04 2.443945950312695641e+04 1.508465582696671299e+04 8.153635779299330352e+03 1.209404820107409250e+04 2.131457052507094886e+03 4.538352493904315565e+02 3.730519595640824946e+02 4.272770568076239783e+01 1.236529463077263991e+01
3.366719999189852388e+04 1.946891653113485154e+04 1.358911701766011720e+04 1.015177119973293338e+04 5.292212814909609733e+03 2.969727841155274291e+03 2.131457052507094886e+03 3.213562959795096958e+03 2.237641102274093328e+02 1.415734234867485952e+02 5.488003380177684676e+01 -3.647106967390286947e+00
1.078085753537030541e+04 6.605696889749340698e+03 4.828637986115296371e+03 3.113594690845736295e+03 1.532495580999343247e+03 1.287904492394734234e+03 4.538352493904315565e+02 2.237641102274093328e+02 9.621148891792496443e+02 4.891088084436542260e+01 1.133214514040323451e+01 5.769090575857608094e+00
5.117520738656960020e+03 3.754575558397978966e+03 2.654447860773912453e+03 1.626907234780103636e+03 9.352172555405931007e+02 5.912056617436675197e+02 3.730519595640824946e+02 1.415734234867485952e+02 4.891088084436542260e+01 2.118369545432531709e+02 5.374438216459988205e+00 2.359723504665328875e+00
9.393195698363939528e+02 4.433940866186746348e+02 3.807220031882876015e+02 3.670361981744933360e+02 2.408812284954229312e+02 1.408567170860912654e+02 4.272770568076239783e+01 5.488003380177684676e+01 1.133214514040323451e+01 5.374438216459988205e+00 3.309438885261822350e+01 -2.594453369307735402e-01
2.588529970181693898e+02 2.013333739309688042e+02 1.199073432735378759e+02 6.706482033164768097e+01 4.941545034603088737e+01 1.982386498967991173e+01 1.236529463077263991e+01 -3.647106967390286947e+00 5.769090575857608094e+00 2.359723504665328875e+00 -2.594453369307735402e-01 3.992299685884149962e+00
