1.142934130797551712e+06 6.149396900900098262e+05 3.659249927504875232e+05 2.180420179150718614e+05 1.187223355302746204e+05 5.324672745585162193e+04 2.145707861106484779e+04 6.364142294185201536e+03 2.476331692969922187e+03 4.996824001133286401e+02 9.740747010008119844e+01
6.149396900900098262e+05 5.145953449626509100e+05 2.384120771596274571e+05 1.432967276932949608e+05 8.148152913017559331e+04 3.547703080181024416e+04 1.446567009164317278e+04 4.382353805323848064e+03 1.613699702436755160e+03 3.270948257704189359e+02 5.265470031134841378e+01
3.659249927504875232e+05 2.384120771596274571e+05 2.157101209630845115e+05 8.712515065430029063e+04 4.831893064135341410e+04 2.085296523833752144e+04 8.251733104576203914e+03 2.886528161273919977e+03 8.953102967589726404e+02 2.241030633307878475e+02 7.172521551312255106e+00
2.180420179150718614e+05 1.432967276932949608e+05 8.712515065430029063e+04 8.478671647244843189e+04 3.219488650855684318e+04 1.318510832908912380e+04 5.307556144469741412e+03 1.695077822159148127e+03 7.276952523926267986e+02 1.226799223348637469e+02 -7.062718050253643298e+00
1.187223355302746204e+05 8.148152913017559331e+04 4.831893064135341410e+04 3.219488650855684318e+04 3.208134968846198899e+04 7.131892295142997682e+03 2.586437153656902410e+03 1.055801838994225591e+03 4.065043255808733420e+02 9.522904707013864822e+01 9.313689821960958071e+00
5.324672745585162193e+04 3.547703080181024416e+04 2.085296523833752144e+04 1.318510832908912380e+04 7.131892295142997682e+03 8.817877995258431838e+03 1.466566932571462303e+03 4.586904002358982098e+02 1.435406267592375968e+02 2.360579195085733062e+01 4.607825490864251528e+00
2.145707861106484779e+04 1.446567009164317278e+04 8.251733104576203914e+03 5.307556144469741412e+03 2.586437153656902410e+03 1.466566932571462303e+03 2.463112135753217444e+03 2.585401863503914228e+02 8.276046736953563254e+01 8.627417940341752356e+00 2.196070021177917830e+00
6.364142294185201536e+03 4.382353805323848064e+03 2.886528161273919977e+03 1.695077822159148127e+03 1.055801838994225591e+03 4.586904002358982098e+02 2.585401863503914228e+02 6.346779615580622931e+02 3.507829703470783045e+01 1.108427127653432898e+01 -2.313716629454424245e-01
2.476331692969922187e+03 1.613699702436755160e+03 8.953102967589726404e+02 7.276952523926267986e+02 4.065043255808733420e+02 1.435406267592375968e+02 8.276046736953563254e+01 3.507829703470783045e+01 1.354583047705853005e+02 9.529375270468475323e-01 -4.784295403280470205e-01
4.996824001133286401e+02 3.270948257704189359e+02 2.241030633307878475e+02 1.226799223348637469e+02 9.522904707013864822e+01 2.360579195085733062e+01 8.627417940341752356e+00 1.108427127653432898e+01 9.529375270468475323e-01 1.649993681090375475e+01 -6.666641135718691380e-02
9.740747010008119844e+01 5.265470031134841378e+01 7.172521551312255106e+00 -7.062718050253643298e+00 9.313689821960958071e+00 4.607825490864251528e+00 2.196070021177917830e+00 -2.313716629454424245e-01 -4.784295403280470205e-01 -6.666641135718691380e-02 1.999992340715606831e+00
