1.766860259602294769e+06 1.072437067442653002e+06 7.038592695323316148e+05 4.799172500689239241e+05 2.732404054577545030e+05 1.762171197554350365e+05 1.032621359443130495e+05 4.590186787699627894e+04 2.518332704622116580e+04 6.497631192519284014e+03 6.235846445466647765e+02 -2.254381881989154124e+01 0.000000000000000000e+00 0.000000000000000000e+00 0.000000000000000000e+00 0.000000000000000000e+00 0.000000000000000000e+00 0.000000000000000000e+00 0.000000000000000000e+00 0.000000000000000000e+00
1.072437067442653002e+06 9.910073568726036465e+05 5.172521755570298410e+05 3.621489127511932747e+05 2.018854619077864336e+05 1.360935770574782218e+05 7.555285252685262822e+04 3.188496855806140957e+04 1.806721686006174423e+04 5.713685754146537874e+03 3.482087509088723323e+02 -3.439680707205571508e+01 0.000000000000000000e+00 0.000000000000000000e+00 0.000000000000000000e+00 0.000000000000000000e+00 0.000000000000000000e+00 0.000000000000000000e+00 0.000000000000000000e+00 0.000000000000000000e+00
7.038592695323316148e+05 5.172521755570298410e+05 4.352094187351283035e+05 2.277814676073467126e+05 1.359936825744271046e+05 9.037312385896760679e+04 5.012579230711551645e+04 2.186510631237005873e+04 1.238046986072813525e+04 3.322733039881636159e+03 3.783946067887491154e+02 -3.278129472228489050e+01 0.000000000000000000e+00 0.000000000000000000e+00 0.000000000000000000e+00 0.000000000000000000e+00 0.000000000000000000e+00 0.000000000000000000e+00 0.000000000000000000e+00 0.000000000000000000e+00
4.799172500689239241e+05 3.621489127511932747e+05 2.277814676073467126e+05 2.285999333886906970e+05 9.244511898603235022e+04 6.000805693387769861e+04 3.472082580860333837e+04 1.514913267090518639e+04 7.501261385088924726e+03 2.288588029420502153e+03 3.167329650338522811e+02 -3.949330702069382681e+01 0.000000000000000000e+00 0.000000000000000000e+00 0.000000000000000000e+00 0.000000000000000000e+00 0.000000000000000000e+00 0.000000000000000000e+00 0.000000000000000000e+00 0.000000000000000000e+00
2.732404054577545030e+05 2.018854619077864336e+05 1.359936825744271046e+05 9.244511898603235022e+04 8.981161747409633244e+04 3.484856051377629774e+04 2.064452659614885488e+04 8.834004222310066325e+03 4.965926960984507787e+03 1.183360480667898855e+03 4.158153102236369847e+01 -4.261656357825712860e+01 0.000000000000000000e+00 0.000000000000000000e+00 0.000000000000000000e+00 0.000000000000000000e+00 0.000000000000000000e+00 0.000000000000000000e+00 0.000000000000000000e+00 0.000000000000000000e+00
1.762171197554350365e+05 1.360935770574782218e+05 9.037312385896760679e+04 6.000805693387769861e+04 3.484856051377629774e+04 3.928929623624709347e+04 1.303329765244034934e+04 5.349830800567337064e+03 2.717088539294156817e+03 9.328699746843908542e+02 2.408642618467193230e+01 -1.838314440088091217e+01 0.000000000000000000e+00 0.000000000000000000e+00 0.000000000000000000e+00 0.000000000000000000e+00 0.000000000000000000e+00 0.000000000000000000e+00 0.000000000000000000e+00 0.000000000000000000e+00
1.032621359443130495e+05 7.555285252685262822e+04 5.012579230711551645e+04 3.472082580860333837e+04 2.064452659614885488e+04 1.303329765244034934e+04 1.598263762242040320e+04 3.674499891631415267e+03 2.063418042350480391e+03 4.871065678454047543e+02 5.509186345346469693e+01 1.651583912656722930e+01 0.000000000000000000e+00 0.000000000000000000e+00 0.000000000000000000e+00 0.000000000000000000e+00 0.000000000000000000e+00 0.000000000000000000e+00 0.000000000000000000e+00 0.000000000000000000e+00
4.590186787699627894e+04 3.188496855806140957e+04 2.186510631237005873e+04 1.514913267090518639e+04 8.834004222310066325e+03 5.349830800567337064e+03 3.674499891631415267e+03 4.857874150320855733e+03 8.805367282722393156e+02 2.864483342426477179e+02 1.368454592740246056e+01 -1.434281885252282862e+01 0.000000000000000000e+00 0.000000000000000000e+00 0.000000000000000000e+00 0.000000000000000000e+00 0.000000000000000000e+00 0.000000000000000000e+00 0.000000000000000000e+00 0.000000000000000000e+00
2.518332704622116580e+04 1.806721686006174423e+04 1.238046986072813525e+04 7.501261385088924726e+03 4.965926960984507787e+03 2.717088539294156817e+03 2.063418042350480391e+03 8.805367282722393156e+02 1.549016295234581776e+03 1.233417695496695643e+02 2.576838507262301903e+00 -7.855130098112174331e+00 0.000000000000000000e+00 0.000000000000000000e+00 0.000000000000000000e+00 0.000000000000000000e+00 0.000000000000000000e+00 0.000000000000000000e+00 0.000000000000000000e+00 0.000000000000000000e+00
6.497631192519284014e+03 5.713685754146537874e+03 3.322733039881636159e+03 2.288588029420502153e+03 1.183360480667898855e+03 9.328699746843908542e+02 4.871065678454047543e+02 2.864483342426477179e+02 1.233417695496695643e+02 3.828161767563287867e+02 3.816844690070329449e+00 -4.868553345957372103e-01 0.000000000000000000e+00 0.000000000000000000e+00 0.000000000000000000e+00 0.000000000000000000e+00 0.000000000000000000e+00 0.000000000000000000e+00 0.000000000000000000e+00 0.000000000000000000e+00
6.235846445466647765e+02 3.482087509088723323e+02 3.783946067887491154e+02 3.167329650338522811e+02 4.158153102236369847e+01 2.408642618467193230e+01 5.509186345346469693e+01 1.368454592740246056e+01 2.576838507262301903e+00 3.816844690070329449e+00 6.682531015372913430e+01 7.929061577190268384e-01 0.000000000000000000e+00 0.000000000000000000e+00 0.000000000000000000e+00 0.000000000000000000e+00 0.000000000000000000e+00 0.000000000000000000e+00 0.000000000000000000e+00 0.000000000000000000e+00
-2.254381881989154124e+01 -3.439680707205571508e+01 -3.278129472228489050e+01 -3.949330702069382681e+01 -4.261656357825712860e+01 -1.838314440088091217e+01 1.651583912656722930e+01 -1.434281885252282862e+01 -7.855130098112174331e+00 -4.868553345957372103e-01 7.929061577190268384e-01 9.851087278938042147e+00 0.000000000000000000e+00 0.000000000000000000e+00 0.000000000000000000e+00 0.000000000000000000e+00 0.000000000000000000e+00 0.000000000000000000e+00 0.000000000000000000e+00 0.000000000000000000e+00
0.000000000000000000e+00 0.000000000000000000e+00 0.000000000000000000e+00 0.000000000000000000e+00 0.000000000000000000e+00 0.000000000000000000e+00 0.000000000000000000e+00 0.000000000000000000e+00 0.000000000000000000e+00 0.000000000000000000e+00 0.000000000000000000e+00 0.000000000000000000e+00 0.000000000000000000e+00 0.000000000000000000e+00 0.000000000000000000e+00 0.000000000000000000e+00 0.000000000000000000e+00 0.000000000000000000e+00 0.000000000000000000e+00 0.000000000000000000e+00
0.000000000000000000e+00 0.000000000000000000e+00 0.000000000000000000e+00 0.000000000000000000e+00 0.000000000000000000e+00 0.000000000000000000e+00 0.000000000000000000e+00 0.000000000000000000e+00 0.000000000000000000e+00 0.000000000000000000e+00 0.000000000000000000e+00 0.000000000000000000e+00 0.000000000000000000e+00 0.000000000000000000e+00 0.000000000000000000e+00 0.000000000000000000e+00 0.000000000000000000e+00 0.000000000000000000e+00 0.000000000000000000e+00 0.000000000000000000e+00
0.000000000000000000e+00 0.000000000000000000e+00 0.000000000000000000e+00 0.000000000000000000e+00 0.000000000000000000e+00 0.000000000000000000e+00 0.000000000000000000e+00 0.000000000000000000e+00 0.000000000000000000e+00 0.000000000000000000e+00 0.000000000000000000e+00 0.000000000000000000e+00 0.000000000000000000e+00 0.000000000000000000e+00 0.000000000000000000e+00 0.000000000000000000e+00 0.000000000000000000e+00 0.000000000000000000e+00 0.000000000000000000e+00 0.000000000000000000e+00
0.000000000000000000e+00 0.000000000000000000e+00 0.000000000000000000e+00 0.000000000000000000e+00 0.000000000000000000e+00 0.000000000000000000e+00 0.000000000000000000e+00 0.000000000000000000e+00 0.000000000000000000e+00 0.000000000000000000e+00 0.000000000000000000e+00 0.000000000000000000e+00 0.000000000000000000e+00 0.000000000000000000e+00 0.000000000000000000e+00 0.000000000000000000e+00 0.000000000000000000e+00 0.000000000000000000e+00 0.000000000000000000e+00 0.000000000000000000e+00
0.000000000000000000e+00 0.000000000000000000e+00 0.000000000000000000e+00 0.000000000000000000e+00 0.000000000000000000e+00 0.000000000000000000e+00 0.000000000000000000e+00 0.000000000000000000e+00 0.000000000000000000e+00 0.000000000000000000e+00 0.000000000000000000e+00 0.000000000000000000e+00 0.000000000000000000e+00 0.000000000000000000e+00 0.000000000000000000e+00 0.000000000000000000e+00 0.000000000000000000e+00 0.000000000000000000e+00 0.000000000000000000e+00 0.000000000000000000e+00
0.000000000000000000e+00 0.000000000000000000e+00 0.000000000000000000e+00 0.000000000000000000e+00 0.000000000000000000e+00 0.000000000000000000e+00 0.000000000000000000e+00 0.000000000000000000e+00 0.000000000000000000e+00 0.000000000000000000e+00 0.000000000000000000e+00 0.000000000000000000e+00 0.000000000000000000e+00 0.000000000000000000e+00 0.000000000000000000e+00 0.000000000000000000e+00 0.000000000000000000e+00 0.000000000000000000e+00 0.000000000000000000e+00 0.000000000000000000e+00
0.000000000000000000e+00 0.000000000000000000e+00 0.000000000000000000e+00 0.000000000000000000e+00 0.000000000000000000e+00 0.000000000000000000e+00 0.000000000000000000e+00 0.000000000000000000e+00 0.000000000000000000e+00 0.000000000000000000e+00 0.000000000000000000e+00 0.000000000000000000e+00 0.000000000000000000e+00 0.000000000000000000e+00 0.000000000000000000e+00 0.000000000000000000e+00 0.000000000000000000e+00 0.000000000000000000e+00 0.000000000000000000e+00 0.000000000000000000e+00
0.000000000000000000e+00 0.000000000000000000e+00 0.000000000000000000e+00 0.000000000000000000e+00 0.000000000000000000e+00 0.000000000000000000e+00 0.000000000000000000e+00 0.000000000000000000e+00 0.000000000000000000e+00 0.000000000000000000e+00 0.000000000000000000e+00 0.000000000000000000e+00 0.000000000000000000e+00 0.000000000000000000e+00 0.000000000000000000e+00 0.000000000000000000e+00 0.000000000000000000e+00 0.000000000000000000e+00 0.000000000000000000e+00 0.000000000000000000e+00
