1.728088897610878572e+06 1.013551848658933537e+06 6.776581739132432267e+05 4.178329312155368971e+05 2.482294092794880562e+05 1.447616714892093732e+05 7.017259596054299618e+04 3.587737858326955757e+04 1.230710750929543428e+04 3.006429018439020638e+03 4.617188653684183919e+02 1.570324323699198033e+01 0.000000000000000000e+00 0.000000000000000000e+00 0.000000000000000000e+00 0.000000000000000000e+00 0.000000000000000000e+00 0.000000000000000000e+00 0.000000000000000000e+00 0.000000000000000000e+00
1.013551848658933537e+06 8.468555688885030104e+05 4.577466469888004358e+05 2.891548428734831978e+05 1.746809228454600961e+05 9.718358684256886772e+04 4.721123256467089232e+04 2.403971362780600248e+04 9.019767940791058209e+03 2.203569619896284621e+03 2.551184478280928261e+02 1.655379742937417120e+01 0.000000000000000000e+00 0.000000000000000000e+00 0.000000000000000000e+00 0.000000000000000000e+00 0.000000000000000000e+00 0.000000000000000000e+00 0.000000000000000000e+00 0.000000000000000000e+00
6.776581739132432267e+05 4.577466469888004358e+05 4.113151933040495496e+05 1.936511524741938920e+05 1.215553544290214923e+05 6.721681224273699627e+04 3.185029639976431645e+04 1.730141104225763775e+04 6.346282437988633319e+03 1.040137617636525192e+03 1.476276125579554730e+02 1.629189872070126555e+01 0.000000000000000000e+00 0.000000000000000000e+00 0.000000000000000000e+00 0.000000000000000000e+00 0.000000000000000000e+00 0.000000000000000000e+00 0.000000000000000000e+00 0.000000000000000000e+00
4.178329312155368971e+05 2.891548428734831978e+05 1.936511524741938920e+05 1.798038956980569637e+05 7.281276379968515539e+04 4.308462470499331539e+04 2.105029984888614126e+04 1.068685446486340334e+04 3.649417539844908333e+03 1.101281924364303222e+03 9.853625914820783294e+01 -3.018515614777598000e+00 0.000000000000000000e+00 0.000000000000000000e+00 0.000000000000000000e+00 0.000000000000000000e+00 0.000000000000000000e+00 0.000000000000000000e+00 0.000000000000000000e+00 0.000000000000000000e+00
2.482294092794880562e+05 1.746809228454600961e+05 1.215553544290214923e+05 7.281276379968515539e+04 7.176578899775315949e+04 2.526264847535711669e+04 1.245098821254281393e+04 6.338897710636132615e+03 1.978366580536350057e+03 4.527768012045166870e+02 3.250991144684460465e+01 3.962068458352697720e-01 0.000000000000000000e+00 0.000000000000000000e+00 0.000000000000000000e+00 0.000000000000000000e+00 0.000000000000000000e+00 0.000000000000000000e+00 0.000000000000000000e+00 0.000000000000000000e+00
1.447616714892093732e+05 9.718358684256886772e+04 6.721681224273699627e+04 4.308462470499331539e+04 2.526264847535711669e+04 2.677449315659355489e+04 7.666101207837195034e+03 3.755246941435844292e+03 1.303125824985360168e+03 2.769600137935729549e+02 -2.219320767131906891e+01 -4.961873398736150520e+00 0.000000000000000000e+00 0.000000000000000000e+00 0.000000000000000000e+00 0.000000000000000000e+00 0.000000000000000000e+00 0.000000000000000000e+00 0.000000000000000000e+00 0.000000000000000000e+00
7.017259596054299618e+04 4.721123256467089232e+04 3.185029639976431645e+04 2.105029984888614126e+04 1.245098821254281393e+04 7.666101207837195034e+03 9.718771172390221182e+03 1.881785754543688199e+03 7.062004251184163195e+02 1.735306402454602335e+02 4.058830172707825312e+01 -1.226892647422351157e+00 0.000000000000000000e+00 0.000000000000000000e+00 0.000000000000000000e+00 0.000000000000000000e+00 0.000000000000000000e+00 0.000000000000000000e+00 0.000000000000000000e+00 0.000000000000000000e+00
3.587737858326955757e+04 2.403971362780600248e+04 1.730141104225763775e+04 1.068685446486340334e+04 6.338897710636132615e+03 3.755246941435844292e+03 1.881785754543688199e+03 3.088067371062696111e+03 3.694577477834351384e+02 8.830702792075165064e+01 -6.288251789151274806e+00 1.886174914841519890e+00 0.000000000000000000e+00 0.000000000000000000e+00 0.000000000000000000e+00 0.000000000000000000e+00 0.000000000000000000e+00 0.000000000000000000e+00 0.000000000000000000e+00 0.000000000000000000e+00
1.230710750929543428e+04 9.019767940791058209e+03 6.346282437988633319e+03 3.649417539844908333e+03 1.978366580536350057e+03 1.303125824985360168e+03 7.062004251184163195e+02 3.694577477834351384e+02 7.707465367373551999e+02 6.223682845966361299e+01 -4.148183471590852989e+00 -3.142062448567096711e-01 0.000000000000000000e+00 0.000000000000000000e+00 0.000000000000000000e+00 0.000000000000000000e+00 0.000000000000000000e+00 0.000000000000000000e+00 0.000000000000000000e+00 0.000000000000000000e+00
3.006429018439020638e+03 2.203569619896284621e+03 1.040137617636525192e+03 1.101281924364303222e+03 4.527768012045166870e+02 2.769600137935729549e+02 1.735306402454602335e+02 8.830702792075165064e+01 6.223682845966361299e+01 1.686017686842720877e+02 5.206992972823102583e+00 7.027927705490415455e-01 0.000000000000000000e+00 0.000000000000000000e+00 0.000000000000000000e+00 0.000000000000000000e+00 0.000000000000000000e+00 0.000000000000000000e+00 0.000000000000000000e+00 0.000000000000000000e+00
4.617188653684183919e+02 2.551184478280928261e+02 1.476276125579554730e+02 9.853625914820783294e+01 3.250991144684460465e+01 -2.219320767131906891e+01 4.058830172707825312e+01 -6.288251789151274806e+00 -4.148183471590852989e+00 5.206992972823102583e+00 2.480417870422828841e+01 -5.102927160538137108e-02 0.000000000000000000e+00 0.000000000000000000e+00 0.000000000000000000e+00 0.000000000000000000e+00 0.000000000000000000e+00 0.000000000000000000e+00 0.000000000000000000e+00 0.000000000000000000e+00
1.570324323699198033e+01 1.655379742937417120e+01 1.629189872070126555e+01 -3.018515614777598000e+00 3.962068458352697720e-01 -4.961873398736150520e+00 -1.226892647422351157e+00 1.886174914841519890e+00 -3.142062448567096711e-01 7.027927705490415455e-01 -5.102927160538137108e-02 1.002761631547365084e+00 0.000000000000000000e+00 0.000000000000000000e+00 0.000000000000000000e+00 0.000000000000000000e+00 0.000000000000000000e+00 0.000000000000000000e+00 0.000000000000000000e+00 0.000000000000000000e+00
0.000000000000000000e+00 0.000000000000000000e+00 0.000000000000000000e+00 0.000000000000000000e+00 0.000000000000000000e+00 0.000000000000000000e+00 0.000000000000000000e+00 0.000000000000000000e+00 0.000000000000000000e+00 0.000000000000000000e+00 0.000000000000000000e+00 0.000000000000000000e+00 0.000000000000000000e+00 0.000000000000000000e+00 0.000000000000000000e+00 0.000000000000000000e+00 0.000000000000000000e+00 0.000000000000000000e+00 0.000000000000000000e+00 0.000000000000000000e+00
0.000000000000000000e+00 0.000000000000000000e+00 0.000000000000000000e+00 0.000000000000000000e+00 0.000000000000000000e+00 0.000000000000000000e+00 0.000000000000000000e+00 0.000000000000000000e+00 0.000000000000000000e+00 0.000000000000000000e+00 0.000000000000000000e+00 0.000000000000000000e+00 0.000000000000000000e+00 0.000000000000000000e+00 0.000000000000000000e+00 0.000000000000000000e+00 0.000000000000000000e+00 0.000000000000000000e+00 0.000000000000000000e+00 0.000000000000000000e+00
0.000000000000000000e+00 0.000000000000000000e+00 0.000000000000000000e+00 0.000000000000000000e+00 0.000000000000000000e+00 0.000000000000000000e+00 0.000000000000000000e+00 0.000000000000000000e+00 0.000000000000000000e+00 0.000000000000000000e+00 0.000000000000000000e+00 0.000000000000000000e+00 0.000000000000000000e+00 0.000000000000000000e+00 0.000000000000000000e+00 0.000000000000000000e+00 0.000000000000000000e+00 0.000000000000000000e+00 0.000000000000000000e+00 0.000000000000000000e+00
0.000000000000000000e+00 0.000000000000000000e+00 0.000000000000000000e+00 0.000000000000000000e+00 0.000000000000000000e+00 0.000000000000000000e+00 0.000000000000000000e+00 0.000000000000000000e+00 0.000000000000000000e+00 0.000000000000000000e+00 0.000000000000000000e+00 0.000000000000000000e+00 0.000000000000000000e+00 0.000000000000000000e+00 0.000000000000000000e+00 0.000000000000000000e+00 0.000000000000000000e+00 0.000000000000000000e+00 0.000000000000000000e+00 0.000000000000000000e+00
0.000000000000000000e+00 0.000000000000000000e+00 0.000000000000000000e+00 0.000000000000000000e+00 0.000000000000000000e+00 0.000000000000000000e+00 0.000000000000000000e+00 0.000000000000000000e+00 0.000000000000000000e+00 0.000000000000000000e+00 0.000000000000000000e+00 0.000000000000000000e+00 0.000000000000000000e+00 0.000000000000000000e+00 0.000000000000000000e+00 0.000000000000000000e+00 0.000000000000000000e+00 0.000000000000000000e+00 0.000000000000000000e+00 0.000000000000000000e+00
0.000000000000000000e+00 0.000000000000000000e+00 0.000000000000000000e+00 0.000000000000000000e+00 0.000000000000000000e+00 0.000000000000000000e+00 0.000000000000000000e+00 0.000000000000000000e+00 0.000000000000000000e+00 0.000000000000000000e+00 0.000000000000000000e+00 0.000000000000000000e+00 0.000000000000000000e+00 0.000000000000000000e+00 0.000000000000000000e+00 0.000000000000000000e+00 0.000000000000000000e+00 0.000000000000000000e+00 0.000000000000000000e+00 0.000000000000000000e+00
0.000000000000000000e+00 0.000000000000000000e+00 0.000000000000000000e+00 0.000000000000000000e+00 0.000000000000000000e+00 0.000000000000000000e+00 0.000000000000000000e+00 0.000000000000000000e+00 0.000000000000000000e+00 0.000000000000000000e+00 0.000000000000000000e+00 0.000000000000000000e+00 0.000000000000000000e+00 0.000000000000000000e+00 0.000000000000000000e+00 0.000000000000000000e+00 0.000000000000000000e+00 0.000000000000000000e+00 0.000000000000000000e+00 0.000000000000000000e+00
0.000000000000000000e+00 0.000000000000000000e+00 0.000000000000000000e+00 0.000000000000000000e+00 0.000000000000000000e+00 0.000000000000000000e+00 0.000000000000000000e+00 0.000000000000000000e+00 0.000000000000000000e+00 0.000000000000000000e+00 0.000000000000000000e+00 0.000000000000000000e+00 0.000000000000000000e+00 0.000000000000000000e+00 0.000000000000000000e+00 0.000000000000000000e+00 0.000000000000000000e+00 0.000000000000000000e+00 0.000000000000000000e+00 0.000000000000000000e+00
