1.652333058494091500e+06 9.092576492707711877e+05 6.393375402362492168e+05 4.181911870042989030e+05 2.594094309935592464e+05 1.679182541012564034e+05 9.386351163288223324e+04 5.248601773284358933e+04 2.017215149447686781e+04 6.287323406305999015e+03 1.479702858759681476e+03 2.496279626218369074e+01 -3.534049912441523134e+01 0.000000000000000000e+00 0.000000000000000000e+00 0.000000000000000000e+00 0.000000000000000000e+00 0.000000000000000000e+00 0.000000000000000000e+00 0.000000000000000000e+00
9.092576492707711877e+05 7.998449362624440109e+05 4.328078594750246848e+05 2.834362192601020797e+05 1.911673137471410446e+05 1.186363043255281664e+05 6.632323615501834138e+04 3.555198311906415620e+04 1.466303326232566724e+04 4.527285658389107994e+03 9.784786234392684037e+02 1.507395060394284592e+01 3.767326620245788149e+01 0.000000000000000000e+00 0.000000000000000000e+00 0.000000000000000000e+00 0.000000000000000000e+00 0.000000000000000000e+00 0.000000000000000000e+00 0.000000000000000000e+00
6.393375402362492168e+05 4.328078594750246848e+05 4.283032233937717392e+05 1.951271711849585117e+05 1.297474572021142667e+05 7.869467998185992474e+04 4.598091388973243738e+04 2.369562162934144726e+04 9.879507357705570030e+03 3.356722818430322150e+03 1.000394756665639306e+03 -4.421432884698217691e+01 -1.311718009447255540e+01 0.000000000000000000e+00 0.000000000000000000e+00 0.000000000000000000e+00 0.000000000000000000e+00 0.000000000000000000e+00 0.000000000000000000e+00 0.000000000000000000e+00
4.181911870042989030e+05 2.834362192601020797e+05 1.951271711849585117e+05 1.978001137446326611e+05 8.421446647004122497e+04 5.027165032926818094e+04 3.123591091034262354e+04 1.683022289203115361e+04 5.784162155483983042e+03 2.079107047291335675e+03 6.938705332731044564e+02 6.116587827777162545e+01 4.799725351899744474e+00 0.000000000000000000e+00 0.000000000000000000e+00 0.000000000000000000e+00 0.000000000000000000e+00 0.000000000000000000e+00 0.000000000000000000e+00 0.000000000000000000e+00
2.594094309935592464e+05 1.911673137471410446e+05 1.297474572021142667e+05 8.421446647004122497e+04 9.552847221518837614e+04 3.473328691034103394e+04 1.985785556848158740e+04 1.024696712032292089e+04 3.997927551053262960e+03 1.140751202265579650e+03 3.841984159457173291e+02 3.848357519953292893e+01 -1.458465931732194076e-01 0.000000000000000000e+00 0.000000000000000000e+00 0.000000000000000000e+00 0.000000000000000000e+00 0.000000000000000000e+00 0.000000000000000000e+00 0.000000000000000000e+00
1.679182541012564034e+05 1.186363043255281664e+05 7.869467998185992474e+04 5.027165032926818094e+04 3.473328691034103394e+04 4.283904267395864008e+04 1.330312622680307868e+04 7.058481822962748993e+03 2.912330893484453100e+03 9.143372796840891397e+02 2.061054825368579486e+02 2.015374152300061006e+00 9.068305743448796363e+00 0.000000000000000000e+00 0.000000000000000000e+00 0.000000000000000000e+00 0.000000000000000000e+00 0.000000000000000000e+00 0.000000000000000000e+00 0.000000000000000000e+00
9.386351163288223324e+04 6.632323615501834138e+04 4.598091388973243738e+04 3.123591091034262354e+04 1.985785556848158740e+04 1.330312622680307868e+04 1.836487463549026143e+04 4.079705575239072004e+03 1.800853749221177168e+03 4.599946529716532382e+02 1.696205463934452951e+02 1.694003176807155953e+01 -3.719526166916762744e+00 0.000000000000000000e+00 0.000000000000000000e+00 0.000000000000000000e+00 0.000000000000000000e+00 0.000000000000000000e+00 0.000000000000000000e+00 0.000000000000000000e+00
5.248601773284358933e+04 3.555198311906415620e+04 2.369562162934144726e+04 1.683022289203115361e+04 1.024696712032292089e+04 7.058481822962748993e+03 4.079705575239072004e+03 6.514788810660342278e+03 8.815688330231049576e+02 3.528232239889752009e+02 7.806300872447324934e+01 1.551340190595570334e+01 -4.321957990119361104e-01 0.000000000000000000e+00 0.000000000000000000e+00 0.000000000000000000e+00 0.000000000000000000e+00 0.000000000000000000e+00 0.000000000000000000e+00 0.000000000000000000e+00
2.017215149447686781e+04 1.466303326232566724e+04 9.879507357705570030e+03 5.784162155483983042e+03 3.997927551053262960e+03 2.912330893484453100e+03 1.800853749221177168e+03 8.815688330231049576e+02 1.767889075551654287e+03 1.756983777310717301e+02 4.935656927381979386e+01 2.263788766278927156e+01 -1.924269802140052388e+00 0.000000000000000000e+00 0.000000000000000000e+00 0.000000000000000000e+00 0.000000000000000000e+00 0.000000000000000000e+00 0.000000000000000000e+00 0.000000000000000000e+00
6.287323406305999015e+03 4.527285658389107994e+03 3.356722818430322150e+03 2.079107047291335675e+03 1.140751202265579650e+03 9.143372796840891397e+02 4.599946529716532382e+02 3.528232239889752009e+02 1.756983777310717301e+02 5.573519289358604283e+02 2.213533599664471296e+01 2.669786010467674053e-01 1.216990506186734544e+00 0.000000000000000000e+00 0.000000000000000000e+00 0.000000000000000000e+00 0.000000000000000000e+00 0.000000000000000000e+00 0.000000000000000000e+00 0.000000000000000000e+00
1.479702858759681476e+03 9.784786234392684037e+02 1.000394756665639306e+03 6.938705332731044564e+02 3.841984159457173291e+02 2.061054825368579486e+02 1.696205463934452951e+02 7.806300872447324934e+01 4.935656927381979386e+01 2.213533599664471296e+01 1.018820419868050919e+02 -1.232520865505744245e+00 -3.728603419783404482e-01 0.000000000000000000e+00 0.000000000000000000e+00 0.000000000000000000e+00 0.000000000000000000e+00 0.000000000000000000e+00 0.000000000000000000e+00 0.000000000000000000e+00
2.496279626218369074e+01 1.507395060394284592e+01 -4.421432884698217691e+01 6.116587827777162545e+01 3.848357519953292893e+01 2.015374152300061006e+00 1.694003176807155953e+01 1.551340190595570334e+01 2.263788766278927156e+01 2.669786010467674053e-01 -1.232520865505744245e+00 1.177376446426392143e+01 9.575068093844054662e-01 0.000000000000000000e+00 0.000000000000000000e+00 0.000000000000000000e+00 0.000000000000000000e+00 0.000000000000000000e+00 0.000000000000000000e+00 0.000000000000000000e+00
-3.534049912441523134e+01 3.767326620245788149e+01 -1.311718009447255540e+01 4.799725351899744474e+00 -1.458465931732194076e-01 9.068305743448796363e+00 -3.719526166916762744e+00 -4.321957990119361104e-01 -1.924269802140052388e+00 1.216990506186734544e+00 -3.728603419783404482e-01 9.575068093844054662e-01 2.001152459717592702e+00 0.000000000000000000e+00 0.000000000000000000e+00 0.000000000000000000e+00 0.000000000000000000e+00 0.000000000000000000e+00 0.000000000000000000e+00 0.000000000000000000e+00
0.000000000000000000e+00 0.000000000000000000e+00 0.000000000000000000e+00 0.000000000000000000e+00 0.000000000000000000e+00 0.000000000000000000e+00 0.000000000000000000e+00 0.000000000000000000e+00 0.000000000000000000e+00 0.000000000000000000e+00 0.000000000000000000e+00 0.000000000000000000e+00 0.000000000000000000e+00 0.000000000000000000e+00 0.000000000000000000e+00 0.000000000000000000e+00 0.000000000000000000e+00 0.000000000000000000e+00 0.000000000000000000e+00 0.000000000000000000e+00
0.000000000000000000e+00 0.000000000000000000e+00 0.000000000000000000e+00 0.000000000000000000e+00 0.000000000000000000e+00 0.000000000000000000e+00 0.000000000000000000e+00 0.000000000000000000e+00 0.000000000000000000e+00 0.000000000000000000e+00 0.000000000000000000e+00 0.000000000000000000e+00 0.000000000000000000e+00 0.000000000000000000e+00 0.000000000000000000e+00 0.000000000000000000e+00 0.000000000000000000e+00 0.000000000000000000e+00 0.000000000000000000e+00 0.000000000000000000e+00
0.000000000000000000e+00 0.000000000000000000e+00 0.000000000000000000e+00 0.000000000000000000e+00 0.000000000000000000e+00 0.000000000000000000e+00 0.000000000000000000e+00 0.000000000000000000e+00 0.000000000000000000e+00 0.000000000000000000e+00 0.000000000000000000e+00 0.000000000000000000e+00 0.000000000000000000e+00 0.000000000000000000e+00 0.000000000000000000e+00 0.000000000000000000e+00 0.000000000000000000e+00 0.000000000000000000e+00 0.000000000000000000e+00 0.000000000000000000e+00
0.000000000000000000e+00 0.000000000000000000e+00 0.000000000000000000e+00 0.000000000000000000e+00 0.000000000000000000e+00 0.000000000000000000e+00 0.000000000000000000e+00 0.000000000000000000e+00 0.000000000000000000e+00 0.000000000000000000e+00 0.000000000000000000e+00 0.000000000000000000e+00 0.000000000000000000e+00 0.000000000000000000e+00 0.000000000000000000e+00 0.000000000000000000e+00 0.000000000000000000e+00 0.000000000000000000e+00 0.000000000000000000e+00 0.000000000000000000e+00
0.000000000000000000e+00 0.000000000000000000e+00 0.000000000000000000e+00 0.000000000000000000e+00 0.000000000000000000e+00 0.000000000000000000e+00 0.000000000000000000e+00 0.000000000000000000e+00 0.000000000000000000e+00 0.000000000000000000e+00 0.000000000000000000e+00 0.000000000000000000e+00 0.000000000000000000e+00 0.000000000000000000e+00 0.000000000000000000e+00 0.000000000000000000e+00 0.000000000000000000e+00 0.000000000000000000e+00 0.000000000000000000e+00 0.000000000000000000e+00
0.000000000000000000e+00 0.000000000000000000e+00 0.000000000000000000e+00 0.000000000000000000e+00 0.000000000000000000e+00 0.000000000000000000e+00 0.000000000000000000e+00 0.000000000000000000e+00 0.000000000000000000e+00 0.000000000000000000e+00 0.000000000000000000e+00 0.000000000000000000e+00 0.000000000000000000e+00 0.000000000000000000e+00 0.000000000000000000e+00 0.000000000000000000e+00 0.000000000000000000e+00 0.000000000000000000e+00 0.000000000000000000e+00 0.000000000000000000e+00
0.000000000000000000e+00 0.000000000000000000e+00 0.000000000000000000e+00 0.000000000000000000e+00 0.000000000000000000e+00 0.000000000000000000e+00 0.000000000000000000e+00 0.000000000000000000e+00 0.000000000000000000e+00 0.000000000000000000e+00 0.000000000000000000e+00 0.000000000000000000e+00 0.000000000000000000e+00 0.000000000000000000e+00 0.000000000000000000e+00 0.000000000000000000e+00 0.000000000000000000e+00 0.000000000000000000e+00 0.000000000000000000e+00 0.000000000000000000e+00
