1.473926204051912297e+06 8.247681578213691246e+05 5.565475728443397675e+05 3.626765207155809621e+05 2.117746003086577111e+05 1.318720688235587731e+05 6.921231533626670716e+04 3.622014213546641986e+04 9.942822895248265922e+03 3.522813109710239587e+03 7.179866547851542009e+02 2.633953498948843475e+01 0.000000000000000000e+00 0.000000000000000000e+00 0.000000000000000000e+00 0.000000000000000000e+00 0.000000000000000000e+00 0.000000000000000000e+00 0.000000000000000000e+00 0.000000000000000000e+00
8.247681578213691246e+05 7.549074127187945414e+05 3.951852907275149482e+05 2.633296826666035922e+05 1.528785602873545722e+05 9.468354734407889191e+04 4.513261142419985117e+04 2.348472107424467322e+04 6.972513788530842248e+03 2.204232922058956774e+03 4.468513447149933882e+02 -4.670460185999023572e+00 0.000000000000000000e+00 0.000000000000000000e+00 0.000000000000000000e+00 0.000000000000000000e+00 0.000000000000000000e+00 0.000000000000000000e+00 0.000000000000000000e+00 0.000000000000000000e+00
5.565475728443397675e+05 3.951852907275149482e+05 3.623461160518256365e+05 1.796102939388006052e+05 1.059405685140751011e+05 6.207063736174852966e+04 3.257796965583696874e+04 1.485979778612441623e+04 5.496488723750932877e+03 1.499457432836608859e+03 3.194688748955806545e+02 -3.637320461938264060e+01 0.000000000000000000e+00 0.000000000000000000e+00 0.000000000000000000e+00 0.000000000000000000e+00 0.000000000000000000e+00 0.000000000000000000e+00 0.000000000000000000e+00 0.000000000000000000e+00
3.626765207155809621e+05 2.633296826666035922e+05 1.796102939388006052e+05 1.736966477588318812e+05 7.025084315778425662e+04 4.233565518632528983e+04 2.285349444599768321e+04 1.022501801479197275e+04 3.565305700722962229e+03 1.601550375789768850e+03 3.280134453686217171e+02 -2.590142983461839421e+01 0.000000000000000000e+00 0.000000000000000000e+00 0.000000000000000000e+00 0.000000000000000000e+00 0.000000000000000000e+00 0.000000000000000000e+00 0.000000000000000000e+00 0.000000000000000000e+00
2.117746003086577111e+05 1.528785602873545722e+05 1.059405685140751011e+05 7.025084315778425662e+04 7.356713969994956278e+04 2.707929461097179228e+04 1.260598047109157778e+04 6.970901250302747030e+03 2.068073201049372074e+03 5.081771111110161883e+02 1.901899193747906907e+02 -2.287672231440276960e+01 0.000000000000000000e+00 0.000000000000000000e+00 0.000000000000000000e+00 0.000000000000000000e+00 0.000000000000000000e+00 0.000000000000000000e+00 0.000000000000000000e+00 0.000000000000000000e+00
1.318720688235587731e+05 9.468354734407889191e+04 6.207063736174852966e+04 4.233565518632528983e+04 2.707929461097179228e+04 3.206816447438395335e+04 8.232472732063502917e+03 4.640342955418350357e+03 1.620625947488630345e+03 5.618368514803624976e+02 7.921663668301580685e+01 4.682249139844604890e+00 0.000000000000000000e+00 0.000000000000000000e+00 0.000000000000000000e+00 0.000000000000000000e+00 0.000000000000000000e+00 0.000000000000000000e+00 0.000000000000000000e+00 0.000000000000000000e+00
6.921231533626670716e+04 4.513261142419985117e+04 3.257796965583696874e+04 2.285349444599768321e+04 1.260598047109157778e+04 8.232472732063502917e+03 1.212403341821475806e+04 2.071950687640356591e+03 6.280156850303377496e+02 3.352046552101076031e+02 4.826575159943482163e+01 -8.853439209258263887e+00 0.000000000000000000e+00 0.000000000000000000e+00 0.000000000000000000e+00 0.000000000000000000e+00 0.000000000000000000e+00 0.000000000000000000e+00 0.000000000000000000e+00 0.000000000000000000e+00
3.622014213546641986e+04 2.348472107424467322e+04 1.485979778612441623e+04 1.022501801479197275e+04 6.970901250302747030e+03 4.640342955418350357e+03 2.071950687640356591e+03 3.880359630173092683e+03 4.156192921080801739e+02 1.346290183903714137e+02 1.477313070315120846e+01 7.697836385841641871e+00 0.000000000000000000e+00 0.000000000000000000e+00 0.000000000000000000e+00 0.000000000000000000e+00 0.000000000000000000e+00 0.000000000000000000e+00 0.000000000000000000e+00 0.000000000000000000e+00
9.942822895248265922e+03 6.972513788530842248e+03 5.496488723750932877e+03 3.565305700722962229e+03 2.068073201049372074e+03 1.620625947488630345e+03 6.280156850303377496e+02 4.156192921080801739e+02 1.093638006410555818e+03 8.378234317558532496e+01 2.848056072042546560e+01 3.670235316259218283e+00 0.000000000000000000e+00 0.000000000000000000e+00 0.000000000000000000e+00 0.000000000000000000e+00 0.000000000000000000e+00 0.000000000000000000e+00 0.000000000000000000e+00 0.000000000000000000e+00
3.522813109710239587e+03 2.204232922058956774e+03 1.499457432836608859e+03 1.601550375789768850e+03 5.081771111110161883e+02 5.618368514803624976e+02 3.352046552101076031e+02 1.346290183903714137e+02 8.378234317558532496e+01 2.502413406197217114e+02 6.549838867283311217e+00 -3.612072200654806720e-01 0.000000000000000000e+00 0.000000000000000000e+00 0.000000000000000000e+00 0.000000000000000000e+00 0.000000000000000000e+00 0.000000000000000000e+00 0.000000000000000000e+00 0.000000000000000000e+00
7.179866547851542009e+02 4.468513447149933882e+02 3.194688748955806545e+02 3.280134453686217171e+02 1.901899193747906907e+02 7.921663668301580685e+01 4.826575159943482163e+01 1.477313070315120846e+01 2.848056072042546560e+01 6.549838867283311217e+00 4.561616386471750673e+01 -2.531774725649668101e-01 0.000000000000000000e+00 0.000000000000000000e+00 0.000000000000000000e+00 0.000000000000000000e+00 0.000000000000000000e+00 0.000000000000000000e+00 0.000000000000000000e+00 0.000000000000000000e+00
2.633953498948843475e+01 -4.670460185999023572e+00 -3.637320461938264060e+01 -2.590142983461839421e+01 -2.287672231440276960e+01 4.682249139844604890e+00 -8.853439209258263887e+00 7.697836385841641871e+00 3.670235316259218283e+00 -3.612072200654806720e-01 -2.531774725649668101e-01 2.996459501874966680e+00 0.000000000000000000e+00 0.000000000000000000e+00 0.000000000000000000e+00 0.000000000000000000e+00 0.000000000000000000e+00 0.000000000000000000e+00 0.000000000000000000e+00 0.000000000000000000e+00
0.000000000000000000e+00 0.000000000000000000e+00 0.000000000000000000e+00 0.000000000000000000e+00 0.000000000000000000e+00 0.000000000000000000e+00 0.000000000000000000e+00 0.000000000000000000e+00 0.000000000000000000e+00 0.000000000000000000e+00 0.000000000000000000e+00 0.000000000000000000e+00 0.000000000000000000e+00 0.000000000000000000e+00 0.000000000000000000e+00 0.000000000000000000e+00 0.000000000000000000e+00 0.000000000000000000e+00 0.000000000000000000e+00 0.000000000000000000e+00
0.000000000000000000e+00 0.000000000000000000e+00 0.000000000000000000e+00 0.000000000000000000e+00 0.000000000000000000e+00 0.000000000000000000e+00 0.000000000000000000e+00 0.000000000000000000e+00 0.000000000000000000e+00 0.000000000000000000e+00 0.000000000000000000e+00 0.000000000000000000e+00 0.000000000000000000e+00 0.000000000000000000e+00 0.000000000000000000e+00 0.000000000000000000e+00 0.000000000000000000e+00 0.000000000000000000e+00 0.000000000000000000e+00 0.000000000000000000e+00
0.000000000000000000e+00 0.000000000000000000e+00 0.000000000000000000e+00 0.000000000000000000e+00 0.000000000000000000e+00 0.000000000000000000e+00 0.000000000000000000e+00 0.000000000000000000e+00 0.000000000000000000e+00 0.000000000000000000e+00 0.000000000000000000e+00 0.000000000000000000e+00 0.000000000000000000e+00 0.000000000000000000e+00 0.000000000000000000e+00 0.000000000000000000e+00 0.000000000000000000e+00 0.000000000000000000e+00 0.000000000000000000e+00 0.000000000000000000e+00
0.000000000000000000e+00 0.000000000000000000e+00 0.000000000000000000e+00 0.000000000000000000e+00 0.000000000000000000e+00 0.000000000000000000e+00 0.000000000000000000e+00 0.000000000000000000e+00 0.000000000000000000e+00 0.000000000000000000e+00 0.000000000000000000e+00 0.000000000000000000e+00 0.000000000000000000e+00 0.000000000000000000e+00 0.000000000000000000e+00 0.000000000000000000e+00 0.000000000000000000e+00 0.000000000000000000e+00 0.000000000000000000e+00 0.000000000000000000e+00
0.000000000000000000e+00 0.000000000000000000e+00 0.000000000000000000e+00 0.000000000000000000e+00 0.000000000000000000e+00 0.000000000000000000e+00 0.000000000000000000e+00 0.000000000000000000e+00 0.000000000000000000e+00 0.000000000000000000e+00 0.000000000000000000e+00 0.000000000000000000e+00 0.000000000000000000e+00 0.000000000000000000e+00 0.000000000000000000e+00 0.000000000000000000e+00 0.000000000000000000e+00 0.000000000000000000e+00 0.000000000000000000e+00 0.000000000000000000e+00
0.000000000000000000e+00 0.000000000000000000e+00 0.000000000000000000e+00 0.000000000000000000e+00 0.000000000000000000e+00 0.000000000000000000e+00 0.000000000000000000e+00 0.000000000000000000e+00 0.000000000000000000e+00 0.000000000000000000e+00 0.000000000000000000e+00 0.000000000000000000e+00 0.000000000000000000e+00 0.000000000000000000e+00 0.000000000000000000e+00 0.000000000000000000e+00 0.000000000000000000e+00 0.000000000000000000e+00 0.000000000000000000e+00 0.000000000000000000e+00
0.000000000000000000e+00 0.000000000000000000e+00 0.000000000000000000e+00 0.000000000000000000e+00 0.000000000000000000e+00 0.000000000000000000e+00 0.000000000000000000e+00 0.000000000000000000e+00 0.000000000000000000e+00 0.000000000000000000e+00 0.000000000000000000e+00 0.000000000000000000e+00 0.000000000000000000e+00 0.000000000000000000e+00 0.000000000000000000e+00 0.000000000000000000e+00 0.000000000000000000e+00 0.000000000000000000e+00 0.000000000000000000e+00 0.000000000000000000e+00
0.000000000000000000e+00 0.000000000000000000e+00 0.000000000000000000e+00 0.000000000000000000e+00 0.000000000000000000e+00 0.000000000000000000e+00 0.000000000000000000e+00 0.000000000000000000e+00 0.000000000000000000e+00 0.000000000000000000e+00 0.000000000000000000e+00 0.000000000000000000e+00 0.000000000000000000e+00 0.000000000000000000e+00 0.000000000000000000e+00 0.000000000000000000e+00 0.000000000000000000e+00 0.000000000000000000e+00 0.000000000000000000e+00 0.000000000000000000e+00
