2.087551626962401206e+06 1.254083552192321746e+06 8.881549633771555964e+05 5.979833844386492856e+05 4.078997967072831234e+05 2.675892987542157061e+05 1.598151546294706641e+05 9.353080063266231446e+04 5.982119051321454754e+04 2.621091530746326680e+04 8.628627739630735960e+03 1.688250397325474296e+03 5.600037377307787665e+02
1.254083552192321746e+06 1.112283095239311922e+06 6.241578175328348298e+05 4.272747597626916831e+05 2.953040279104167130e+05 1.931110780978815164e+05 1.130173299275031459e+05 6.262804446980301873e+04 3.784409820734398090e+04 1.765770100451396866e+04 5.555121863044007114e+03 1.445235641713963560e+03 1.519072613845842170e+02
8.881549633771555964e+05 6.241578175328348298e+05 5.509496626008318271e+05 2.987796793057455216e+05 2.044683502897008148e+05 1.350297299412839347e+05 8.097164676912080904e+04 4.668786433875359944e+04 2.777311716790295759e+04 1.151557158558618721e+04 3.757260120786727384e+03 1.052995967386736993e+03 1.216740438340811181e+02
5.979833844386492856e+05 4.272747597626916831e+05 2.987796793057455216e+05 2.909079290596914361e+05 1.402538981698059943e+05 9.277767214432627952e+04 5.606979703662161774e+04 3.343387588129541837e+04 1.914965215359922877e+04 8.056980909233264356e+03 2.778518770991090605e+03 4.417198769918800281e+02 1.039643077347253808e+02
4.078997967072831234e+05 2.953040279104167130e+05 2.044683502897008148e+05 1.402538981698059943e+05 1.495131038866953750e+05 6.407271736857260112e+04 3.887971580991082010e+04 2.027663019060075021e+04 1.397965626663489820e+04 6.600206096024117869e+03 1.763779519839378736e+03 4.696629072345636473e+02 8.713888197425465876e+01
2.675892987542157061e+05 1.931110780978815164e+05 1.350297299412839347e+05 9.277767214432627952e+04 6.407271736857260112e+04 7.334089363934312132e+04 2.586769505325057253e+04 1.507598344062674005e+04 8.899550231501798407e+03 4.048388417629940250e+03 1.329718437046360123e+03 2.955694563056889592e+02 4.418218373857206416e+01
1.598151546294706641e+05 1.130173299275031459e+05 8.097164676912080904e+04 5.606979703662161774e+04 3.887971580991082010e+04 2.586769505325057253e+04 2.928308589504509291e+04 9.040618318710570747e+03 5.714872231647536864e+03 2.821726448657840137e+03 8.880573833586508954e+02 1.818130292086790121e+02 4.286454172586694256e+01
9.353080063266231446e+04 6.262804446980301873e+04 4.668786433875359944e+04 3.343387588129541837e+04 2.027663019060075021e+04 1.507598344062674005e+04 9.040618318710570747e+03 1.233235865365114842e+04 3.142348750196366382e+03 1.519386338134411062e+03 4.519453280279916498e+02 9.866432803183556643e+01 3.469594555780726353e+01
5.982119051321454754e+04 3.784409820734398090e+04 2.777311716790295759e+04 1.914965215359922877e+04 1.397965626663489820e+04 8.899550231501798407e+03 5.714872231647536864e+03 3.142348750196366382e+03 4.841361851402456523e+03 8.089223923008894417e+02 2.935910325098317344e+02 7.883107065307157768e+01 1.922345579252561976e+01
2.621091530746326680e+04 1.765770100451396866e+04 1.151557158558618721e+04 8.056980909233264356e+03 6.600206096024117869e+03 4.048388417629940250e+03 2.821726448657840137e+03 1.519386338134411062e+03 8.089223923008894417e+02 1.519045162970362298e+03 1.242622692161818065e+02 3.035674648917458995e+01 1.799600951283087369e+01
8.628627739630735960e+03 5.555121863044007114e+03 3.757260120786727384e+03 2.778518770991090605e+03 1.763779519839378736e+03 1.329718437046360123e+03 8.880573833586508954e+02 4.519453280279916498e+02 2.935910325098317344e+02 1.242622692161818065e+02 3.130948793854065002e+02 -5.323509024551736246e+00 7.821538673641648565e+00
1.688250397325474296e+03 1.445235641713963560e+03 1.052995967386736993e+03 4.417198769918800281e+02 4.696629072345636473e+02 2.955694563056889592e+02 1.818130292086790121e+02 9.866432803183556643e+01 7.883107065307157768e+01 3.035674648917458995e+01 -5.323509024551736246e+00 5.642135255303096386e+01 7.352913017336779600e-01
5.600037377307787665e+02 1.519072613845842170e+02 1.216740438340811181e+02 1.039643077347253808e+02 8.713888197425465876e+01 4.418218373857206416e+01 4.286454172586694256e+01 3.469594555780726353e+01 1.922345579252561976e+01 1.799600951283087369e+01 7.821538673641648565e+00 7.352913017336779600e-01 1.080584097027814749e+01
