1.720940492498840438e+06 9.719952721931753913e+05 6.393475659138716292e+05 4.048537822207366116e+05 2.480101865619174496e+05 1.326341609589287254e+05 6.451059851499479555e+04 2.803758620466378852e+04 9.446953766924125375e+03 2.846495574972128452e+03 4.422148592100040219e+02
9.719952721931753913e+05 8.102469814724781318e+05 4.159855590964133153e+05 2.700427540880864835e+05 1.627861331638665870e+05 8.850059462999709649e+04 4.263133245718823309e+04 1.834366397590738052e+04 5.511776004527057012e+03 1.819512863038592968e+03 2.585942639533620877e+02
6.393475659138716292e+05 4.159855590964133153e+05 3.702208515128812287e+05 1.849817823453239980e+05 1.092855173636894324e+05 5.788496102592332318e+04 2.730500185594150389e+04 1.292141720033715319e+04 4.071636100955406619e+03 1.123220779334218832e+03 2.033798473944214322e+02
4.048537822207366116e+05 2.700427540880864835e+05 1.849817823453239980e+05 1.634759945440883166e+05 7.065015668266759894e+04 3.821501394820299902e+04 1.821703416721686881e+04 7.894376392944454892e+03 2.564513068737311642e+03 6.698595760478008287e+02 1.249507120792816437e+02
2.480101865619174496e+05 1.627861331638665870e+05 1.092855173636894324e+05 7.065015668266759894e+04 6.981591616647430055e+04 2.345259859088783560e+04 1.159161945062802442e+04 4.757348382746810785e+03 1.696211660938471823e+03 5.318077075671883449e+02 1.090178377870290092e+02
1.326341609589287254e+05 8.850059462999709649e+04 5.788496102592332318e+04 3.821501394820299902e+04 2.345259859088783560e+04 2.278700437197509746e+04 6.850721316292901975e+03 2.853368322252474172e+03 9.814678864284092015e+02 2.961193764269444273e+02 6.949779722110052660e+01
6.451059851499479555e+04 4.263133245718823309e+04 2.730500185594150389e+04 1.821703416721686881e+04 1.159161945062802442e+04 6.850721316292901975e+03 7.650967249545982668e+03 1.345801457596064893e+03 3.750888075975842071e+02 1.087551808565884670e+02 2.147140560023635203e+01
2.803758620466378852e+04 1.834366397590738052e+04 1.292141720033715319e+04 7.894376392944454892e+03 4.757348382746810785e+03 2.853368322252474172e+03 1.345801457596064893e+03 2.203547923929285389e+03 2.342944956590214360e+02 7.096987977365782285e+01 1.425460497153421890e+01
9.446953766924125375e+03 5.511776004527057012e+03 4.071636100955406619e+03 2.564513068737311642e+03 1.696211660938471823e+03 9.814678864284092015e+02 3.750888075975842071e+02 2.342944956590214360e+02 4.866129335438729413e+02 2.020134244391636358e+01 1.095651658550126939e+01
2.846495574972128452e+03 1.819512863038592968e+03 1.123220779334218832e+03 6.698595760478008287e+02 5.318077075671883449e+02 2.961193764269444273e+02 1.087551808565884670e+02 7.096987977365782285e+01 2.020134244391636358e+01 1.063299243155028933e+02 1.605566715014184576e+00
4.422148592100040219e+02 2.585942639533620877e+02 2.033798473944214322e+02 1.249507120792816437e+02 1.090178377870290092e+02 6.949779722110052660e+01 2.147140560023635203e+01 1.425460497153421890e+01 1.095651658550126939e+01 1.605566715014184576e+00 1.285253818118514957e+01
