1.756457955721595325e+06 1.029893534292459488e+06 6.729997638182680821e+05 4.404565720259703230e+05 2.774462825739877298e+05 1.606278044584607414e+05 7.965271064372474211e+04 4.505785489485448488e+04 1.592951546600926667e+04 5.838110975371639142e+03 9.123141532087147425e+02 1.669091647167363135e+02
1.029893534292459488e+06 9.312508316680238349e+05 4.804565188398896717e+05 3.185158782326772343e+05 2.025706418710158323e+05 1.160763417419432226e+05 5.886286673228117434e+04 3.117216885658145475e+04 1.053600278797897772e+04 3.344512681860102930e+03 8.362928757166645255e+02 1.015800031403037735e+02
6.729997638182680821e+05 4.804565188398896717e+05 4.023505669785043574e+05 2.091485166799950821e+05 1.274947960524095979e+05 7.619363173394289333e+04 3.598432689825834677e+04 1.997049410809434630e+04 7.321160197762374082e+03 2.414539772748963060e+03 4.603335311981670657e+02 1.191642495241635800e+02
4.404565720259703230e+05 3.185158782326772343e+05 2.091485166799950821e+05 1.966292077619084157e+05 8.893445156843308359e+04 5.184003676456231187e+04 2.505915109087401288e+04 1.307673423431977426e+04 4.810428636532275050e+03 1.411320085324383854e+03 3.444849552506215105e+02 5.750566212598594973e+01
2.774462825739877298e+05 2.025706418710158323e+05 1.274947960524095979e+05 8.893445156843308359e+04 8.757732539321965305e+04 3.318091018340254959e+04 1.667880867490717355e+04 8.281025149260538456e+03 3.228862144369951693e+03 1.045290114544658991e+03 1.922169109340149760e+02 4.423120315868970920e+01
1.606278044584607414e+05 1.160763417419432226e+05 7.619363173394289333e+04 5.184003676456231187e+04 3.318091018340254959e+04 3.304642834547792154e+04 9.984508821580897347e+03 5.168633147084787197e+03 2.217485625437921954e+03 6.439896906031915478e+02 1.573817502230720606e+02 3.052929484798147541e+01
7.965271064372474211e+04 5.886286673228117434e+04 3.598432689825834677e+04 2.505915109087401288e+04 1.667880867490717355e+04 9.984508821580897347e+03 1.140098967145585630e+04 2.477866981207973822e+03 1.004972621887964351e+03 2.383441852627813375e+02 7.259776119117449866e+01 1.656856399906642707e+01
4.505785489485448488e+04 3.117216885658145475e+04 1.997049410809434630e+04 1.307673423431977426e+04 8.281025149260538456e+03 5.168633147084787197e+03 2.477866981207973822e+03 3.669897710256721894e+03 5.781271977358906042e+02 2.130109489470337962e+02 3.286850157589682908e+01 6.129388291251775200e+00
1.592951546600926667e+04 1.053600278797897772e+04 7.321160197762374082e+03 4.810428636532275050e+03 3.228862144369951693e+03 2.217485625437921954e+03 1.004972621887964351e+03 5.781271977358906042e+02 1.062827302285107407e+03 4.641550851903828345e+01 9.862707327254327083e+00 9.937216845830141310e+00
5.838110975371639142e+03 3.344512681860102930e+03 2.414539772748963060e+03 1.411320085324383854e+03 1.045290114544658991e+03 6.439896906031915478e+02 2.383441852627813375e+02 2.130109489470337962e+02 4.641550851903828345e+01 2.311206835145391665e+02 3.349006782296330087e+00 1.176466082773885979e+00
9.123141532087147425e+02 8.362928757166645255e+02 4.603335311981670657e+02 3.444849552506215105e+02 1.922169109340149760e+02 1.573817502230720606e+02 7.259776119117449866e+01 3.286850157589682908e+01 9.862707327254327083e+00 3.349006782296330087e+00 3.701750529448032978e+01 8.745064548619230216e-01
1.669091647167363135e+02 1.015800031403037735e+02 1.191642495241635800e+02 5.750566212598594973e+01 4.423120315868970920e+01 3.052929484798147541e+01 1.656856399906642707e+01 6.129388291251775200e+00 9.937216845830141310e+00 1.176466082773885979e+00 8.745064548619230216e-01 1.999992340715606831e+00
