1.108670104359028395e+06 5.952288858646362787e+05 3.545564521665653447e+05 2.055631800132773351e+05 8.757371993084382848e+04 4.267366805663378182e+04 1.731193160241690566e+04 4.567288769569897340e+03 1.166806225008223009e+03 1.187263970126431367e+01 -1.071191481376082599e+01
5.952288858646362787e+05 4.661202682396412129e+05 2.309503553937630495e+05 1.274988101491271227e+05 5.855831896150802640e+04 2.778971612866272335e+04 1.086872460784154464e+04 3.122649121954303155e+03 6.686022761668984913e+02 1.026971873330950125e+01 -2.236030655415606105e+01
3.545564521665653447e+05 2.309503553937630495e+05 1.935764335788275639e+05 8.034484183316733106e+04 3.562533940762179554e+04 1.730260195164628385e+04 6.497213379506305500e+03 1.701610672187868431e+03 4.661193128455969941e+02 -7.930709899405159469e+00 -5.899493245190623014e+00
2.055631800132773351e+05 1.274988101491271227e+05 8.034484183316733106e+04 6.626279883614776190e+04 2.076400627697969685e+04 9.623373417628250536e+03 3.351241153800099255e+03 9.488511561962550331e+02 3.339981396220762804e+02 -8.138912347134263925e+00 -1.319642070445328663e+01
8.757371993084382848e+04 5.855831896150802640e+04 3.562533940762179554e+04 2.076400627697969685e+04 1.962247197116616735e+04 5.001105473427813195e+03 1.583246428605599476e+03 4.616639352301221493e+02 1.118680074343589581e+02 8.535266393827404485e+00 -2.571207513065719485e+00
4.267366805663378182e+04 2.778971612866272335e+04 1.730260195164628385e+04 9.623373417628250536e+03 5.001105473427813195e+03 5.972066512015647277e+03 9.525716938678896213e+02 2.186972463637443695e+02 3.804194047288581260e+01 -5.235900294318280856e+00 3.837201259313222312e+00
1.731193160241690566e+04 1.086872460784154464e+04 6.497213379506305500e+03 3.351241153800099255e+03 1.583246428605599476e+03 9.525716938678896213e+02 1.414937126438044288e+03 1.367553551795971032e+02 3.019411817012051458e+01 1.803809699209941053e+00 7.965372935363987938e-01
4.567288769569897340e+03 3.122649121954303155e+03 1.701610672187868431e+03 9.488511561962550331e+02 4.616639352301221493e+02 2.186972463637443695e+02 1.367553551795971032e+02 2.779890058917997635e+02 9.690421102334962455e+00 4.953476570493963171e-01 1.501525249593386624e+00
1.166806225008223009e+03 6.686022761668984913e+02 4.661193128455969941e+02 3.339981396220762804e+02 1.118680074343589581e+02 3.804194047288581260e+01 3.019411817012051458e+01 9.690421102334962455e+00 4.981054670747413127e+01 -9.430289113011067204e-02 -9.428762928708656066e-02
1.187263970126431367e+01 1.026971873330950125e+01 -7.930709899405159469e+00 -8.138912347134263925e+00 8.535266393827404485e+00 -5.235900294318280856e+00 1.803809699209941053e+00 4.953476570493963171e-01 -9.430289113011067204e-02 1.003557571394228409e+00 -1.963591305466714197e-03
-1.071191481376082599e+01 -2.236030655415606105e+01 -5.899493245190623014e+00 -1.319642070445328663e+01 -2.571207513065719485e+00 3.837201259313222312e+00 7.965372935363987938e-01 1.501525249593386624e+00 -9.428762928708656066e-02 -1.963591305466714197e-03 1.003232769077652131e+00
