1.633057118500525365e+06 9.285231342710328754e+05 6.137873670520221349e+05 3.901061530860955827e+05 2.396354665921021369e+05 1.284168336977843428e+05 6.255508592568193853e+04 2.721870360484133562e+04 9.178843279552056629e+03 2.767424695830551173e+03 4.301238429693379999e+02
9.285231342710328754e+05 7.791822532541916007e+05 4.020242388164651929e+05 2.619450419383968110e+05 1.583405092964463984e+05 8.625927553892348078e+04 4.161534650985507324e+04 1.792693134600368649e+04 5.391142098873448049e+03 1.780793180173257497e+03 2.532049126650024391e+02
6.137873670520221349e+05 4.020242388164651929e+05 3.595731151151943486e+05 1.803262564711276500e+05 1.068291065674476267e+05 5.669930246896867175e+04 2.678669741614022496e+04 1.269060630129281708e+04 4.002308201944501889e+03 1.104780082796832858e+03 2.001306061174647652e+02
3.901061530860955827e+05 2.619450419383968110e+05 1.803262564711276500e+05 1.599512599905699899e+05 6.931764238034863956e+04 3.757073258757336589e+04 1.793735091394395931e+04 7.782044707242741424e+03 2.530172663247948549e+03 6.612994282344012618e+02 1.234093313061725468e+02
2.396354665921021369e+05 1.583405092964463984e+05 1.068291065674476267e+05 6.931764238034863956e+04 6.868818988897508825e+04 2.312083890610038361e+04 1.144515616897903419e+04 4.702597676938910809e+03 1.678117102799003987e+03 5.264607289340835905e+02 1.079701747465702510e+02
1.284168336977843428e+05 8.625927553892348078e+04 5.669930246896867175e+04 3.757073258757336589e+04 2.312083890610038361e+04 2.251048438080437336e+04 6.777958356470905528e+03 2.826283293951824817e+03 9.729786267668665687e+02 2.937400515469806805e+02 6.897032410261834912e+01
6.255508592568193853e+04 4.161534650985507324e+04 2.678669741614022496e+04 1.793735091394395931e+04 1.144515616897903419e+04 6.777958356470905528e+03 7.581304299539545354e+03 1.335069396946279767e+03 3.724142600556840534e+02 1.080466450419574471e+02 2.134109474151808072e+01
2.721870360484133562e+04 1.792693134600368649e+04 1.269060630129281708e+04 7.782044707242741424e+03 4.702597676938910809e+03 2.826283293951824817e+03 1.335069396946279767e+03 2.188470050283186538e+03 2.328893041923054739e+02 7.058796496643260809e+01 1.418425940464405244e+01
9.178843279552056629e+03 5.391142098873448049e+03 4.002308201944501889e+03 2.530172663247948549e+03 1.678117102799003987e+03 9.729786267668665687e+02 3.724142600556840534e+02 2.328893041923054739e+02 4.841059891774143580e+02 2.010972690821442654e+01 1.091172291772778102e+01
2.767424695830551173e+03 1.780793180173257497e+03 1.104780082796832858e+03 6.612994282344012618e+02 5.264607289340835905e+02 2.937400515469806805e+02 1.080466450419574471e+02 7.058796496643260809e+01 2.010972690821442654e+01 1.059133198785237369e+02 1.599993872572486042e+00
4.301238429693379999e+02 2.532049126650024391e+02 2.001306061174647652e+02 1.234093313061725468e+02 1.079701747465702510e+02 6.897032410261834912e+01 2.134109474151808072e+01 1.418425940464405244e+01 1.091172291772778102e+01 1.599993872572486042e+00 1.281367641821224446e+01
