1.892359498010392999e+05 6.930930319659839734e+04 2.835936590316211368e+04 8.905534522309768363e+03 2.476296398987411521e+03 3.696613294219815771e+02 2.328853826386934429e+02
6.930930319659839734e+04 5.532709007701096562e+04 1.394179366653698526e+04 5.179760555451399341e+03 1.349810516963382270e+03 2.328618533170379692e+02 1.071015506221223177e+02
2.835936590316211368e+04 1.394179366653698526e+04 1.360364790269575496e+04 2.189787692295946727e+03 4.740511257233196147e+02 1.044152863997884424e+02 3.682142761401693321e+01
8.905534522309768363e+03 5.179760555451399341e+03 2.189787692295946727e+03 2.848083210465902539e+03 2.246814924881705906e+02 3.818024593962348945e+01 1.878424178828999658e+01
2.476296398987411521e+03 1.349810516963382270e+03 4.740511257233196147e+02 2.246814924881705906e+02 5.458469292014199254e+02 8.478398903190697666e+00 9.919569854588484503e+00
3.696613294219815771e+02 2.328618533170379692e+02 1.044152863997884424e+02 3.818024593962348945e+01 8.478398903190697666e+00 7.124678597278656866e+01 -4.627433258910619296e-01
2.328853826386934429e+02 1.071015506221223177e+02 3.682142761401693321e+01 1.878424178828999658e+01 9.919569854588484503e+00 -4.627433258910619296e-01 1.080584097027814394e+01
