1.982710204112716485e+06 1.221765906868556514e+06 7.733607315019723028e+05 5.322890066584404558e+05 3.440675282220889349e+05 2.117032931308181433e+05 1.118524229524551338e+05 6.157160255264913576e+04 3.089430390978379728e+04 9.648799819553934867e+03 2.989274887078599932e+03 3.370830586694996782e+02
1.221765906868556514e+06 1.065705053555099061e+06 5.693941872318452224e+05 3.792154763097912655e+05 2.420822403532926401e+05 1.495990069608723861e+05 8.311355709897047200e+04 4.264510753807003493e+04 2.046894901177765496e+04 6.289873167331931654e+03 2.209997169242079963e+03 1.364671360422017869e+02
7.733607315019723028e+05 5.693941872318452224e+05 4.730341928084814572e+05 2.514920590203492320e+05 1.567565136423434305e+05 1.037751608911359071e+05 5.494702710909461166e+04 2.904349410400873967e+04 1.296358271690804941e+04 4.053530562665913294e+03 1.315514972502075580e+03 2.033904012521088021e+02
5.322890066584404558e+05 3.792154763097912655e+05 2.514920590203492320e+05 2.306075962526913790e+05 1.118108783257972100e+05 6.888665553209849168e+04 3.552126173257915070e+04 1.905354267756930494e+04 9.925635059175096103e+03 2.707847941239229840e+03 8.325493514032380062e+02 6.757527199328806944e+01
3.440675282220889349e+05 2.420822403532926401e+05 1.567565136423434305e+05 1.118108783257972100e+05 1.112689899455767008e+05 4.602129594941926916e+04 2.294004648611075390e+04 1.225839135918708416e+04 6.442270708780350105e+03 1.790050510746431428e+03 6.248044108887476114e+02 9.568848482830988189e+01
2.117032931308181433e+05 1.495990069608723861e+05 1.037751608911359071e+05 6.888665553209849168e+04 4.602129594941926916e+04 4.675987771767248341e+04 1.603590579875550429e+04 8.097178151407841142e+03 3.879185299105949071e+03 1.357957747981082775e+03 3.767490626312421114e+02 4.847885962343627142e+01
1.118524229524551338e+05 8.311355709897047200e+04 5.494702710909461166e+04 3.552126173257915070e+04 2.294004648611075390e+04 1.603590579875550429e+04 1.716355053664130901e+04 4.514486153764434675e+03 2.129747024992737352e+03 8.536393771603582081e+02 2.766115648512163716e+02 5.824053356612476051e+01
6.157160255264913576e+04 4.264510753807003493e+04 2.904349410400873967e+04 1.905354267756930494e+04 1.225839135918708416e+04 8.097178151407841142e+03 4.514486153764434675e+03 6.239022844351622552e+03 9.219317770514170434e+02 3.777983697768679008e+02 1.348529832927049767e+02 1.146302464409938615e+01
3.089430390978379728e+04 2.046894901177765496e+04 1.296358271690804941e+04 9.925635059175096103e+03 6.442270708780350105e+03 3.879185299105949071e+03 2.129747024992737352e+03 9.219317770514170434e+02 2.205584302514680530e+03 2.013261022928976161e+02 3.865000754886755630e+01 1.383851801573308293e+01
9.648799819553934867e+03 6.289873167331931654e+03 4.053530562665913294e+03 2.707847941239229840e+03 1.790050510746431428e+03 1.357957747981082775e+03 8.536393771603582081e+02 3.777983697768679008e+02 2.013261022928976161e+02 3.980088480053240119e+02 2.601774535191617943e+01 7.434029869089521014e+00
2.989274887078599932e+03 2.209997169242079963e+03 1.315514972502075580e+03 8.325493514032380062e+02 6.248044108887476114e+02 3.767490626312421114e+02 2.766115648512163716e+02 1.348529832927049767e+02 3.865000754886755630e+01 2.601774535191617943e+01 1.011606501744651183e+02 4.073109510914579623e+00
3.370830586694996782e+02 1.364671360422017869e+02 2.033904012521088021e+02 6.757527199328806944e+01 9.568848482830988189e+01 4.847885962343627142e+01 5.824053356612476051e+01 1.146302464409938615e+01 1.383851801573308293e+01 7.434029869089521014e+00 4.073109510914579623e+00 1.187644536266726192e+01
