1.995256815683485474e+05 7.258922915406810353e+04 2.955286353264186982e+04 9.246022118162947663e+03 2.564031164515673026e+03 3.819927927389377942e+02 2.402949903609266755e+02
7.258922915406810353e+04 5.755777195210054924e+04 1.443135786906650173e+04 5.341830626771914467e+03 1.388286096113413350e+03 2.390204120071766454e+02 1.097700187124308968e+02
2.955286353264186982e+04 1.443135786906650173e+04 1.401090952277425458e+04 2.247009148087771337e+03 4.851251043806725534e+02 1.066407339633927620e+02 3.755009176529645742e+01
9.246022118162947663e+03 5.341830626771914467e+03 2.247009148087771337e+03 2.911705105086289223e+03 2.290803042737648809e+02 3.884987692090212619e+01 1.908516566200284004e+01
2.564031164515673026e+03 1.388286096113413350e+03 4.851251043806725534e+02 2.290803042737648809e+02 5.550307689268202012e+02 8.603804004874390898e+00 1.005126773198400691e+01
3.819927927389377942e+02 2.390204120071766454e+02 1.066407339633927620e+02 3.884987692090212619e+01 8.603804004874390898e+00 7.215599414412986334e+01 -4.679491247665837905e-01
2.402949903609266755e+02 1.097700187124308968e+02 3.755009176529645742e+01 1.908516566200284004e+01 1.005126773198400691e+01 -4.679491247665837905e-01 1.091109622824331815e+01
