2.137903808125976939e+06 1.279996764129230054e+06 8.643948381967485184e+05 5.954036320710125146e+05 3.945863902777583571e+05 2.652738036753418855e+05 1.449909167087802489e+05 7.944827871978325129e+04 4.798659650197658630e+04 1.718159702122645831e+04 5.545513767805717180e+03 9.746247703730210787e+02 2.356755445298371399e+01
1.279996764129230054e+06 1.084519293928018073e+06 6.114067931377122877e+05 4.256055546184311388e+05 2.690600518530447735e+05 1.850644755308703461e+05 9.613817458340243320e+04 5.654297974400051316e+04 2.984378972324626375e+04 1.147149532351204289e+04 3.513661166901060369e+03 7.357162540595076052e+02 1.828798848827806367e+01
8.643948381967485184e+05 6.114067931377122877e+05 5.381050478383034933e+05 2.828820280790938414e+05 1.783283297410083760e+05 1.297369522697485372e+05 7.192228349609638099e+04 3.962427231811350794e+04 2.107810824644164313e+04 7.816217122890922838e+03 2.600205617356092262e+03 4.196189253202878717e+02 4.072719807289723093e+01
5.954036320710125146e+05 4.256055546184311388e+05 2.828820280790938414e+05 2.830952249081628397e+05 1.304249590757821570e+05 9.189086499259958509e+04 4.816894766822143720e+04 2.735479368534555397e+04 1.526878065113227603e+04 5.216368968935468729e+03 1.598212706928818989e+03 3.300314182112148274e+02 1.237745354962610556e+01
3.945863902777583571e+05 2.690600518530447735e+05 1.783283297410083760e+05 1.304249590757821570e+05 1.280533835134016263e+05 5.934581152050719538e+04 3.144789726613493622e+04 1.706418217810081478e+04 9.673218632668014834e+03 3.973490513687857401e+03 1.054405869551817659e+03 3.155890184804012506e+02 9.074635107621391583e+00
2.652738036753418855e+05 1.850644755308703461e+05 1.297369522697485372e+05 9.189086499259958509e+04 5.934581152050719538e+04 6.610406471273789066e+04 2.232381577542836021e+04 1.257193488909337248e+04 7.655128446885886660e+03 2.782812360900693875e+03 6.833254687818675848e+02 1.968187241876442783e+02 1.773222341669382729e+01
1.449909167087802489e+05 9.613817458340243320e+04 7.192228349609638099e+04 4.816894766822143720e+04 3.144789726613493622e+04 2.232381577542836021e+04 2.387010595154894690e+04 6.776643170965187892e+03 3.787854141917188372e+03 1.514369562820287456e+03 5.401905269547064563e+02 8.811798100778415233e+01 7.059931159083448371e+00
7.944827871978325129e+04 5.654297974400051316e+04 3.962427231811350794e+04 2.735479368534555397e+04 1.706418217810081478e+04 1.257193488909337248e+04 6.776643170965187892e+03 9.145576941744195210e+03 2.218001980331525829e+03 8.028057213333528352e+02 2.789313348740886340e+02 3.451477085391167776e+01 5.424217618852964051e+00
4.798659650197658630e+04 2.984378972324626375e+04 2.107810824644164313e+04 1.526878065113227603e+04 9.673218632668014834e+03 7.655128446885886660e+03 3.787854141917188372e+03 2.218001980331525829e+03 3.383067308302914171e+03 4.888621491130896288e+02 1.305415131815555867e+02 4.409042942061757486e+01 1.594441646949833258e+00
1.718159702122645831e+04 1.147149532351204289e+04 7.816217122890922838e+03 5.216368968935468729e+03 3.973490513687857401e+03 2.782812360900693875e+03 1.514369562820287456e+03 8.028057213333528352e+02 4.888621491130896288e+02 8.702008001542885722e+02 6.518561385767549154e+01 1.800941223563558680e+01 1.621377552334190675e+00
5.545513767805717180e+03 3.513661166901060369e+03 2.600205617356092262e+03 1.598212706928818989e+03 1.054405869551817659e+03 6.833254687818675848e+02 5.401905269547064563e+02 2.789313348740886340e+02 1.305415131815555867e+02 6.518561385767549154e+01 2.028906924264977079e+02 -3.030288984392906837e+00 1.648463526295282033e+00
9.746247703730210787e+02 7.357162540595076052e+02 4.196189253202878717e+02 3.300314182112148274e+02 3.155890184804012506e+02 1.968187241876442783e+02 8.811798100778415233e+01 3.451477085391167776e+01 4.409042942061757486e+01 1.800941223563558680e+01 -3.030288984392906837e+00 4.423597353549570954e+01 -7.652296530872841618e-02
2.356755445298371399e+01 1.828798848827806367e+01 4.072719807289723093e+01 1.237745354962610556e+01 9.074635107621391583e+00 1.773222341669382729e+01 7.059931159083448371e+00 5.424217618852964051e+00 1.594441646949833258e+00 1.621377552334190675e+00 1.648463526295282033e+00 -7.652296530872841618e-02 1.002562345479748762e+00
