1.081855288237958448e+05 2.920729206766045900e+04 1.170310027918090418e+04 3.707040705266896566e+03 8.996377311667515642e+02 2.814283339907472055e+02 4.400963537976522133e+01
2.920729206766045900e+04 2.625847198808065878e+04 4.955588864932382421e+03 1.541139196004899532e+03 3.249556182765751373e+02 9.254866517820975957e+01 2.001560962159248902e+01
1.170310027918090418e+04 4.955588864932382421e+03 6.188117478104430120e+03 4.617237219526879812e+02 1.640856461180929671e+02 4.995274987457950999e+01 1.861169342948360494e+01
3.707040705266896566e+03 1.541139196004899532e+03 4.617237219526879812e+02 1.237634475970969788e+03 2.470970929186083964e+01 1.645876049800635599e+01 8.509771332063662541e-01
8.996377311667515642e+02 3.249556182765751373e+02 1.640856461180929671e+02 2.470970929186083964e+01 2.729695428556109960e+02 -2.056854868049674323e+00 -2.441167121755813962e+00
2.814283339907472055e+02 9.254866517820975957e+01 4.995274987457950999e+01 1.645876049800635599e+01 -2.056854868049674323e+00 3.300183439861213230e+01 6.803895512042306137e-01
4.400963537976522133e+01 2.001560962159248902e+01 1.861169342948360494e+01 8.509771332063662541e-01 -2.441167121755813962e+00 6.803895512042306137e-01 4.970569199719669484e+00
