2.082180167290564626e+06 1.200653869013353949e+06 8.181190584343366791e+05 5.568875385061448906e+05 3.841627290469846339e+05 2.369678367675115587e+05 1.184984038723375124e+05 6.533768752747881808e+04 3.005531650660773812e+04 8.983644680221181261e+03 2.412277185915794689e+03 3.958410465693573883e+02 -8.177252586698777748e+01
1.200653869013353949e+06 1.033153612179736490e+06 5.484717428214064566e+05 3.874286530150143080e+05 2.656836264496069052e+05 1.639501719527305686e+05 7.994319761990739789e+04 4.172345644599109801e+04 2.004307624242660313e+04 6.210095015053557290e+03 1.259906694479153657e+03 2.948739904160760261e+02 -7.980456075240191183e+01
8.181190584343366791e+05 5.484717428214064566e+05 4.914997370087091695e+05 2.607864819778631791e+05 1.793937664991017664e+05 1.098050845564159390e+05 5.194666910032665328e+04 2.917394815863382973e+04 1.396571442485677835e+04 3.843796796202049336e+03 8.575048596586942722e+02 7.064278798714354934e+01 -2.858723656329031826e+01
5.568875385061448906e+05 3.874286530150143080e+05 2.607864819778631791e+05 2.597953374361719470e+05 1.220203944289849751e+05 7.938126035650617268e+04 3.991368130749156262e+04 2.013925527871874147e+04 1.009760561616637824e+04 2.859701774448551078e+03 5.901197450208803730e+02 2.236966503381143241e+02 -2.894782366121417283e+01
3.841627290469846339e+05 2.656836264496069052e+05 1.793937664991017664e+05 1.220203944289849751e+05 1.237546762240259413e+05 5.402923850956699607e+04 2.842677783893355081e+04 1.529007823467279923e+04 7.282544525726871143e+03 1.531905315839698233e+03 3.878984692726493222e+02 1.237068068245987149e+02 -1.972756170848958490e+01
2.369678367675115587e+05 1.639501719527305686e+05 1.098050845564159390e+05 7.938126035650617268e+04 5.402923850956699607e+04 5.414599188119368046e+04 1.664009053552616388e+04 8.587456539372480620e+03 4.750946634980152339e+03 9.283750011620170426e+02 1.957657382557734422e+02 6.186138489523843020e+01 -1.466952139467415961e+01
1.184984038723375124e+05 7.994319761990739789e+04 5.194666910032665328e+04 3.991368130749156262e+04 2.842677783893355081e+04 1.664009053552616388e+04 1.939217943111569912e+04 4.849790137142278581e+03 2.543223829179726636e+03 8.035909123665708194e+02 1.539782344449082245e+02 7.599682251678386535e+01 -2.728753016682984978e+00
6.533768752747881808e+04 4.172345644599109801e+04 2.917394815863382973e+04 2.013925527871874147e+04 1.529007823467279923e+04 8.587456539372480620e+03 4.849790137142278581e+03 6.874951492950563988e+03 1.220157141289498441e+03 3.116262448013637254e+02 7.587411398794179718e+01 5.695236241710129832e+01 -3.408468237440413606e+00
3.005531650660773812e+04 2.004307624242660313e+04 1.396571442485677835e+04 1.009760561616637824e+04 7.282544525726871143e+03 4.750946634980152339e+03 2.543223829179726636e+03 1.220157141289498441e+03 2.078327444106587336e+03 2.048373143547241853e+02 3.467061127880408122e+01 1.373862504481532198e+01 -3.086720533046462656e+00
8.983644680221181261e+03 6.210095015053557290e+03 3.843796796202049336e+03 2.859701774448551078e+03 1.531905315839698233e+03 9.283750011620170426e+02 8.035909123665708194e+02 3.116262448013637254e+02 2.048373143547241853e+02 4.640430933432680263e+02 1.286050989774084208e+01 4.471945455711946238e+00 2.139540812004321335e+00
2.412277185915794689e+03 1.259906694479153657e+03 8.575048596586942722e+02 5.901197450208803730e+02 3.878984692726493222e+02 1.957657382557734422e+02 1.539782344449082245e+02 7.587411398794179718e+01 3.467061127880408122e+01 1.286050989774084208e+01 1.111953668289364714e+02 -1.980281058605787958e+00 1.799518442844310950e+00
3.958410465693573883e+02 2.948739904160760261e+02 7.064278798714354934e+01 2.236966503381143241e+02 1.237068068245987149e+02 6.186138489523843020e+01 7.599682251678386535e+01 5.695236241710129832e+01 1.373862504481532198e+01 4.471945455711946238e+00 -1.980281058605787958e+00 1.838070130195113094e+01 -3.727918913382717581e-02
-8.177252586698777748e+01 -7.980456075240191183e+01 -2.858723656329031826e+01 -2.894782366121417283e+01 -1.972756170848958490e+01 -1.466952139467415961e+01 -2.728753016682984978e+00 -3.408468237440413606e+00 -3.086720533046462656e+00 2.139540812004321335e+00 1.799518442844310950e+00 -3.727918913382717581e-02 1.002501556648070391e+00
