1.365831937959710136e+06 7.425038937197235646e+05 4.622415670282818610e+05 2.912629080923969159e+05 1.619908031602342380e+05 7.025265252507096739e+04 3.041207568904816071e+04 9.862499484912692424e+03 1.981074766104625724e+03 7.836440577356213453e+02 -9.272121353704713442e+01
7.425038937197235646e+05 6.038032954836686840e+05 3.064910811462710844e+05 1.899484255038743722e+05 1.066515876394570805e+05 4.715411353357043117e+04 2.006594276216793514e+04 7.659096158485721389e+03 1.226191382539094320e+03 4.621550928496619122e+02 -7.832126868386461638e+01
4.622415670282818610e+05 3.064910811462710844e+05 2.685848361181062064e+05 1.208868429272184439e+05 7.060130020948848687e+04 2.861115905652810761e+04 1.371267101458717661e+04 4.693548691985610276e+03 7.594480719666144068e+02 3.846220564412557792e+02 -2.756852187300062340e+01
2.912629080923969159e+05 1.899484255038743722e+05 1.208868429272184439e+05 1.093723732981965295e+05 4.202638415141314908e+04 1.760113651525459136e+04 8.467171495207303451e+03 2.587248915253794621e+03 6.279191639124977655e+02 1.953796439198630139e+02 -1.974894397616373354e+01
1.619908031602342380e+05 1.066515876394570805e+05 7.060130020948848687e+04 4.202638415141314908e+04 4.220731875261884124e+04 1.142650722079158732e+04 4.659415489371473086e+03 1.468231632078814982e+03 4.953235932767402119e+02 9.296042830719731853e+01 2.035286323199286684e+01
7.025265252507096739e+04 4.715411353357043117e+04 2.861115905652810761e+04 1.760113651525459136e+04 1.142650722079158732e+04 1.107876345449014480e+04 2.444329854741748022e+03 7.872342400649445153e+02 1.761091294840350656e+02 4.578413838794899959e+01 5.717625162280817186e+00
3.041207568904816071e+04 2.006594276216793514e+04 1.371267101458717661e+04 8.467171495207303451e+03 4.659415489371473086e+03 2.444329854741748022e+03 3.433255479260842549e+03 2.659146679125897776e+02 1.047995986535041766e+02 3.046654999023566646e+01 4.792138510499097670e+00
9.862499484912692424e+03 7.659096158485721389e+03 4.693548691985610276e+03 2.587248915253794621e+03 1.468231632078814982e+03 7.872342400649445153e+02 2.659146679125897776e+02 7.341285610885438473e+02 1.077642931820921035e+01 2.694107329552502428e+00 1.921561268530773692e+00
1.981074766104625724e+03 1.226191382539094320e+03 7.594480719666144068e+02 6.279191639124977655e+02 4.953235932767402119e+02 1.761091294840350656e+02 1.047995986535041766e+02 1.077642931820921035e+01 1.615052638431991454e+02 3.733319036002466618e+00 -1.882345732438217012e-01
7.836440577356213453e+02 4.621550928496619122e+02 3.846220564412557792e+02 1.953796439198630139e+02 9.296042830719731853e+01 4.578413838794899959e+01 3.046654999023566646e+01 2.694107329552502428e+00 3.733319036002466618e+00 3.732534725280616072e+01 7.058796496643315876e-01
-9.272121353704713442e+01 -7.832126868386461638e+01 -2.756852187300062340e+01 -1.974894397616373354e+01 2.035286323199286684e+01 5.717625162280817186e+00 4.792138510499097670e+00 1.921561268530773692e+00 -1.882345732438217012e-01 7.058796496643315876e-01 3.984298466994228516e+00
