1.293902848594302777e+06 6.675113022858531913e+05 4.099432559649710893e+05 2.352832424102319928e+05 1.205322072398603050e+05 5.299607343169794331e+04 2.041038134264607652e+04 4.448078798625013405e+03 1.081401931752132668e+03 3.381225834985231131e+02 -5.800838079290010540e+01
6.675113022858531913e+05 5.194935739512909204e+05 2.520681185434387880e+05 1.399253483362390252e+05 7.607963606855015678e+04 3.185963455182335747e+04 1.273517765278840125e+04 2.788385742012533683e+03 4.860499934028864573e+02 2.133792661863797946e+02 -5.775939670694972961e+01
4.099432559649710893e+05 2.520681185434387880e+05 2.141498389581659576e+05 9.146404823403715272e+04 4.530752140921863611e+04 2.014416454179061839e+04 8.080682724573284759e+03 1.859311328543493573e+03 5.334603179305655658e+02 1.213743856203774669e+02 -3.336110798347492334e+01
2.352832424102319928e+05 1.399253483362390252e+05 9.146404823403715272e+04 8.141164423032521154e+04 2.665625663210552011e+04 1.202734060051190863e+04 3.932362881886836021e+03 8.598036883906021330e+02 2.739893133378176344e+02 7.631145055642755892e+01 8.483798547834378923e+00
1.205322072398603050e+05 7.607963606855015678e+04 4.530752140921863611e+04 2.665625663210552011e+04 2.628886495114303398e+04 6.118406023878252199e+03 2.254205467457124087e+03 5.405353122884811228e+02 1.576743970768366410e+02 2.633925204710036283e+01 -4.064924850362324982e+00
5.299607343169794331e+04 3.185963455182335747e+04 2.014416454179061839e+04 1.202734060051190863e+04 6.118406023878252199e+03 7.784823526506277631e+03 1.294833063849460132e+03 2.496440082732775920e+02 8.340621892423607164e+01 6.689458088598404295e+00 1.436905659082356479e+01
2.041038134264607652e+04 1.273517765278840125e+04 8.080682724573284759e+03 3.932362881886836021e+03 2.254205467457124087e+03 1.294833063849460132e+03 1.769063257178941967e+03 9.272828974318798601e+01 4.057293765450664580e+01 6.189743515578669530e+00 3.788014480127473438e-01
4.448078798625013405e+03 2.788385742012533683e+03 1.859311328543493573e+03 8.598036883906021330e+02 5.405353122884811228e+02 2.496440082732775920e+02 9.272828974318798601e+01 3.852519164640107761e+02 8.417308200676508534e+00 8.733724029580359760e-01 2.981593746758862906e+00
1.081401931752132668e+03 4.860499934028864573e+02 5.334603179305655658e+02 2.739893133378176344e+02 1.576743970768366410e+02 8.340621892423607164e+01 4.057293765450664580e+01 8.417308200676508534e+00 9.438247524073992167e+01 -1.577797998249604650e+00 4.823905276244458418e-01
3.381225834985231131e+02 2.133792661863797946e+02 1.213743856203774669e+02 7.631145055642755892e+01 2.633925204710036283e+01 6.689458088598404295e+00 6.189743515578669530e+00 8.733724029580359760e-01 -1.577797998249604650e+00 8.911986735487680278e+00 -5.313021866909976854e-02
-5.800838079290010540e+01 -5.775939670694972961e+01 -3.336110798347492334e+01 8.483798547834378923e+00 -4.064924850362324982e+00 1.436905659082356479e+01 3.788014480127473438e-01 2.981593746758862906e+00 4.823905276244458418e-01 -5.313021866909976854e-02 3.003521039471308107e+00
