1.902310795725069009e+06 1.038592672902932623e+06 7.041522233358027879e+05 4.504786431705158902e+05 2.873966939789002645e+05 1.581234485889404023e+05 6.985249478420891683e+04 3.362490179935414926e+04 1.084560371747777208e+04 1.810112135955942222e+03 7.328690876015255071e+02 -1.321141783500198130e+02
1.038592672902932623e+06 8.509214917159454199e+05 4.534648244221657515e+05 2.923047827869044850e+05 1.844486252359598002e+05 1.016023093915712961e+05 4.598273181308324274e+04 2.040237836022417832e+04 6.635130321140843080e+03 6.110788532583021606e+02 5.024230054773859138e+02 -8.526759263799144151e+01
7.041522233358027879e+05 4.534648244221657515e+05 3.987481125412865658e+05 1.966364227284429362e+05 1.230681302890130464e+05 6.792211363402497955e+04 3.081022220601724257e+04 1.680091013217870204e+04 4.628145052328510246e+03 8.706935073926874793e+02 3.411809159289873605e+02 -9.383680529785587510e+01
4.504786431705158902e+05 2.923047827869044850e+05 1.966364227284429362e+05 1.864457190127999347e+05 8.236153633250349958e+04 4.685842323900009069e+04 2.127263795251969714e+04 8.925765403433561005e+03 3.298879495450109971e+03 4.938012471307005740e+02 2.354618977320345437e+02 -4.466439960166843548e+01
2.873966939789002645e+05 1.844486252359598002e+05 1.230681302890130464e+05 8.236153633250349958e+04 7.867441784494790772e+04 2.855819794423053463e+04 1.279306060111896295e+04 6.232709176797007785e+03 1.766259580910018485e+03 2.168295907824374069e+02 1.054242292897050248e+02 -1.533670168277016366e+01
1.581234485889404023e+05 1.016023093915712961e+05 6.792211363402497955e+04 4.685842323900009069e+04 2.855819794423053463e+04 3.158496168838548328e+04 7.481043101905841468e+03 3.580068067559715473e+03 1.311291395054386157e+03 1.557607044881095817e+02 5.808165024642016760e+01 2.187200755298876231e+01
6.985249478420891683e+04 4.598273181308324274e+04 3.081022220601724257e+04 2.127263795251969714e+04 1.279306060111896295e+04 7.481043101905841468e+03 9.692497520634387911e+03 1.650314224362155755e+03 6.600323978596433108e+02 6.974243603917032885e+01 9.596785457134849651e+01 -7.157242204104176109e-01
3.362490179935414926e+04 2.040237836022417832e+04 1.680091013217870204e+04 8.925765403433561005e+03 6.232709176797007785e+03 3.580068067559715473e+03 1.650314224362155755e+03 2.793032024057276885e+03 2.678620525221049320e+02 4.503583414868766255e+01 1.452632506906226340e+01 -9.509934561709693090e-01
1.084560371747777208e+04 6.635130321140843080e+03 4.628145052328510246e+03 3.298879495450109971e+03 1.766259580910018485e+03 1.311291395054386157e+03 6.600323978596433108e+02 2.678620525221049320e+02 6.340486596002361921e+02 -1.760286402936261396e+01 1.219342251389236331e+01 -1.618227185317149930e+00
1.810112135955942222e+03 6.110788532583021606e+02 8.706935073926874793e+02 4.938012471307005740e+02 2.168295907824374069e+02 1.557607044881095817e+02 6.974243603917032885e+01 4.503583414868766255e+01 -1.760286402936261396e+01 1.307171771738504447e+02 -3.015845943651256800e+00 1.111573982123214944e-16
7.328690876015255071e+02 5.024230054773859138e+02 3.411809159289873605e+02 2.354618977320345437e+02 1.054242292897050248e+02 5.808165024642016760e+01 9.596785457134849651e+01 1.452632506906226340e+01 1.219342251389236331e+01 -3.015845943651256800e+00 3.216151263218652190e+01 1.758583132898912771e+00
-1.321141783500198130e+02 -8.526759263799144151e+01 -9.383680529785587510e+01 -4.466439960166843548e+01 -1.533670168277016366e+01 2.187200755298876231e+01 -7.157242204104176109e-01 -9.509934561709693090e-01 -1.618227185317149930e+00 1.111573982123214944e-16 1.758583132898912771e+00 3.987649366985844601e+00
