2.101778952711656224e+06 1.211944366938245716e+06 8.255042884309230139e+05 5.616199279817236820e+05 3.872087946893560002e+05 2.387176677691712393e+05 1.193157333423812088e+05 6.576068792887695599e+04 3.023936677473312011e+04 9.036038811016862383e+03 2.425759969992530841e+03 3.979762716973133365e+02 -8.220161256468470867e+01
1.211944366938245716e+06 1.042859699469954125e+06 5.534179078029472148e+05 3.907175085406216676e+05 2.677878707781753619e+05 1.651593488396726025e+05 8.049387895699402725e+04 4.199320226041361457e+04 2.016563452450444674e+04 6.246257626812203853e+03 1.266937309404433790e+03 2.964619402058492028e+02 -8.022260540911308624e+01
8.255042884309230139e+05 5.534179078029472148e+05 4.957471251183481072e+05 2.629021732408039970e+05 1.807471357975175488e+05 1.105736638836353814e+05 5.228498769279330008e+04 2.935160712932359093e+04 1.404586968309958138e+04 3.864737777180544981e+03 8.619683035745069901e+02 7.099671826385099394e+01 -2.872626685970331195e+01
5.616199279817236820e+05 3.907175085406216676e+05 2.629021732408039970e+05 2.617656396092048963e+05 1.228764585724655917e+05 7.989496768517185410e+04 4.015256336727622693e+04 2.025127035875947331e+04 1.015023431079735201e+04 2.873773545461701360e+03 5.928803247500729867e+02 2.246995023047134623e+02 -2.907335286356131476e+01
3.872087946893560002e+05 2.677878707781753619e+05 1.807471357975175488e+05 1.228764585724655917e+05 1.245526164498125436e+05 5.434821156018155307e+04 2.858078161415301292e+04 1.536645001403400056e+04 7.316372138661578902e+03 1.538575087890912982e+03 3.894932477289455619e+02 1.241913081403727972e+02 -1.980193300181352356e+01
2.387176677691712393e+05 1.651593488396726025e+05 1.105736638836353814e+05 7.989496768517185410e+04 5.434821156018155307e+04 5.443621220073801669e+04 1.672119550970350247e+04 8.625684440277098474e+03 4.770434802624089571e+03 9.319130305230179374e+02 1.964643373282619336e+02 6.207009599166794089e+01 -1.471686462395319595e+01
1.193157333423812088e+05 8.049387895699402725e+04 5.228498769279330008e+04 4.015256336727622693e+04 2.858078161415301292e+04 1.672119550970350247e+04 1.947728038892463519e+04 4.869025120990782852e+03 2.552421839924944379e+03 8.062635362529146050e+02 1.544530298728211335e+02 7.621637140645364639e+01 -2.736236515536968117e+00
6.576068792887695599e+04 4.199320226041361457e+04 2.935160712932359093e+04 2.025127035875947331e+04 1.536645001403400056e+04 8.625684440277098474e+03 4.869025120990782852e+03 6.899316709426618218e+03 1.224055213247601387e+03 3.125312165551874273e+02 7.607607592483101655e+01 5.709288005129268129e+01 -3.416378897985940188e+00
3.023936677473312011e+04 2.016563452450444674e+04 1.404586968309958138e+04 1.015023431079735201e+04 7.316372138661578902e+03 4.770434802624089571e+03 2.552421839924944379e+03 1.224055213247601387e+03 2.084241374758122220e+03 2.053606583459260833e+02 3.475079687817431306e+01 1.376772800641759886e+01 -3.092807493699958332e+00
9.036038811016862383e+03 6.246257626812203853e+03 3.864737777180544981e+03 2.873773545461701360e+03 1.538575087890912982e+03 9.319130305230179374e+02 8.062635362529146050e+02 3.125312165551874273e+02 2.053606583459260833e+02 4.650938773259613868e+02 1.288651820086736421e+01 4.480119918183622651e+00 2.143138743573396621e+00
2.425759969992530841e+03 1.266937309404433790e+03 8.619683035745069901e+02 5.928803247500729867e+02 3.894932477289455619e+02 1.964643373282619336e+02 1.544530298728211335e+02 7.607607592483101655e+01 3.475079687817431306e+01 1.288651820086736421e+01 1.113933307132848398e+02 -1.983421738263312362e+00 1.802109220495477171e+00
3.979762716973133365e+02 2.964619402058492028e+02 7.099671826385099394e+01 2.246995023047134623e+02 1.241913081403727972e+02 6.207009599166794089e+01 7.621637140645364639e+01 5.709288005129268129e+01 1.376772800641759886e+01 4.480119918183622651e+00 -1.983421738263312362e+00 1.840628110282286301e+01 -3.732561752877555650e-02
-8.220161256468470867e+01 -8.022260540911308624e+01 -2.872626685970331195e+01 -2.907335286356131476e+01 -1.980193300181352356e+01 -1.471686462395319595e+01 -2.736236515536968117e+00 -3.416378897985940188e+00 -3.092807493699958332e+00 2.143138743573396621e+00 1.802109220495477171e+00 -3.732561752877555650e-02 1.003603509414454420e+00
