1.079570125172044616e+06 5.374861050299685448e+05 3.246597536575729027e+05 1.737118811162206403e+05 8.232623768024168385e+04 3.460853552641693386e+04 1.085812561378043210e+04 2.312317197642427345e+03 3.205909584266979095e+02 8.829495537634841185e+01 -4.201425791297528178e+01
5.374861050299685448e+05 4.061011643397867447e+05 1.871781768073839776e+05 9.958746875797104440e+04 4.834522917919989413e+04 1.970653808087864672e+04 7.076249604063093102e+03 1.512570739994182532e+03 3.841661013175053654e+02 8.164780312351297198e+01 -3.474321362692181481e+01
3.246597536575729027e+05 1.871781768073839776e+05 1.690353258633903170e+05 6.299684376592224726e+04 2.942909720562904113e+04 1.342244486132365455e+04 3.851568779034626459e+03 9.365501144456474094e+02 1.163385613544099613e+02 5.543032744835452519e+01 -2.182224125767886935e+00
1.737118811162206403e+05 9.958746875797104440e+04 6.299684376592224726e+04 5.674722945747322956e+04 1.569653539496049780e+04 6.352937572009661380e+03 1.464148540280117231e+03 6.763452508762417210e+02 7.715156195169834064e+01 4.072500252366052109e+01 -3.446933751090328624e+00
8.232623768024168385e+04 4.834522917919989413e+04 2.942909720562904113e+04 1.569653539496049780e+04 1.670917036019070292e+04 3.245738967583458361e+03 1.030162856765766037e+03 3.098970124666731749e+02 3.850216759170715619e+01 -7.447713102956005082e-01 4.514718012468768471e+00
3.460853552641693386e+04 1.970653808087864672e+04 1.342244486132365455e+04 6.352937572009661380e+03 3.245738967583458361e+03 4.823895555713783324e+03 5.194182729614136633e+02 1.131365717414530110e+02 7.311198505931284508e+00 9.685928884518210324e+00 3.960076742083222801e+00
1.085812561378043210e+04 7.076249604063093102e+03 3.851568779034626459e+03 1.464148540280117231e+03 1.030162856765766037e+03 5.194182729614136633e+02 8.961036555803807460e+02 4.482141645197086177e+01 -1.659098618971783512e-01 3.609900272903414642e+00 3.176640464804418862e-01
2.312317197642427345e+03 1.512570739994182532e+03 9.365501144456474094e+02 6.763452508762417210e+02 3.098970124666731749e+02 1.131365717414530110e+02 4.482141645197086177e+01 2.005760193216826792e+02 4.663649243062757854e+00 2.543060547870716892e-01 -3.527611177743088522e-01
3.205909584266979095e+02 3.841661013175053654e+02 1.163385613544099613e+02 7.715156195169834064e+01 3.850216759170715619e+01 7.311198505931284508e+00 -1.659098618971783512e-01 4.663649243062757854e+00 4.260968986966423699e+01 5.751809265043796859e-01 -8.664330100127914935e-02
8.829495537634841185e+01 8.164780312351297198e+01 5.543032744835452519e+01 4.072500252366052109e+01 -7.447713102956005082e-01 9.685928884518210324e+00 3.609900272903414642e+00 2.543060547870716892e-01 5.751809265043796859e-01 4.989857822006658061e+00 -9.838772098962804066e-03
-4.201425791297528178e+01 -3.474321362692181481e+01 -2.182224125767886935e+00 -3.446933751090328624e+00 4.514718012468768471e+00 3.960076742083222801e+00 3.176640464804418862e-01 -3.527611177743088522e-01 -8.664330100127914935e-02 -9.838772098962804066e-03 1.005200013177477425e+00
