1.069508349969177507e+06 5.324781615696379449e+05 3.217529664223779109e+05 1.722465307854335697e+05 8.167729779957058781e+04 3.435412955512138433e+04 1.078349199599589519e+04 2.297415805552939673e+03 3.186287576158388788e+02 8.778301024391632268e+01 -4.177719023711174628e+01
5.324781615696379449e+05 4.023185262341342168e+05 1.855028367096115835e+05 9.874767792470502900e+04 4.796428265500473935e+04 1.956173184897793544e+04 7.027630840040248586e+03 1.502827480505639187e+03 3.818158722236589711e+02 8.117463034008059708e+01 -3.454727165730425753e+01
3.217529664223779109e+05 1.855028367096115835e+05 1.675839270151820965e+05 6.248856255873376358e+04 2.920793242753364757e+04 1.332871060048374420e+04 3.826511294074812213e+03 9.308592092516964840e+02 1.156693173284321432e+02 5.512934154443459533e+01 -2.170714296605467997e+00
1.722465307854335697e+05 9.874767792470502900e+04 6.248856255873376358e+04 5.631878304861033394e+04 1.558671286069227426e+04 6.311868656025270866e+03 1.455383128887291377e+03 6.725867056141751164e+02 7.674782237824439335e+01 4.052502921308281003e+01 -3.430544882812126772e+00
8.167729779957058781e+04 4.796428265500473935e+04 2.920793242753364757e+04 1.558671286069227426e+04 1.660151608300130465e+04 3.226555109601841650e+03 1.024566653252668402e+03 3.083467361164594536e+02 3.832204277491367606e+01 -7.415275442581106269e-01 4.495758056098384969e+00
3.435412955512138433e+04 1.956173184897793544e+04 1.332871060048374420e+04 6.311868656025270866e+03 3.226555109601841650e+03 4.797953426285606838e+03 5.168734061788586587e+02 1.126309157119454341e+02 7.280893540450944279e+00 9.648910082283665091e+00 3.945558962460256502e+00
1.078349199599589519e+04 7.027630840040248586e+03 3.826511294074812213e+03 1.455383128887291377e+03 1.024566653252668402e+03 5.168734061788586587e+02 8.921421219613907851e+02 4.464255161626861224e+01 -1.653016311880326772e-01 3.597833153474287560e+00 3.166517054522257069e-01
2.297415805552939673e+03 1.502827480505639187e+03 9.308592092516964840e+02 6.725867056141751164e+02 3.083467361164594536e+02 1.126309157119454341e+02 4.464255161626861224e+01 1.998619299926284896e+02 4.648560132809973489e+00 2.535654934967771501e-01 -3.517888856484445159e-01
3.186287576158388788e+02 3.818158722236589711e+02 1.156693173284321432e+02 7.674782237824439335e+01 3.832204277491367606e+01 7.280893540450944279e+00 -1.653016311880326772e-01 4.648560132809973489e+00 4.248566811112845443e+01 5.736928440727012690e-01 -8.643266407160114795e-02
8.778301024391632268e+01 8.117463034008059708e+01 5.512934154443459533e+01 4.052502921308281003e+01 -7.415275442581106269e-01 9.648910082283665091e+00 3.597833153474287560e+00 2.535654934967771501e-01 5.736928440727012690e-01 4.978562984455484397e+00 -9.818037531076437979e-03
-4.177719023711174628e+01 -3.454727165730425753e+01 -2.170714296605467997e+00 -3.430544882812126772e+00 4.495758056098384969e+00 3.945558962460256502e+00 3.166517054522257069e-01 -3.517888856484445159e-01 -8.643266407160114795e-02 -9.818037531076437979e-03 1.003238580864772134e+00
