1.140681323876100651e+05 3.058946950967549128e+04 1.219669737342312874e+04 3.848984887444226388e+03 9.315332045407208170e+02 2.908035542039123129e+02 4.541102689824822392e+01
3.058946950967549128e+04 2.731716308225944522e+04 5.130055733999825861e+03 1.589447583006285640e+03 3.342259924276694392e+02 9.499211184625539772e+01 2.051482741308711155e+01
1.219669737342312874e+04 5.130055733999825861e+03 6.374498670721403869e+03 4.738568924722952147e+02 1.679374030088839049e+02 5.101964759115691095e+01 1.898215895500837291e+01
3.848984887444226388e+03 1.589447583006285640e+03 4.738568924722952147e+02 1.265420722371100737e+03 2.519544345882463077e+01 1.674760496418869948e+01 8.646794447958935370e-01
9.315332045407208170e+02 3.342259924276694392e+02 1.679374030088839049e+02 2.519544345882463077e+01 2.775750267789444479e+02 -2.087233607684989334e+00 -2.473697466163279124e+00
2.908035542039123129e+02 9.499211184625539772e+01 5.101964759115691095e+01 1.674760496418869948e+01 -2.087233607684989334e+00 3.342001980062633493e+01 6.880308627821112299e-01
4.541102689824822392e+01 2.051482741308711155e+01 1.898215895500837291e+01 8.646794447958935370e-01 -2.473697466163279124e+00 6.880308627821112299e-01 5.019241250153846146e+00
