1.822156721764953574e+06 1.001502146943315864e+06 6.821153426342243329e+05 4.377616254839586327e+05 2.798931261445730343e+05 1.542278132819575258e+05 6.820252116069059412e+04 3.285426045396423433e+04 1.060240253369194397e+04 1.770157926784787833e+03 7.168599997702256132e+02 -1.292465638535178414e+02
1.001502146943315864e+06 8.260350934317368083e+05 4.422188417476725299e+05 2.859576891938876361e+05 1.808374035332169151e+05 9.976366107666029711e+04 4.519762886937549774e+04 2.006845059570054582e+04 6.529837738059899493e+03 6.015976960871975052e+02 4.947432033424876181e+02 -8.397614898841347042e+01
6.821153426342243329e+05 4.422188417476725299e+05 3.906401804527181084e+05 1.932477540450519009e+05 1.212112907043031009e+05 6.699842969350992644e+04 3.042288153001928004e+04 1.660162073521432467e+04 4.575562869321081962e+03 8.611104277327123100e+02 3.375045898261629418e+02 -9.283886014529397812e+01
4.377616254839586327e+05 2.859576891938876361e+05 1.932477540450519009e+05 1.838125352767452714e+05 8.137558639863955614e+04 4.636746164421670983e+04 2.107167616545665805e+04 8.847801410074125670e+03 3.271720803765321762e+03 4.899118492959045170e+02 2.336618502533346486e+02 -4.432924199891928652e+01
2.798931261445730343e+05 1.808374035332169151e+05 1.212112907043031009e+05 8.137558639863955614e+04 7.790228793547429086e+04 2.832066409059255602e+04 1.269986705014187464e+04 6.191754719076533547e+03 1.755542296483250993e+03 2.155913312219159650e+02 1.048466572968089849e+02 -1.525484353996767695e+01
1.542278132819575258e+05 9.976366107666029711e+04 6.699842969350992644e+04 4.636746164421670983e+04 2.832066409059255602e+04 3.136959751226264780e+04 7.437771515887387068e+03 3.561919692403055251e+03 1.305304805052050597e+03 1.551052883529047790e+02 5.785075884359959986e+01 2.178815185297175816e+01
6.820252116069059412e+04 4.519762886937549774e+04 3.042288153001928004e+04 2.107167616545665805e+04 1.269986705014187464e+04 7.437771515887387068e+03 9.646470900464781153e+03 1.643658411234736832e+03 6.577033635747720837e+02 6.952130238472076940e+01 9.568590806561307716e+01 -7.137227568829187518e-01
3.285426045396423433e+04 2.006845059570054582e+04 1.660162073521432467e+04 8.847801410074125670e+03 6.191754719076533547e+03 3.561919692403055251e+03 1.643658411234736832e+03 2.783767770497254787e+03 2.671087809865983900e+02 4.492531814752607744e+01 1.449406213977473001e+01 -9.490159734374654654e-01
1.060240253369194397e+04 6.529837738059899493e+03 4.575562869321081962e+03 3.271720803765321762e+03 1.755542296483250993e+03 1.305304805052050597e+03 6.577033635747720837e+02 2.671087809865983900e+02 6.325858127075402990e+02 -1.756856016942352028e+01 1.217250240310034215e+01 -1.615680087009527810e+00
1.770157926784787833e+03 6.015976960871975052e+02 8.611104277327123100e+02 4.899118492959045170e+02 2.155913312219159650e+02 1.551052883529047790e+02 6.952130238472076940e+01 4.492531814752607744e+01 -1.756856016942352028e+01 1.305093041157164464e+02 -3.011753171901149440e+00 1.110223024625156540e-16
7.168599997702256132e+02 4.947432033424876181e+02 3.375045898261629418e+02 2.336618502533346486e+02 1.048466572968089849e+02 5.785075884359959986e+01 9.568590806561307716e+01 1.449406213977473001e+01 1.217250240310034215e+01 -3.011753171901149440e+00 3.212536716694559402e+01 1.756856016942336396e+00
-1.292465638535178414e+02 -8.397614898841347042e+01 -9.283886014529397812e+01 -4.432924199891928652e+01 -1.525484353996767695e+01 2.178815185297175816e+01 -7.137227568829187518e-01 -9.490159734374654654e-01 -1.615680087009527810e+00 1.110223024625156540e-16 1.756856016942336396e+00 3.984298466994228960e+00
