1.691406065655086422e+06 9.241895870284812991e+05 5.948119227998810820e+05 3.676240990316059324e+05 2.259881346342690813e+05 1.131124030260430154e+05 5.194412332364218310e+04 2.004878906183674553e+04 3.889418246810470464e+03 7.171326120871439116e+02 4.005886336554816012e+02
9.241895870284812991e+05 7.381765481079318561e+05 3.887765721298857825e+05 2.394851255574885290e+05 1.461911704871252878e+05 7.362120415149879409e+04 3.348317723580170423e+04 1.367694731318544473e+04 2.079221478609691530e+03 5.598885020898413813e+02 2.389822410303797540e+02
5.948119227998810820e+05 3.887765721298857825e+05 3.417197770929834223e+05 1.593506958123293007e+05 9.595431503267995140e+04 4.791679007069111685e+04 2.250770169793065361e+04 9.277724685613833572e+03 1.349084402739393454e+03 4.197753090620393550e+02 2.020634691293662115e+02
3.676240990316059324e+05 2.394851255574885290e+05 1.593506958123293007e+05 1.461742372224802675e+05 6.248182556675074011e+04 2.950515008859425870e+04 1.323357725920479425e+04 5.563680523581136185e+03 7.905552102937492691e+02 2.341900660953992315e+02 1.142028330051379186e+02
2.259881346342690813e+05 1.461911704871252878e+05 9.595431503267995140e+04 6.248182556675074011e+04 6.034355487425140745e+04 1.998392622810868852e+04 8.709233353235678806e+03 3.505780252589673637e+03 6.910128167161234387e+02 1.148234532309608227e+02 1.127996586307646254e+02
1.131124030260430154e+05 7.362120415149879409e+04 4.791679007069111685e+04 2.950515008859425870e+04 1.998392622810868852e+04 1.904444654180287398e+04 4.634895235579025211e+03 1.755407065170922124e+03 3.212947903825121330e+02 2.097475004095491258e+01 8.462619887715797518e+01
5.194412332364218310e+04 3.348317723580170423e+04 2.250770169793065361e+04 1.323357725920479425e+04 8.709233353235678806e+03 4.634895235579025211e+03 6.131578547801192144e+03 8.595898843047543778e+02 2.175420819410969955e+02 5.619776825081216742e+01 2.231226018995031168e+01
2.004878906183674553e+04 1.367694731318544473e+04 9.277724685613833572e+03 5.563680523581136185e+03 3.505780252589673637e+03 1.755407065170922124e+03 8.595898843047543778e+02 1.463679427483161362e+03 4.470225425200666081e+01 1.439822854953106912e+01 5.897383729786858098e+00
3.889418246810470464e+03 2.079221478609691530e+03 1.349084402739393454e+03 7.905552102937492691e+02 6.910128167161234387e+02 3.212947903825121330e+02 2.175420819410969955e+02 4.470225425200666081e+01 2.909823156345289021e+02 7.720923800204411158e+00 4.560693527247666523e+00
7.171326120871439116e+02 5.598885020898413813e+02 4.197753090620393550e+02 2.341900660953992315e+02 1.148234532309608227e+02 2.097475004095491258e+01 5.619776825081216742e+01 1.439822854953106912e+01 7.720923800204411158e+00 6.711708783559659253e+01 3.514548736452592359e-01
4.005886336554816012e+02 2.389822410303797540e+02 2.020634691293662115e+02 1.142028330051379186e+02 1.127996586307646254e+02 8.462619887715797518e+01 2.231226018995031168e+01 5.897383729786858098e+00 4.560693527247666523e+00 3.514548736452592359e-01 1.273363493840633076e+01
