3.557454958572846954e+05 2.046198012524204678e+05 1.400096497589469363e+05 9.602497705587117525e+04 5.821937887341985333e+04 3.675615672901580547e+04 2.200300488242758365e+04 1.154083792342850029e+04 4.627177978936622821e+03 1.606915849618889752e+03 4.517282896321721637e+02 6.175553683405962602e+01 5.475427342088937444e+00
2.046198012524204678e+05 1.815450254563388007e+05 1.004571124102537578e+05 6.625479927973814483e+04 4.176224133838348644e+04 2.564523203940653184e+04 1.567881695398738157e+04 8.267272891978145708e+03 3.238633305648515488e+03 1.217656001182559976e+03 3.089524611090884036e+02 5.206536661027977431e+01 8.503887623390959050e+00
1.400096497589469363e+05 1.004571124102537578e+05 9.142894229827483650e+04 4.632265187233194592e+04 2.907727623881507316e+04 1.783465250514517538e+04 1.083506967284572238e+04 5.690031109841908801e+03 2.259665103424426889e+03 8.363902082946715382e+02 2.353232520737942650e+02 2.991100736167305030e+01 3.298917303545311874e+00
9.602497705587117525e+04 6.625479927973814483e+04 4.632265187233194592e+04 4.528783576908850955e+04 1.987446494064814033e+04 1.203965998334915275e+04 7.464799589515127991e+03 3.956516689847727775e+03 1.542473511875404483e+03 5.625595007774578562e+02 1.426360484063379204e+02 2.578874035434747469e+01 2.859528412730522273e+00
5.821937887341985333e+04 4.176224133838348644e+04 2.907727623881507316e+04 1.987446494064814033e+04 1.985404505591016277e+04 7.627425974166917513e+03 4.666008694500439560e+03 2.494627964635775243e+03 9.427955356925715478e+02 3.314976694539938649e+02 1.063222210223656958e+02 1.511629514846418054e+01 1.346952714537080764e+00
3.675615672901580547e+04 2.564523203940653184e+04 1.783465250514517538e+04 1.203965998334915275e+04 7.627425974166917513e+03 8.718706358964756873e+03 3.018796708612987914e+03 1.501808489916636518e+03 6.515031116192009222e+02 2.111582817102434433e+02 5.668043045919525014e+01 8.968532787411536589e+00 4.286186032743989349e-01
2.200300488242758365e+04 1.567881695398738157e+04 1.083506967284572238e+04 7.464799589515127991e+03 4.666008694500439560e+03 3.018796708612987914e+03 3.889124310303609036e+03 9.780560698769762666e+02 3.734336029298591484e+02 1.479159955510370423e+02 3.791202281078860636e+01 6.281442294190128450e+00 5.802405800510275213e-01
1.154083792342850029e+04 8.267272891978145708e+03 5.690031109841908801e+03 3.956516689847727775e+03 2.494627964635775243e+03 1.501808489916636518e+03 9.780560698769762666e+02 1.356382693905554106e+03 2.062840526321916172e+02 8.902361998362550821e+01 2.256041615479372808e+01 3.802166770296897536e+00 3.114102685788630587e-01
4.627177978936622821e+03 3.238633305648515488e+03 2.259665103424426889e+03 1.542473511875404483e+03 9.427955356925715478e+02 6.515031116192009222e+02 3.734336029298591484e+02 2.062840526321916172e+02 3.820275837344489673e+02 3.111663437283436195e+01 9.310060162657151750e+00 2.049499701098577820e+00 -1.907739571647873444e-01
1.606915849618889752e+03 1.217656001182559976e+03 8.363902082946715382e+02 5.625595007774578562e+02 3.314976694539938649e+02 2.111582817102434433e+02 1.479159955510370423e+02 8.902361998362550821e+01 3.111663437283436195e+01 1.049109821458262388e+02 5.209870107512076132e+00 3.459678032476417031e-01 2.201521288462985615e-01
4.517282896321721637e+02 3.089524611090884036e+02 2.353232520737942650e+02 1.426360484063379204e+02 1.063222210223656958e+02 5.668043045919525014e+01 3.791202281078860636e+01 2.256041615479372808e+01 9.310060162657151750e+00 5.209870107512076132e+00 2.041799888530239926e+01 7.300604649908801203e-02 8.163437501819303943e-02
6.175553683405962602e+01 5.206536661027977431e+01 2.991100736167305030e+01 2.578874035434747469e+01 1.511629514846418054e+01 8.968532787411536589e+00 6.281442294190128450e+00 3.802166770296897536e+00 2.049499701098577820e+00 3.459678032476417031e-01 7.300604649908801203e-02 2.695948422179760495e+00 2.982422969035621388e-02
5.475427342088937444e+00 8.503887623390959050e+00 3.298917303545311874e+00 2.859528412730522273e+00 1.346952714537080764e+00 4.286186032743989349e-01 5.802405800510275213e-01 3.114102685788630587e-01 -1.907739571647873444e-01 2.201521288462985615e-01 8.163437501819303943e-02 2.982422969035621388e-02 3.997434307382193852e-01
