5.619087199999999721e+05 2.743717999999999884e+05 1.459785840000000026e+05 6.684744399999998859e+04 2.766632799999999770e+04 6.808805599999999686e+03 1.155997400000000198e+03 7.026725600000000327e+01 -2.431959600000000332e+00
2.743717999999999884e+05 1.877431040000000212e+05 8.296264799999998650e+04 3.781389600000000064e+04 1.565482240000000093e+04 4.019614399999999478e+03 6.574524399999999105e+02 2.734297759999999755e+01 -1.397109600000000063e+00
1.459785840000000026e+05 8.296264799999998650e+04 6.019400399999999354e+04 2.057863680000000022e+04 8.612973599999999351e+03 2.217695880000000216e+03 3.596962800000000016e+02 1.680235559999999850e+01 -5.153976000000000113e-01
6.684744399999998859e+04 3.781389600000000064e+04 2.057863680000000022e+04 1.520926480000000083e+04 4.048000400000000354e+03 1.000984400000000051e+03 1.697054960000000108e+02 1.153063640000000056e+01 -7.957863999999998939e-01
2.766632799999999770e+04 1.565482240000000093e+04 8.612973599999999351e+03 4.048000400000000354e+03 3.376898800000000392e+03 4.669765599999999495e+02 8.418930800000001113e+01 4.890507759999999315e+00 -1.196876399999999979e-01
6.808805599999999686e+03 4.019614399999999478e+03 2.217695880000000216e+03 1.000984400000000051e+03 4.669765599999999495e+02 4.539705999999999904e+02 2.436575360000000146e+01 1.259176743999999903e+00 6.916152000000000410e-02
1.155997400000000198e+03 6.574524399999999105e+02 3.596962800000000016e+02 1.697054960000000108e+02 8.418930800000001113e+01 2.436575360000000146e+01 4.762242800000000642e+01 2.346189800000000325e-01 -1.754379199999999903e-02
7.026725600000000327e+01 2.734297759999999755e+01 1.680235559999999850e+01 1.153063640000000056e+01 4.890507759999999315e+00 1.259176743999999903e+00 2.346189800000000325e-01 2.379484319999999986e+00 -1.169586000000000020e-03
-2.431959600000000332e+00 -1.397109600000000063e+00 -5.153976000000000113e-01 -7.957863999999998939e-01 -1.196876399999999979e-01 6.916152000000000410e-02 -1.754379199999999903e-02 -1.169586000000000020e-03 3.984390399999999943e-02
