2.895238700288255932e+05 1.548805800358870474e+05 1.021577830046690651e+05 6.097425815032465471e+04 3.421688498078320117e+04 1.890659467080013565e+04 8.282273975168420293e+03 3.012942508007116885e+03 8.472996943291936986e+02 1.744181766819227164e+02 6.959193599637546690e+00 8.745012487480388064e-01
1.548805800358870474e+05 1.311996348232378368e+05 6.651135475385673635e+04 4.008986417835700558e+04 2.255735670164023395e+04 1.236996847157886623e+04 5.450202299282187596e+03 2.002573043623523972e+03 6.062596450730732158e+02 1.173777094116750561e+02 6.701869277783724321e+00 -7.111345669817464854e-01
1.021577830046690651e+05 6.651135475385673635e+04 5.899821489447425120e+04 2.631038701213824606e+04 1.471446992763286107e+04 8.150703400125648841e+03 3.772931364734198723e+03 1.276706481410930110e+03 4.207626256651752783e+02 8.089869443540705163e+01 3.834788124465994485e+00 1.778809548637607096e-01
6.097425815032465471e+04 4.008986417835700558e+04 2.631038701213824606e+04 2.477980276131882783e+04 9.128461509242388274e+03 5.063091042107779685e+03 2.283227742407822006e+03 8.318056810865020907e+02 2.396009650332862861e+02 5.643161411656232929e+01 2.467426014486290509e+00 -6.719793885896274688e-01
3.421688498078320117e+04 2.255735670164023395e+04 1.471446992763286107e+04 9.128461509242388274e+03 9.306736101807511659e+03 2.892683274810655348e+03 1.244045620479192166e+03 4.518284539989814448e+02 1.451401240974631719e+02 2.136406973697311429e+01 3.253501515599669602e+00 3.418811356705357407e-01
1.890659467080013565e+04 1.236996847157886623e+04 8.150703400125648841e+03 5.063091042107779685e+03 2.892683274810655348e+03 3.375339225532718501e+03 7.208704675624799165e+02 2.741248271959040039e+02 9.299844857335108372e+01 2.016909071172994317e+01 7.225907669002806788e-01 3.794753062153601031e-02
8.282273975168420293e+03 5.450202299282187596e+03 3.772931364734198723e+03 2.283227742407822006e+03 1.244045620479192166e+03 7.208704675624799165e+02 1.062495031237365538e+03 1.264606469536410742e+02 3.355503301453741472e+01 9.922960209507516893e+00 -2.774192443991051471e-01 2.532460065077585254e-02
3.012942508007116885e+03 2.002573043623523972e+03 1.276706481410930110e+03 8.318056810865020907e+02 4.518284539989814448e+02 2.741248271959040039e+02 1.264606469536410742e+02 2.646555781258169873e+02 1.714853175413348296e+01 2.954289598425622110e+00 4.816013932920853446e-01 7.764842015182213397e-02
8.472996943291936986e+02 6.062596450730732158e+02 4.207626256651752783e+02 2.396009650332862861e+02 1.451401240974631719e+02 9.299844857335108372e+01 3.355503301453741472e+01 1.714853175413348296e+01 5.879265288321623473e+01 1.105114990952668519e+00 2.301142752713918882e-01 3.864766675294047799e-02
1.744181766819227164e+02 1.173777094116750561e+02 8.089869443540705163e+01 5.643161411656232929e+01 2.136406973697311429e+01 2.016909071172994317e+01 9.922960209507516893e+00 2.954289598425622110e+00 1.105114990952668519e+00 9.281815864845563979e+00 1.020199720692111954e-03 -6.596204643922411529e-03
6.959193599637546690e+00 6.701869277783724321e+00 3.834788124465994485e+00 2.467426014486290509e+00 3.253501515599669602e+00 7.225907669002806788e-01 -2.774192443991051471e-01 4.816013932920853446e-01 2.301142752713918882e-01 1.020199720692111954e-03 8.750077211881182038e-01 -4.710466061413632602e-04
8.745012487480388064e-01 -7.111345669817464854e-01 1.778809548637607096e-01 -6.719793885896274688e-01 3.418811356705357407e-01 3.794753062153601031e-02 2.532460065077585254e-02 7.764842015182213397e-02 3.864766675294047799e-02 -6.596204643922411529e-03 -4.710466061413632602e-04 8.006576988172089959e-02
