2.566502700354931003e+05 1.348351188635818835e+05 8.564624542409805872e+04 4.889208780438992835e+04 2.655863006972126459e+04 1.310100222524340825e+04 5.336452974331132282e+03 1.747849604577308810e+03 4.053744335035722770e+02 6.258954533545342258e+01 6.480598296678434789e-01
1.348351188635818835e+05 1.112719362935979443e+05 5.438704294617408596e+04 3.153772206758898028e+04 1.704745415922475513e+04 8.310957267347685047e+03 3.557243140285396748e+03 1.173463050361941441e+03 2.740058683657648544e+02 3.958982384555017120e+01 3.603088292447421459e+00
8.564624542409805872e+04 5.438704294617408596e+04 4.756406698070643324e+04 2.044206901016607299e+04 1.116110265180068745e+04 5.395575129274237952e+03 2.276319312746252308e+03 7.164468765347294266e+02 1.738318382474322163e+02 2.905102041341586272e+01 6.139233100057628345e-01
4.889208780438992835e+04 3.153772206758898028e+04 2.044206901016607299e+04 1.857705873204797535e+04 6.636905124245831757e+03 3.137961967662414281e+03 1.303023968090865992e+03 4.180754755961409614e+02 1.020893377536958440e+02 1.154201712971400084e+01 6.617622750240810259e-01
2.655863006972126459e+04 1.704745415922475513e+04 1.116110265180068745e+04 6.636905124245831757e+03 6.786406450989573386e+03 1.769644052221545280e+03 7.321608242978575163e+02 2.577147266738237477e+02 5.804191716430691628e+01 9.112285573301722508e+00 1.099372756524055195e+00
1.310100222524340825e+04 8.310957267347685047e+03 5.395575129274237952e+03 3.137961967662414281e+03 1.769644052221545280e+03 2.135427046703463020e+03 3.805083975868477069e+02 1.410593244822377414e+02 2.847959511042211744e+01 5.627080672336844280e+00 3.812205129473428822e-01
5.336452974331132282e+03 3.557243140285396748e+03 2.276319312746252308e+03 1.303023968090865992e+03 7.321608242978575163e+02 3.805083975868477069e+02 6.196361804063828913e+02 4.888050642126008682e+01 1.413054833549612432e+01 3.096989187798921961e+00 -3.547947937464627360e-02
1.747849604577308810e+03 1.173463050361941441e+03 7.164468765347294266e+02 4.180754755961409614e+02 2.577147266738237477e+02 1.410593244822377414e+02 4.888050642126008682e+01 1.441486997395048775e+02 6.410654519227779069e+00 7.837740429009099064e-02 2.945351992148155240e-01
4.053744335035722770e+02 2.740058683657648544e+02 1.738318382474322163e+02 1.020893377536958440e+02 5.804191716430691628e+01 2.847959511042211744e+01 1.413054833549612432e+01 6.410654519227779069e+00 2.484618849776291682e+01 2.580752389766415300e-01 6.465857997906440668e-02
6.258954533545342258e+01 3.958982384555017120e+01 2.905102041341586272e+01 1.154201712971400084e+01 9.112285573301722508e+00 5.627080672336844280e+00 3.096989187798921961e+00 7.837740429009099064e-02 2.580752389766415300e-01 3.709396988824815278e+00 2.591665159632468990e-02
6.480598296678434789e-01 3.603088292447421459e+00 6.139233100057628345e-01 6.617622750240810259e-01 1.099372756524055195e+00 3.812205129473428822e-01 -3.547947937464627360e-02 2.945351992148155240e-01 6.465857997906440668e-02 2.591665159632468990e-02 3.999845210689507158e-01
