6.239143200000000652e+05 3.327277199999999721e+05 1.908151879999999946e+05 1.022895120000000024e+05 5.152528399999999965e+04 2.057997000000000116e+04 5.409302399999999579e+03 9.856416000000000395e+02 7.472821319999999901e+01 -1.968803599999999987e+00
3.327277199999999721e+05 2.515381199999999953e+05 1.189033880000000063e+05 6.444665999999999622e+04 3.211537999999999738e+04 1.277916760000000068e+04 3.384741199999999480e+03 5.965761200000000599e+02 5.703440240000000472e+01 -9.279496000000000411e-01
1.908151879999999946e+05 1.189033880000000063e+05 8.830695200000000477e+04 3.680697600000000239e+04 1.876056639999999970e+04 7.318849599999999555e+03 1.913668599999999969e+03 3.616034399999999778e+02 2.559662720000000036e+01 -6.572295999999999694e-01
1.022895120000000024e+05 6.444665999999999622e+04 3.680697600000000239e+04 2.875084400000000096e+04 1.030796759999999995e+04 4.004131199999999808e+03 1.078979759999999942e+03 1.948941560000000095e+02 1.814971759999999890e+01 6.258063999999999849e-01
5.152528399999999965e+04 3.211537999999999738e+04 1.876056639999999970e+04 1.030796759999999995e+04 8.958743200000000797e+03 2.115501560000000154e+03 5.672593600000000151e+02 1.019310759999999902e+02 6.840519879999999553e+00 -3.405055200000000060e-01
2.057997000000000116e+04 1.277916760000000068e+04 7.318849599999999555e+03 4.004131199999999808e+03 2.115501560000000154e+03 1.972451120000000174e+03 2.270824920000000020e+02 4.369519600000000281e+01 2.994842520000000174e+00 -2.712660399999999861e-01
5.409302399999999579e+03 3.384741199999999480e+03 1.913668599999999969e+03 1.078979759999999942e+03 5.672593600000000151e+02 2.270824920000000020e+02 3.057252399999999852e+02 1.115699480000000143e+01 3.814409999999999190e-01 3.142288399999999815e-02
9.856416000000000395e+02 5.965761200000000599e+02 3.616034399999999778e+02 1.948941560000000095e+02 1.019310759999999902e+02 4.369519600000000281e+01 1.115699480000000143e+01 3.117999599999999916e+01 2.986343784000000112e-01 -1.138397199999999915e-02
7.472821319999999901e+01 5.703440240000000472e+01 2.559662720000000036e+01 1.814971759999999890e+01 6.840519879999999553e+00 2.994842520000000174e+00 3.814409999999999190e-01 2.986343784000000112e-01 1.653950760000000075e+00 -7.017516000000000118e-04
-1.968803599999999987e+00 -9.279496000000000411e-01 -6.572295999999999694e-01 6.258063999999999849e-01 -3.405055200000000060e-01 -2.712660399999999861e-01 3.142288399999999815e-02 -1.138397199999999915e-02 -7.017516000000000118e-04 3.984390399999999943e-02
