3.221987026197336490e+03 4.814905293665767090e+02 1.345244221192473333e+02 2.389742341795849256e+01 4.179589080438914195e+00 5.474672656276189375e-01
4.814905293665767090e+02 6.501514130919482568e+02 4.630609349291565735e+01 6.611613042833949905e+00 1.241229012374190255e+00 3.517602793672173437e-03
1.345244221192473333e+02 4.630609349291565735e+01 1.184090187474549367e+02 1.925020756020273449e+00 -2.815899215160189151e-01 3.342291866594311600e-02
2.389742341795849256e+01 6.611613042833949905e+00 1.925020756020273449e+00 1.969551531847103121e+01 2.833181565840778293e-01 -1.427875371740266498e-02
4.179589080438914195e+00 1.241229012374190255e+00 -2.815899215160189151e-01 2.833181565840778293e-01 2.839747921385574525e+00 -3.007643481355873945e-03
5.474672656276189375e-01 3.517602793672173437e-03 3.342291866594311600e-02 -1.427875371740266498e-02 -3.007643481355873945e-03 8.063022369174591142e-02
