2.240971060321042896e+05 1.147585319809830253e+05 6.897356045430501399e+04 3.777141978432783799e+04 1.917250133858061963e+04 8.784185273071660049e+03 3.221470004728818822e+03 9.935490337987621388e+02 1.714671745988237035e+02 8.376381120006445968e+00 1.576364492632655323e-01
1.147585319809830253e+05 9.388958828518136579e+04 4.334002542250392435e+04 2.415627729014798024e+04 1.237002392836347281e+04 5.806486600697550784e+03 2.008762142096111347e+03 5.770604138591331775e+02 1.223818982105562583e+02 3.433380678472413017e+00 -1.382994752305295449e+00
6.897356045430501399e+04 4.334002542250392435e+04 3.724546350373803580e+04 1.462735297594575059e+04 7.579991708654864851e+03 3.400008373823641250e+03 1.245168810082759137e+03 3.670125350542387537e+02 7.235231106274906665e+01 5.408688314721124435e+00 -6.921415463496615184e-01
3.777141978432783799e+04 2.415627729014798024e+04 1.462735297594575059e+04 1.365947990877667326e+04 4.241319106446869228e+03 1.958773262334815172e+03 7.186654715640436280e+02 2.138371586306378163e+02 3.460387721870697675e+01 3.580423088998993197e+00 -1.678627528442367400e-01
1.917250133858061963e+04 1.237002392836347281e+04 7.579991708654864851e+03 4.241319106446869228e+03 4.569272262998210863e+03 9.869089908881854853e+02 3.763200375962683779e+02 1.302743889119704761e+02 2.184217076526240930e+01 1.706390520173977965e+00 -1.768817363696554013e-01
8.784185273071660049e+03 5.806486600697550784e+03 3.400008373823641250e+03 1.958773262334815172e+03 9.869089908881854853e+02 1.381968416140071440e+03 2.069842531617320560e+02 5.276442911446044093e+01 1.001114998011673052e+01 1.832462829204124288e+00 -1.398432827597238803e-01
3.221470004728818822e+03 2.008762142096111347e+03 1.245168810082759137e+03 7.186654715640436280e+02 3.763200375962683779e+02 2.069842531617320560e+02 3.546439554189885826e+02 1.965245600873943133e+01 4.197450586810515638e+00 1.620744190988702427e-01 9.801029874663853836e-02
9.935490337987621388e+02 5.770604138591331775e+02 3.670125350542387537e+02 2.138371586306378163e+02 1.302743889119704761e+02 5.276442911446044093e+01 1.965245600873943133e+01 7.089148871989560519e+01 1.602425636571479739e+00 5.589811865445393213e-02 9.558130304846543246e-02
1.714671745988237035e+02 1.223818982105562583e+02 7.235231106274906665e+01 3.460387721870697675e+01 2.184217076526240930e+01 1.001114998011673052e+01 4.197450586810515638e+00 1.602425636571479739e+00 1.142337420280404103e+01 -7.379139156622246953e-02 -3.849577587212128608e-03
8.376381120006445968e+00 3.433380678472413017e+00 5.408688314721124435e+00 3.580423088998993197e+00 1.706390520173977965e+00 1.832462829204124288e+00 1.620744190988702427e-01 5.589811865445393213e-02 -7.379139156622246953e-02 1.468788471034508269e+00 -6.282981133081654837e-04
1.576364492632655323e-01 -1.382994752305295449e+00 -6.921415463496615184e-01 -1.678627528442367400e-01 -1.768817363696554013e-01 -1.398432827597238803e-01 9.801029874663853836e-02 9.558130304846543246e-02 -3.849577587212128608e-03 -6.282981133081654837e-04 4.012206376293302179e-02
