5.649826800000000512e+05 2.897791599999999744e+05 1.650667200000000012e+05 8.590154399999997986e+04 4.121242000000000553e+04 1.603552479999999741e+04 4.193523599999999533e+03 5.845325200000000905e+02 2.758788840000000064e+01 0.000000000000000000e+00
2.897791599999999744e+05 2.007199160000000265e+05 9.584248399999999674e+04 4.983308799999999610e+04 2.361029199999999764e+04 9.358076799999998912e+03 2.391940439999999853e+03 3.419712400000000230e+02 1.450614560000000175e+01 0.000000000000000000e+00
1.650667200000000012e+05 9.584248399999999674e+04 7.117420399999999790e+04 2.888449200000000201e+04 1.372293999999999687e+04 5.289947600000000421e+03 1.395700639999999794e+03 1.889641760000000090e+02 8.291898159999998796e+00 0.000000000000000000e+00
8.590154399999997986e+04 4.983308799999999610e+04 2.888449200000000201e+04 2.229831239999999889e+04 7.231921599999998762e+03 2.860917199999999866e+03 7.048794000000000324e+02 8.486034399999999778e+01 3.327317199999999975e+00 0.000000000000000000e+00
4.121242000000000553e+04 2.361029199999999764e+04 1.372293999999999687e+04 7.231921599999998762e+03 6.192625599999999395e+03 1.434436680000000024e+03 3.308026799999999525e+02 5.433538400000000479e+01 2.623927800000000143e+00 0.000000000000000000e+00
1.603552479999999741e+04 9.358076799999998912e+03 5.289947600000000421e+03 2.860917199999999866e+03 1.434436680000000024e+03 1.339942960000000085e+03 1.525515440000000069e+02 2.115219559999999888e+01 1.050990180000000107e+00 0.000000000000000000e+00
4.193523599999999533e+03 2.391940439999999853e+03 1.395700639999999794e+03 7.048794000000000324e+02 3.308026799999999525e+02 1.525515440000000069e+02 1.916282799999999895e+02 6.997634399999999033e+00 3.506419159999999979e-01 0.000000000000000000e+00
5.845325200000000905e+02 3.419712400000000230e+02 1.889641760000000090e+02 8.486034399999999778e+01 5.433538400000000479e+01 2.115219559999999888e+01 6.997634399999999033e+00 1.684094959999999830e+01 1.827673159999999852e-01 0.000000000000000000e+00
2.758788840000000064e+01 1.450614560000000175e+01 8.291898159999998796e+00 3.327317199999999975e+00 2.623927800000000143e+00 1.050990180000000107e+00 3.506419159999999979e-01 1.827673159999999852e-01 9.078328239999998717e-01 0.000000000000000000e+00
0.000000000000000000e+00 0.000000000000000000e+00 0.000000000000000000e+00 0.000000000000000000e+00 0.000000000000000000e+00 0.000000000000000000e+00 0.000000000000000000e+00 0.000000000000000000e+00 0.000000000000000000e+00 0.000000000000000000e+00
