5.353858399999999674e+05 2.695752800000000279e+05 1.502794239999999991e+05 7.395808000000000175e+04 3.280985599999999977e+04 1.125365799999999763e+04 2.315669519999999920e+03 2.711955519999999638e+02 2.775716399999999950e+01 0.000000000000000000e+00
2.695752800000000279e+05 1.829882639999999956e+05 8.653209200000000419e+04 4.217677200000000448e+04 1.844579279999999926e+04 6.442122800000000097e+03 1.276535919999999805e+03 1.665037520000000200e+02 1.147075520000000104e+01 0.000000000000000000e+00
1.502794239999999991e+05 8.653209200000000419e+04 6.272214800000000832e+04 2.397247599999999511e+04 1.056867760000000089e+04 3.610876400000000103e+03 7.502479200000000219e+02 7.842504399999999976e+01 7.173851599999998996e+00 0.000000000000000000e+00
7.395808000000000175e+04 4.217677200000000448e+04 2.397247599999999511e+04 1.769462399999999980e+04 5.302493199999999888e+03 1.827452480000000151e+03 3.885555999999999699e+02 4.443725599999999787e+01 4.518267040000000456e+00 0.000000000000000000e+00
3.280985599999999977e+04 1.844579279999999926e+04 1.056867760000000089e+04 5.302493199999999888e+03 4.427410400000000664e+03 8.478307600000000548e+02 1.574501480000000129e+02 2.369644000000000261e+01 2.281238919999999837e+00 0.000000000000000000e+00
1.125365799999999763e+04 6.442122800000000097e+03 3.610876400000000103e+03 1.827452480000000151e+03 8.478307600000000548e+02 8.145659999999999172e+02 6.714749999999999375e+01 9.225072400000000172e+00 6.739154399999999212e-01 0.000000000000000000e+00
2.315669519999999920e+03 1.276535919999999805e+03 7.502479200000000219e+02 3.885555999999999699e+02 1.574501480000000129e+02 6.714749999999999375e+01 9.542786400000001379e+01 2.484747040000000240e+00 -7.781648799999998922e-02 0.000000000000000000e+00
2.711955519999999638e+02 1.665037520000000200e+02 7.842504399999999976e+01 4.443725599999999787e+01 2.369644000000000261e+01 9.225072400000000172e+00 2.484747040000000240e+00 7.516540400000001121e+00 4.857681119999999325e-02 0.000000000000000000e+00
2.775716399999999950e+01 1.147075520000000104e+01 7.173851599999998996e+00 4.518267040000000456e+00 2.281238919999999837e+00 6.739154399999999212e-01 -7.781648799999998922e-02 4.857681119999999325e-02 4.762555280000000946e-01 0.000000000000000000e+00
0.000000000000000000e+00 0.000000000000000000e+00 0.000000000000000000e+00 0.000000000000000000e+00 0.000000000000000000e+00 0.000000000000000000e+00 0.000000000000000000e+00 0.000000000000000000e+00 0.000000000000000000e+00 0.000000000000000000e+00
