5.856494000000000233e+05 3.079030800000000163e+05 1.825820080000000016e+05 1.034553279999999941e+05 5.426905600000000413e+04 2.403482400000000052e+04 9.106225599999999758e+03 1.763176199999999881e+03 1.587315439999999853e+02 1.303020639999999730e+01
3.079030800000000163e+05 2.212553200000000070e+05 1.091985000000000000e+05 6.153019999999998981e+04 3.218484000000000015e+04 1.420033679999999913e+04 5.427132800000000316e+03 1.045346639999999979e+03 1.248405400000000043e+02 3.424470400000000136e+00
1.825820080000000016e+05 1.091985000000000000e+05 8.411910000000000582e+04 3.707403599999999278e+04 1.941316999999999825e+04 8.534842000000000553e+03 3.210238800000000083e+03 5.797050400000000536e+02 5.214374000000000109e+01 3.316712800000000350e+00
1.034553279999999941e+05 6.153019999999998981e+04 3.707403599999999278e+04 2.970454000000000087e+04 1.115432320000000072e+04 4.894020000000000437e+03 1.821351640000000089e+03 3.304658400000000142e+02 3.071621999999999986e+01 4.506799999999998307e-02
5.426905600000000413e+04 3.218484000000000015e+04 1.941316999999999825e+04 1.115432320000000072e+04 9.495816399999999703e+03 2.640954400000000078e+03 9.897198399999998628e+02 1.755664920000000109e+02 2.089933399999999963e+01 1.670169159999999708e+00
2.403482400000000052e+04 1.420033679999999913e+04 8.534842000000000553e+03 4.894020000000000437e+03 2.640954400000000078e+03 2.467677599999999984e+03 4.647230799999999817e+02 8.509199599999999464e+01 5.637639199999999740e+00 3.720843600000000584e-01
9.106225599999999758e+03 5.427132800000000316e+03 3.210238800000000083e+03 1.821351640000000089e+03 9.897198399999998628e+02 4.647230799999999817e+02 5.109990000000000236e+02 3.488220399999999444e+01 4.564661035999999505e+00 2.509152319999999881e-01
1.763176199999999881e+03 1.045346639999999979e+03 5.797050400000000536e+02 3.304658400000000142e+02 1.755664920000000109e+02 8.509199599999999464e+01 3.488220399999999444e+01 6.177808800000000389e+01 9.313804400000000872e-01 1.555549720000000136e-01
1.587315439999999853e+02 1.248405400000000043e+02 5.214374000000000109e+01 3.071621999999999986e+01 2.089933399999999963e+01 5.637639199999999740e+00 4.564661035999999505e+00 9.313804400000000872e-01 4.241933599999999416e+00 -9.902498399999999298e-03
1.303020639999999730e+01 3.424470400000000136e+00 3.316712800000000350e+00 4.506799999999998307e-02 1.670169159999999708e+00 3.720843600000000584e-01 2.509152319999999881e-01 1.555549720000000136e-01 -9.902498399999999298e-03 2.385955919999999952e-01
