1.667906460904889274e+06 9.135900979486764409e+05 5.757632633822011994e+05 3.628775360596508253e+05 2.027347223066481529e+05 1.015518108575658698e+05 4.970090620233833033e+04 2.103437988383651827e+04 4.647416283782577011e+03 1.218284158586739295e+03 2.290225019546462590e+02
9.135900979486764409e+05 7.324002898172535934e+05 3.761151791709784302e+05 2.340529821068783058e+05 1.261363702511439478e+05 6.811741380528139416e+04 2.997845193727364313e+04 1.269310649624377766e+04 2.921142687966651465e+03 6.002682734823506507e+02 7.254880740463012501e+01
5.757632633822011994e+05 3.761151791709784302e+05 3.154635465372963808e+05 1.482305435544055945e+05 8.446547489318171574e+04 4.161986530914861214e+04 2.025196950148728138e+04 8.346558692967573734e+03 1.791923778358819845e+03 5.925924358453141849e+02 1.097054254372921918e+02
3.628775360596508253e+05 2.340529821068783058e+05 1.482305435544055945e+05 1.355234885994530341e+05 5.596050775056256680e+04 2.651848505676935747e+04 1.240504353827685554e+04 5.515960676077519565e+03 1.323783684219097040e+03 2.224776260688512650e+02 4.272279449155032438e+01
2.027347223066481529e+05 1.261363702511439478e+05 8.446547489318171574e+04 5.596050775056256680e+04 5.003740794159287179e+04 1.539706469386561184e+04 7.058630242876766715e+03 3.311418597061246601e+03 7.363769880204688434e+02 1.629028417273023308e+02 3.204544735309114145e+01
1.015518108575658698e+05 6.811741380528139416e+04 4.161986530914861214e+04 2.651848505676935747e+04 1.539706469386561184e+04 1.706502499540128701e+04 3.927697731555873816e+03 1.597798628466253604e+03 2.842403443935917267e+02 7.637601623613564072e+01 -3.709207192597245406e+00
4.970090620233833033e+04 2.997845193727364313e+04 2.025196950148728138e+04 1.240504353827685554e+04 7.058630242876766715e+03 3.927697731555873816e+03 5.043365947617182428e+03 7.526134514344785202e+02 2.205839662838502591e+02 8.133400210290263033e+01 -1.345015323216909531e+00
2.103437988383651827e+04 1.269310649624377766e+04 8.346558692967573734e+03 5.515960676077519565e+03 3.311418597061246601e+03 1.597798628466253604e+03 7.526134514344785202e+02 1.411640622996887487e+03 9.332746487890484843e+01 3.878926918195036677e+01 5.102152534092105007e+00
4.647416283782577011e+03 2.921142687966651465e+03 1.791923778358819845e+03 1.323783684219097040e+03 7.363769880204688434e+02 2.842403443935917267e+02 2.205839662838502591e+02 9.332746487890484843e+01 2.420319611541681866e+02 1.019896808811457412e+01 -9.251186111154209302e-01
1.218284158586739295e+03 6.002682734823506507e+02 5.925924358453141849e+02 2.224776260688512650e+02 1.629028417273023308e+02 7.637601623613564072e+01 8.133400210290263033e+01 3.878926918195036677e+01 1.019896808811457412e+01 4.136045482124576722e+01 2.490455897223156967e+00
2.290225019546462590e+02 7.254880740463012501e+01 1.097054254372921918e+02 4.272279449155032438e+01 3.204544735309114145e+01 -3.709207192597245406e+00 -1.345015323216909531e+00 5.102152534092105007e+00 -9.251186111154209302e-01 2.490455897223156967e+00 5.969475237978834947e+00
