1.793568894622219494e+06 1.033997031749665737e+06 6.764334295030659996e+05 4.279706207364283619e+05 2.481792819687649899e+05 1.421084646664397442e+05 6.936064577144183568e+04 3.017924449208200895e+04 1.055956279653811544e+04 2.709825708778032094e+03 3.797656482068435366e+02
1.033997031749665737e+06 8.417586604750015540e+05 4.592185964645438362e+05 2.807942028104502242e+05 1.604138742976173235e+05 9.324995482582844852e+04 4.672909194396142993e+04 1.921305985018510182e+04 6.116535412925100900e+03 1.722777031960150907e+03 1.650464839704948190e+02
6.764334295030659996e+05 4.592185964645438362e+05 3.809638487569715944e+05 1.874588053224043979e+05 1.071184558929874038e+05 6.359528682513542299e+04 3.094069640597990292e+04 1.310827394506253404e+04 4.585455172804062386e+03 1.218449272952706679e+03 1.613697263709144067e+02
4.279706207364283619e+05 2.807942028104502242e+05 1.874588053224043979e+05 1.654345770952909079e+05 6.821582860860392975e+04 4.034585961276356102e+04 2.004684765711159343e+04 7.333695660596014932e+03 3.175221956111815416e+03 6.586658307510381292e+02 1.402326857079613376e+02
2.481792819687649899e+05 1.604138742976173235e+05 1.071184558929874038e+05 6.821582860860392975e+04 6.467267212705741986e+04 2.393204177016958420e+04 1.039623189283005922e+04 4.278574552488827067e+03 1.930871302359651054e+03 3.221852006586298103e+02 3.308828665373477662e+01
1.421084646664397442e+05 9.324995482582844852e+04 6.359528682513542299e+04 4.034585961276356102e+04 2.393204177016958420e+04 2.536457478535091286e+04 6.830722613477913910e+03 3.163449339957166103e+03 1.030030944830168437e+03 2.723245197827622519e+02 3.877243499006362981e+01
6.936064577144183568e+04 4.672909194396142993e+04 3.094069640597990292e+04 2.004684765711159343e+04 1.039623189283005922e+04 6.830722613477913910e+03 8.419106288594248326e+03 1.209877636916653273e+03 4.882333328771032370e+02 1.525964141167731896e+02 2.513908113321006610e+01
3.017924449208200895e+04 1.921305985018510182e+04 1.310827394506253404e+04 7.333695660596014932e+03 4.278574552488827067e+03 3.163449339957166103e+03 1.209877636916653273e+03 2.475581876352318432e+03 2.136585773001581856e+02 1.150154076142540873e+02 5.231820564244299199e+00
1.055956279653811544e+04 6.116535412925100900e+03 4.585455172804062386e+03 3.175221956111815416e+03 1.930871302359651054e+03 1.030030944830168437e+03 4.882333328771032370e+02 2.136585773001581856e+02 4.839744243904739847e+02 2.509368730244148082e+01 6.007051540726128458e+00
2.709825708778032094e+03 1.722777031960150907e+03 1.218449272952706679e+03 6.586658307510381292e+02 3.221852006586298103e+02 2.723245197827622519e+02 1.525964141167731896e+02 1.150154076142540873e+02 2.509368730244148082e+01 1.077482257301132762e+02 4.429660968664111742e+00
3.797656482068435366e+02 1.650464839704948190e+02 1.613697263709144067e+02 1.402326857079613376e+02 3.308828665373477662e+01 3.877243499006362981e+01 2.513908113321006610e+01 5.231820564244299199e+00 6.007051540726128458e+00 4.429660968664111742e+00 1.380926726257901116e+01
