2.230151162425760645e+06 1.366308925555785652e+06 9.694717537339270348e+05 6.518862521280661458e+05 4.507312980401425157e+05 3.135908628259642865e+05 2.031985330575575936e+05 1.271045922555552679e+05 6.549187609887873987e+04 2.930247447302339788e+04 1.232350821334909961e+04 2.768239769034590154e+03 7.829702218195517389e+02
1.366308925555785652e+06 1.160905921880039619e+06 6.728776358745162142e+05 4.670824196612476371e+05 3.244811624801294529e+05 2.163652062240915548e+05 1.363456900771809451e+05 8.704018765150244872e+04 4.300615594107976358e+04 2.189613669080356340e+04 9.322789054549442881e+03 2.305627216653632331e+03 6.479527102925287636e+02
9.694717537339270348e+05 6.728776358745162142e+05 6.072981935564877931e+05 3.288777668266828405e+05 2.304922063512838795e+05 1.536522461295501853e+05 1.020206965871120628e+05 6.195975492235433194e+04 3.186613724281048053e+04 1.339039450276087518e+04 6.115368399193889672e+03 1.701324991697358428e+03 4.822241958246748936e+02
6.518862521280661458e+05 4.670824196612476371e+05 3.288777668266828405e+05 3.149012969780259882e+05 1.543880717871145753e+05 1.109306062614989787e+05 6.848408560366038000e+04 4.414334923971233366e+04 2.271292257812499156e+04 9.369816763944982085e+03 4.218552346064892845e+03 1.071630850509444599e+03 2.618230780090602821e+02
4.507312980401425157e+05 3.244811624801294529e+05 2.304922063512838795e+05 1.543880717871145753e+05 1.625778766473917349e+05 7.513107373435303452e+04 4.996992503255404154e+04 2.895609189482587317e+04 1.405916713936607266e+04 6.396688473214937403e+03 3.269853871223017450e+03 9.101273471449493400e+02 1.638447850623094268e+02
3.135908628259642865e+05 2.163652062240915548e+05 1.536522461295501853e+05 1.109306062614989787e+05 7.513107373435303452e+04 8.119673482424332178e+04 3.149345558820865699e+04 2.101281373224951676e+04 1.061115672082468518e+04 4.514287308727592972e+03 1.981053265702141061e+03 4.421402811660725547e+02 7.894843881665330798e+01
2.031985330575575936e+05 1.363456900771809451e+05 1.020206965871120628e+05 6.848408560366038000e+04 4.996992503255404154e+04 3.149345558820865699e+04 3.787279977139135008e+04 1.400513428300905616e+04 7.008258541324597900e+03 3.067088510391416094e+03 1.168315673139903993e+03 4.102036606651716397e+02 1.337603383797961953e+02
1.271045922555552679e+05 8.704018765150244872e+04 6.195975492235433194e+04 4.414334923971233366e+04 2.895609189482587317e+04 2.101281373224951676e+04 1.400513428300905616e+04 1.635515443085252446e+04 4.525814643333820641e+03 1.887953822957616694e+03 8.089187250480312059e+02 1.704220409643908170e+02 4.192503819165852974e+01
6.549187609887873987e+04 4.300615594107976358e+04 3.186613724281048053e+04 2.271292257812499156e+04 1.405916713936607266e+04 1.061115672082468518e+04 7.008258541324597900e+03 4.525814643333820641e+03 5.798319146316001934e+03 9.317585585634712970e+02 4.470631308442320346e+02 1.253524415303627109e+02 2.908856363543229406e+01
2.930247447302339788e+04 2.189613669080356340e+04 1.339039450276087518e+04 9.369816763944982085e+03 6.396688473214937403e+03 4.514287308727592972e+03 3.067088510391416094e+03 1.887953822957616694e+03 9.317585585634712970e+02 1.956322401764876759e+03 2.362500018036444089e+02 3.732245523380657914e+01 1.208614469396645141e+01
1.232350821334909961e+04 9.322789054549442881e+03 6.115368399193889672e+03 4.218552346064892845e+03 3.269853871223017450e+03 1.981053265702141061e+03 1.168315673139903993e+03 8.089187250480312059e+02 4.470631308442320346e+02 2.362500018036444089e+02 5.722740230401727786e+02 3.229411268760986076e+01 1.288794310782339458e+01
2.768239769034590154e+03 2.305627216653632331e+03 1.701324991697358428e+03 1.071630850509444599e+03 9.101273471449493400e+02 4.421402811660725547e+02 4.102036606651716397e+02 1.704220409643908170e+02 1.253524415303627109e+02 3.732245523380657914e+01 3.229411268760986076e+01 1.516905124704317984e+02 -6.042770293726716924e-01
7.829702218195517389e+02 6.479527102925287636e+02 4.822241958246748936e+02 2.618230780090602821e+02 1.638447850623094268e+02 7.894843881665330798e+01 1.337603383797961953e+02 4.192503819165852974e+01 2.908856363543229406e+01 1.208614469396645141e+01 1.288794310782339458e+01 -6.042770293726716924e-01 2.880587908419298770e+01
