3.436554976428357186e+05 1.424903150952925498e+05 6.295798634349240456e+04 2.633486189161447328e+04 7.876326699116131749e+03 2.370916410399689994e+03 7.968204778627306268e+02 1.032211733257732362e+02
1.424903150952925498e+05 1.127603662056989851e+05 3.476051001642720803e+04 1.604982676996533519e+04 4.668888002113761104e+03 1.324802769597192764e+03 3.184850548213190109e+02 5.660762634946856053e+00
6.295798634349240456e+04 3.476051001642720803e+04 2.977306244997367685e+04 6.882655994730695966e+03 2.040807870680547921e+03 5.170803727007639736e+02 1.234191351901940550e+02 3.148223237502832816e+01
2.633486189161447328e+04 1.604982676996533519e+04 6.882655994730695966e+03 7.976908666864245788e+03 8.312085814622837461e+02 2.217795428173359937e+02 7.776440807135951161e+01 2.766656071323597477e+00
7.876326699116131749e+03 4.668888002113761104e+03 2.040807870680547921e+03 8.312085814622837461e+02 1.718950279755308884e+03 1.412543610050494749e+02 2.614891946645421683e+01 -5.227430961125192788e+00
2.370916410399689994e+03 1.324802769597192764e+03 5.170803727007639736e+02 2.217795428173359937e+02 1.412543610050494749e+02 2.968772944343790527e+02 1.383524113342077122e+01 3.843122537060899013e-01
7.968204778627306268e+02 3.184850548213190109e+02 1.234191351901940550e+02 7.776440807135951161e+01 2.614891946645421683e+01 1.383524113342077122e+01 4.890961661451969889e+01 2.501951202699131738e+00
1.032211733257732362e+02 5.660762634946856053e+00 3.148223237502832816e+01 2.766656071323597477e+00 -5.227430961125192788e+00 3.843122537060899013e-01 2.501951202699131738e+00 6.978404647653769111e+00
