1.851129332378625870e+06 1.098277531228962354e+06 7.028728043168588774e+05 4.676867304889939260e+05 2.773601378058631672e+05 1.840564127741613775e+05 9.942919765166494471e+04 4.065869723231811804e+04 1.497502892528755910e+04 6.545351404138668840e+03 8.548241772970599186e+02 2.072070496053910915e+02
1.098277531228962354e+06 9.242302409076486947e+05 4.894292276148704113e+05 3.282463429291991051e+05 1.908066888837213628e+05 1.252876221521942061e+05 6.456891742908809101e+04 3.020353531121824926e+04 1.114413771393462594e+04 3.924149677736099420e+03 6.295897457501378085e+02 1.129250577318693018e+02
7.028728043168588774e+05 4.894292276148704113e+05 4.136962803911407245e+05 2.125534016797184013e+05 1.201497594755058090e+05 8.258524058961617993e+04 4.100736648527032230e+04 1.940798645838582161e+04 6.995828110339929481e+03 2.671672121353922648e+03 4.053827612486434759e+02 1.493562907617569238e+02
4.676867304889939260e+05 3.282463429291991051e+05 2.125534016797184013e+05 1.910231978584988101e+05 8.386645529085269663e+04 5.624893752705121733e+04 2.772029776234163364e+04 1.275278645532217342e+04 4.209152507841465194e+03 1.791530393955441923e+03 3.031753095308628758e+02 3.741162143221591663e+01
2.773601378058631672e+05 1.908066888837213628e+05 1.201497594755058090e+05 8.386645529085269663e+04 7.811003812026331434e+04 3.337629570965240418e+04 1.542528210293317534e+04 6.847542403713291606e+03 2.826546038043638873e+03 1.037690143649921993e+03 1.613013430555254217e+02 1.119995710800549382e+01
1.840564127741613775e+05 1.252876221521942061e+05 8.258524058961617993e+04 5.624893752705121733e+04 3.337629570965240418e+04 3.658538930227651144e+04 1.141752098069431304e+04 4.791499297260503226e+03 2.061835241133338968e+03 7.801460319162315500e+02 8.400752141727008393e+01 1.093329146257814344e+01
9.942919765166494471e+04 6.456891742908809101e+04 4.100736648527032230e+04 2.772029776234163364e+04 1.542528210293317534e+04 1.141752098069431304e+04 1.289450552042849449e+04 2.580454823625701010e+03 6.240485905001562514e+02 4.588100076209749432e+02 5.496057383358515835e+01 1.870581071610425994e+01
4.065869723231811804e+04 3.020353531121824926e+04 1.940798645838582161e+04 1.275278645532217342e+04 6.847542403713291606e+03 4.791499297260503226e+03 2.580454823625701010e+03 3.872626345640383079e+03 4.314924651789635845e+02 2.517598201599977870e+02 3.904690928726482468e+01 2.596068489320932926e+00
1.497502892528755910e+04 1.114413771393462594e+04 6.995828110339929481e+03 4.209152507841465194e+03 2.826546038043638873e+03 2.061835241133338968e+03 6.240485905001562514e+02 4.314924651789635845e+02 9.202709854817869655e+02 7.741931135373803841e+01 -5.254881836390863370e-01 3.811750108187383912e+00
6.545351404138668840e+03 3.924149677736099420e+03 2.671672121353922648e+03 1.791530393955441923e+03 1.037690143649921993e+03 7.801460319162315500e+02 4.588100076209749432e+02 2.517598201599977870e+02 7.741931135373803841e+01 2.540460859141930996e+02 7.317619034853569460e+00 1.725483588068365270e-01
8.548241772970599186e+02 6.295897457501378085e+02 4.053827612486434759e+02 3.031753095308628758e+02 1.613013430555254217e+02 8.400752141727008393e+01 5.496057383358515835e+01 3.904690928726482468e+01 -5.254881836390863370e-01 7.317619034853569460e+00 4.039984528245524587e+01 -2.352932165547772791e-01
2.072070496053910915e+02 1.129250577318693018e+02 1.493562907617569238e+02 3.741162143221591663e+01 1.119995710800549382e+01 1.093329146257814344e+01 1.870581071610425994e+01 2.596068489320932926e+00 3.811750108187383912e+00 1.725483588068365270e-01 -2.352932165547772791e-01 3.984298466994228516e+00
