2.251163245362351183e+06 1.379151226268924773e+06 9.781986740476791747e+05 6.573959997020438313e+05 4.542781314683309756e+05 3.158854301732167951e+05 2.045854520925013348e+05 1.279186997211875860e+05 6.588848458172939718e+04 2.947147271728075066e+04 1.239173957398001221e+04 2.783074730706079663e+03 7.870470077528634647e+02
1.379151226268924773e+06 1.171791402358080726e+06 6.789195268765946385e+05 4.710196792469438515e+05 3.270272183306051884e+05 2.179434965232951508e+05 1.372732418928881816e+05 8.759572453935591329e+04 4.326562770695814834e+04 2.202192777290340018e+04 9.374196924378435142e+03 2.317931251085038639e+03 6.513119311029947767e+02
9.781986740476791747e+05 6.789195268765946385e+05 6.125099108427468454e+05 3.315194177791325492e+05 2.322092851062279951e+05 1.547121172747151868e+05 1.026742846278959478e+05 6.233065734137539403e+04 3.204577145355247922e+04 1.346201703393185926e+04 6.146668122214125106e+03 1.709730532962989628e+03 4.845333179727273887e+02
6.573959997020438313e+05 4.710196792469438515e+05 3.315194177791325492e+05 3.172577433626857237e+05 1.554534642538536282e+05 1.116349360839171568e+05 6.888527361589463544e+04 4.438340545547540387e+04 2.282851463540043551e+04 9.414801907483659306e+03 4.237833675929169658e+03 1.076338608690939282e+03 2.629334849623650143e+02
4.542781314683309756e+05 3.270272183306051884e+05 2.322092851062279951e+05 1.554534642538536282e+05 1.636051569049583632e+05 7.556439633085325477e+04 5.023360014104155562e+04 2.909672887233054644e+04 1.412254957846506113e+04 6.423684011648078013e+03 3.282900272576654515e+03 9.135971902854660129e+02 1.644445469097840089e+02
3.158854301732167951e+05 2.179434965232951508e+05 1.547121172747151868e+05 1.116349360839171568e+05 7.556439633085325477e+04 8.162031507093155233e+04 3.164229697404655963e+04 2.110330675351976242e+04 1.065315689041245787e+04 4.530855845975908778e+03 1.987868163006413852e+03 4.435828575628352155e+02 7.919403660846384696e+01
2.045854520925013348e+05 1.372732418928881816e+05 1.026742846278959478e+05 6.888527361589463544e+04 5.023360014104155562e+04 3.164229697404655963e+04 3.803321890275696933e+04 1.405858344821762512e+04 7.032564011780967121e+03 3.076843045109933428e+03 1.171762548444508639e+03 4.113411782428037213e+02 1.341109618071112379e+02
1.279186997211875860e+05 8.759572453935591329e+04 6.233065734137539403e+04 4.438340545547540387e+04 2.909672887233054644e+04 2.110330675351976242e+04 1.405858344821762512e+04 1.641071675425010108e+04 4.539614314591827679e+03 1.893167394151761755e+03 8.109664983435251315e+02 1.708232706278707269e+02 4.201738304923490119e+01
6.588848458172939718e+04 4.326562770695814834e+04 3.204577145355247922e+04 2.282851463540043551e+04 1.412254957846506113e+04 1.065315689041245787e+04 7.032564011780967121e+03 4.539614314591827679e+03 5.813980921726588349e+03 9.340074318864961924e+02 4.480393650747967058e+02 1.256039684016701727e+02 2.914251997537599692e+01
2.947147271728075066e+04 2.202192777290340018e+04 1.346201703393185926e+04 9.414801907483659306e+03 6.423684011648078013e+03 4.530855845975908778e+03 3.076843045109933428e+03 1.893167394151761755e+03 9.340074318864961924e+02 1.960481841493465481e+03 2.366980026193751314e+02 3.738662175826492984e+01 1.210509132050016312e+01
1.239173957398001221e+04 9.374196924378435142e+03 6.146668122214125106e+03 4.237833675929169658e+03 3.282900272576654515e+03 1.987868163006413852e+03 1.171762548444508639e+03 8.109664983435251315e+02 4.480393650747967058e+02 2.366980026193751314e+02 5.732277175326162251e+02 3.234221437202736382e+01 1.290518598105569126e+01
2.783074730706079663e+03 2.317931251085038639e+03 1.709730532962989628e+03 1.076338608690939282e+03 9.135971902854660129e+02 4.435828575628352155e+02 4.113411782428037213e+02 1.708232706278707269e+02 1.256039684016701727e+02 3.738662175826492984e+01 3.234221437202736382e+01 1.518896073331565617e+02 -6.049785668379823456e-01
7.870470077528634647e+02 6.513119311029947767e+02 4.845333179727273887e+02 2.629334849623650143e+02 1.644445469097840089e+02 7.919403660846384696e+01 1.341109618071112379e+02 4.201738304923490119e+01 2.914251997537599692e+01 1.210509132050016312e+01 1.290518598105569126e+01 -6.049785668379823456e-01 2.883495639230045882e+01
