1.950493513117267983e+06 1.149380721805369481e+06 7.318927265993572073e+05 4.852023045528086950e+05 2.869624552740408690e+05 1.900436548119111976e+05 1.025093061443583429e+05 4.187176913746896025e+04 1.540896175241397577e+04 6.730908464595266196e+03 8.786659749608953689e+02 2.129175039182971148e+02
1.149380721805369481e+06 9.606740207863764372e+05 5.061796186932433047e+05 3.382297193128166255e+05 1.960734056721312518e+05 1.284856569156091427e+05 6.611757645661276183e+04 3.089368355110585981e+04 1.138927920069041284e+04 4.008024273013193124e+03 6.427598198290011169e+02 1.152500765649358243e+02
7.318927265993572073e+05 5.061796186932433047e+05 4.257113715830451110e+05 2.179208631407966604e+05 1.228476588876995665e+05 8.426899266419911874e+04 4.178055284174033295e+04 1.975200905012488147e+04 7.113900410905489480e+03 2.715106185272199127e+03 4.117894658434336748e+02 1.516677703873008625e+02
4.852023045528086950e+05 3.382297193128166255e+05 2.179208631407966604e+05 1.951254768277553376e+05 8.543373273766561761e+04 5.718429921688757895e+04 2.813891251790045135e+04 1.293102640315303142e+04 4.264424482804307445e+03 1.813948515557592145e+03 3.068321768412639017e+02 3.785065763929715388e+01
2.869624552740408690e+05 1.960734056721312518e+05 1.228476588876995665e+05 8.543373273766561761e+04 7.935260204713753774e+04 3.383871342193750752e+04 1.561549522022517522e+04 6.924299899969957551e+03 2.855847798622153732e+03 1.047807965906586105e+03 1.628014554694979665e+02 1.130046946555257925e+01
1.900436548119111976e+05 1.284856569156091427e+05 8.426899266419911874e+04 5.718429921688757895e+04 3.383871342193750752e+04 3.701730300789854664e+04 1.153495355319581540e+04 4.835417225489671182e+03 2.078999277256549703e+03 7.861606341952616503e+02 8.461743499337309515e+01 1.100911574757445521e+01
1.025093061443583429e+05 6.611757645661276183e+04 4.178055284174033295e+04 2.813891251790045135e+04 1.561549522022517522e+04 1.153495355319581540e+04 1.300755475690787716e+04 2.600193829100040148e+03 6.282980692913758958e+02 4.616525197216085417e+02 5.527641670411703245e+01 1.880723650807300373e+01
4.187176913746896025e+04 3.089368355110585981e+04 1.975200905012488147e+04 1.293102640315303142e+04 6.924299899969957551e+03 4.835417225489671182e+03 2.600193829100040148e+03 3.897925653358970067e+03 4.339493354368064502e+02 2.530388705688635582e+02 3.922778441252684445e+01 2.607252479235766529e+00
1.540896175241397577e+04 1.138927920069041284e+04 7.113900410905489480e+03 4.264424482804307445e+03 2.855847798622153732e+03 2.078999277256549703e+03 6.282980692913758958e+02 4.339493354368064502e+02 9.247394737225068866e+02 7.774777698134531079e+01 -5.274823429938232389e-01 3.824980452967548405e+00
6.730908464595266196e+03 4.008024273013193124e+03 2.715106185272199127e+03 1.813948515557592145e+03 1.047807965906586105e+03 7.861606341952616503e+02 4.616525197216085417e+02 2.530388705688635582e+02 7.774777698134531079e+01 2.549683033045229195e+02 7.340907930016905780e+00 1.730416474564480944e-01
8.786659749608953689e+02 6.427598198290011169e+02 4.117894658434336748e+02 3.068321768412639017e+02 1.628014554694979665e+02 8.461743499337309515e+01 5.527641670411703245e+01 3.922778441252684445e+01 -5.274823429938232389e-01 7.340907930016905780e+00 4.051034845775202342e+01 -2.358606606391574212e-01
2.129175039182971148e+02 1.152500765649358243e+02 1.516677703873008625e+02 3.785065763929715388e+01 1.130046946555257925e+01 1.100911574757445521e+01 1.880723650807300373e+01 2.607252479235766529e+00 3.824980452967548405e+00 1.730416474564480944e-01 -2.358606606391574212e-01 3.992618319792356818e+00
