2.092248013143817428e+06 1.231228554584200494e+06 8.264995750287972623e+05 5.520195149950212799e+05 3.343362808119776892e+05 2.194531169141420105e+05 1.344372959729495051e+05 6.223893693871072173e+04 2.460088635988532405e+04 9.762979416150656107e+03 2.949659373626782781e+03 5.493350066625092722e+02
1.231228554584200494e+06 1.035037461407852243e+06 5.748060337229386205e+05 3.814474543278727215e+05 2.310765805496745743e+05 1.505883628061366326e+05 9.056437132364373247e+04 4.229948154160186095e+04 1.646785257163634014e+04 7.043975510366598428e+03 2.183722411741226551e+03 2.457576708654044353e+02
8.264995750287972623e+05 5.748060337229386205e+05 4.976269026521350024e+05 2.614603740803451510e+05 1.617054694830914086e+05 1.066911312656013615e+05 6.196575656569242710e+04 3.091310780716876252e+04 1.081626542362307373e+04 4.180707459544389167e+03 1.429853795252100099e+03 2.098919647245578801e+02
5.520195149950212799e+05 3.814474543278727215e+05 2.614603740803451510e+05 2.285253956590903399e+05 1.046209033811323898e+05 7.018783411037559563e+04 4.192402586996325408e+04 1.880471383889778008e+04 7.157911842917493232e+03 2.773047001703226215e+03 9.936239555328094184e+02 1.000943649026457933e+02
3.343362808119776892e+05 2.310765805496745743e+05 1.617054694830914086e+05 1.046209033811323898e+05 1.012732123290999152e+05 4.409685457818186842e+04 2.436647013989825064e+04 1.145406948347908656e+04 4.656468881069133204e+03 1.370310987841597353e+03 7.774747015970597204e+02 9.682611424364223751e+01
2.194531169141420105e+05 1.505883628061366326e+05 1.066911312656013615e+05 7.018783411037559563e+04 4.409685457818186842e+04 4.743229787513308838e+04 1.610763959503010847e+04 8.177677871594150020e+03 3.128224249065552158e+03 1.398254250320687106e+03 3.697776120553322698e+02 4.589814627144295400e+01
1.344372959729495051e+05 9.056437132364373247e+04 6.196575656569242710e+04 4.192402586996325408e+04 2.436647013989825064e+04 1.610763959503010847e+04 1.887563656552402608e+04 5.264822088877623173e+03 1.683867262182374816e+03 7.842717038642429088e+02 1.757301680586737120e+02 1.770253581446554492e+01
6.223893693871072173e+04 4.229948154160186095e+04 3.091310780716876252e+04 1.880471383889778008e+04 1.145406948347908656e+04 8.177677871594150020e+03 5.264822088877623173e+03 5.991255640686530569e+03 7.915124175262839117e+02 4.049973473742239207e+02 1.253565562203843342e+02 1.952809392623865037e+01
2.460088635988532405e+04 1.646785257163634014e+04 1.081626542362307373e+04 7.157911842917493232e+03 4.656468881069133204e+03 3.128224249065552158e+03 1.683867262182374816e+03 7.915124175262839117e+02 1.706083092630388364e+03 1.586687626114995453e+02 4.567077061318612863e+01 7.740318830125890948e+00
9.762979416150656107e+03 7.043975510366598428e+03 4.180707459544389167e+03 2.773047001703226215e+03 1.370310987841597353e+03 1.398254250320687106e+03 7.842717038642429088e+02 4.049973473742239207e+02 1.586687626114995453e+02 4.771203936526771940e+02 2.630241090533624515e+01 5.887080818049524211e+00
2.949659373626782781e+03 2.183722411741226551e+03 1.429853795252100099e+03 9.936239555328094184e+02 7.774747015970597204e+02 3.697776120553322698e+02 1.757301680586737120e+02 1.253565562203843342e+02 4.567077061318612863e+01 2.630241090533624515e+01 1.008463385596479611e+02 3.085738827775628135e+00
5.493350066625092722e+02 2.457576708654044353e+02 2.098919647245578801e+02 1.000943649026457933e+02 9.682611424364223751e+01 4.589814627144295400e+01 1.770253581446554492e+01 1.952809392623865037e+01 7.740318830125890948e+00 5.887080818049524211e+00 3.085738827775628135e+00 1.082776784136005510e+01
