2.144821903715423308e+06 1.249905644662897103e+06 8.469075017329454422e+05 5.820786806423345115e+05 3.789742819918959867e+05 2.527598633890197671e+05 1.607574392561395944e+05 8.567170327932611690e+04 3.850924860122609243e+04 1.585626868769751673e+04 4.502429816062843202e+03 8.126557113370935213e+02 1.822894979722457265e+02
1.249905644662897103e+06 1.080362160622806288e+06 5.992910696267017629e+05 4.054140160308678169e+05 2.673744387927312055e+05 1.704125826723993523e+05 1.059425825115539483e+05 5.800997392013452190e+04 2.617501348416929613e+04 1.071397073387421551e+04 3.613001849717070854e+03 4.329983417648623458e+02 1.947169013598944787e+02
8.469075017329454422e+05 5.992910696267017629e+05 5.155519079660093994e+05 2.768033320950666093e+05 1.852857531642313406e+05 1.198237920963811193e+05 7.485499176243683905e+04 3.914526185178304877e+04 1.725872606186354460e+04 7.125117811282774710e+03 2.002502135025467624e+03 3.696299569931076121e+02 6.330956146767027093e+01
5.820786806423345115e+05 4.054140160308678169e+05 2.768033320950666093e+05 2.578220636103422439e+05 1.203598096514574281e+05 8.463975821170792915e+04 5.212718076293924241e+04 2.897410080384033063e+04 1.242063478617156943e+04 4.507539600415051609e+03 1.427308259389284558e+03 2.065129346165128936e+02 1.043721493100869964e+02
3.789742819918959867e+05 2.673744387927312055e+05 1.852857531642313406e+05 1.203598096514574281e+05 1.239169509307874832e+05 5.273857253916634363e+04 3.285990160883132194e+04 1.756572096460932516e+04 8.311838756744724378e+03 2.881716414995292325e+03 9.997118577211045931e+02 1.401857376465276843e+02 1.561758724882289684e+01
2.527598633890197671e+05 1.704125826723993523e+05 1.198237920963811193e+05 8.463975821170792915e+04 5.273857253916634363e+04 5.805859922411436855e+04 2.365839959252558765e+04 1.168339055074043790e+04 5.185168377878449064e+03 2.026237338245518458e+03 7.044502433737668525e+02 1.535033337035314389e+02 1.930384764151474997e+01
1.607574392561395944e+05 1.059425825115539483e+05 7.485499176243683905e+04 5.212718076293924241e+04 3.285990160883132194e+04 2.365839959252558765e+04 2.546141621700224641e+04 7.871938480627455647e+03 3.584888231892439762e+03 1.231575675644616467e+03 3.674770240616376213e+02 7.712519483304424739e+01 2.388226148031100671e+00
8.567170327932611690e+04 5.800997392013452190e+04 3.914526185178304877e+04 2.897410080384033063e+04 1.756572096460932516e+04 1.168339055074043790e+04 7.871938480627455647e+03 9.317234906422239874e+03 1.840777264180172324e+03 7.063345498829950202e+02 2.185246533216329112e+02 8.831338728022251061e+00 1.306661662600824414e+01
3.850924860122609243e+04 2.617501348416929613e+04 1.725872606186354460e+04 1.242063478617156943e+04 8.311838756744724378e+03 5.185168377878449064e+03 3.584888231892439762e+03 1.840777264180172324e+03 3.135854657419340128e+03 3.712338724193043049e+02 1.066937090467633453e+02 3.481947449649749160e+01 4.098023521662373270e+00
1.585626868769751673e+04 1.071397073387421551e+04 7.125117811282774710e+03 4.507539600415051609e+03 2.881716414995292325e+03 2.026237338245518458e+03 1.231575675644616467e+03 7.063345498829950202e+02 3.712338724193043049e+02 8.063322061420021782e+02 4.219787761229542866e+01 1.651954457895032036e+01 -2.549009846012206815e-02
4.502429816062843202e+03 3.613001849717070854e+03 2.002502135025467624e+03 1.427308259389284558e+03 9.997118577211045931e+02 7.044502433737668525e+02 3.674770240616376213e+02 2.185246533216329112e+02 1.066937090467633453e+02 4.219787761229542866e+01 1.950090571037947598e+02 8.609770949100223447e+00 -1.313720459097507676e-01
8.126557113370935213e+02 4.329983417648623458e+02 3.696299569931076121e+02 2.065129346165128936e+02 1.401857376465276843e+02 1.535033337035314389e+02 7.712519483304424739e+01 8.831338728022251061e+00 3.481947449649749160e+01 1.651954457895032036e+01 8.609770949100223447e+00 2.387245759628677888e+01 -1.470582603467358584e-01
1.822894979722457265e+02 1.947169013598944787e+02 6.330956146767027093e+01 1.043721493100869964e+02 1.561758724882289684e+01 1.930384764151474997e+01 2.388226148031100671e+00 1.306661662600824414e+01 4.098023521662373270e+00 -2.549009846012206815e-02 -1.313720459097507676e-01 -1.470582603467358584e-01 2.994106180659540151e+00
