1.932296530253375880e+06 1.138679079260087339e+06 7.253625794930155389e+05 4.811346688190095010e+05 2.847208423038608744e+05 1.886620773730444198e+05 1.018137099771196954e+05 4.160490744957763673e+04 1.531613006535036402e+04 6.692251604386346116e+03 8.738155568835713893e+02 2.117789047404123721e+02
1.138679079260087339e+06 9.517472891539917327e+05 5.016727821832837071e+05 3.354005196549926186e+05 1.945454337501616974e+05 1.275539924882142950e+05 6.567015847348250099e+04 3.069736600566634661e+04 1.132087714136149225e+04 3.985080403250512973e+03 6.392236764142804759e+02 1.146359207364075274e+02
7.253625794930155389e+05 5.016727821832837071e+05 4.220864585041969549e+05 2.161827610578103922e+05 1.219381261743765353e+05 8.369075636625234620e+04 4.151409773679319915e+04 1.963418946540350953e+04 7.073948631843379189e+03 2.700622286178597733e+03 4.096846080832099233e+02 1.509187106739087483e+02
4.811346688190095010e+05 3.354005196549926186e+05 2.161827610578103922e+05 1.936744392111902707e+05 8.484731333597248886e+04 5.682279271668283764e+04 2.797465964185006669e+04 1.286088281142765663e+04 4.242781139705674832e+03 1.805252959007119216e+03 3.054297926044475275e+02 3.768419950473951729e+01
2.847208423038608744e+05 1.945454337501616974e+05 1.219381261743765353e+05 8.484731333597248886e+04 7.885337186394202581e+04 3.364418382229357667e+04 1.553329704049292923e+04 6.890710994448156271e+03 2.842992036745658879e+03 1.043386440113996287e+03 1.621508250510051425e+02 1.125726097528817071e+01
1.886620773730444198e+05 1.275539924882142950e+05 8.369075636625234620e+04 5.682279271668283764e+04 3.364418382229357667e+04 3.682459563855978195e+04 1.148049975509576507e+04 4.814588534156595415e+03 2.070770557166290018e+03 7.832706328921187833e+02 8.432528039888295268e+01 1.097300921887424785e+01
1.018137099771196954e+05 6.567015847348250099e+04 4.151409773679319915e+04 2.797465964185006669e+04 1.553329704049292923e+04 1.148049975509576507e+04 1.295246230608726546e+04 2.590255938236498878e+03 6.261164281288198481e+02 4.601797370124469921e+02 5.511242875885671566e+01 1.875469574420687380e+01
4.160490744957763673e+04 3.069736600566634661e+04 1.963418946540350953e+04 1.286088281142765663e+04 6.890710994448156271e+03 4.814588534156595415e+03 2.590255938236498878e+03 3.884640078788747360e+03 4.326220808721194544e+02 2.523363415042567794e+02 3.912764671845553011e+01 2.601048238193144346e+00
1.531613006535036402e+04 1.132087714136149225e+04 7.073948631843379189e+03 4.242781139705674832e+03 2.842992036745658879e+03 2.070770557166290018e+03 6.261164281288198481e+02 4.326220808721194544e+02 9.222347231356749262e+02 7.755913574847576797e+01 -5.263205102895461840e-01 3.817217943635633048e+00
6.692251604386346116e+03 3.985080403250512973e+03 2.700622286178597733e+03 1.805252959007119216e+03 1.043386440113996287e+03 7.832706328921187833e+02 4.601797370124469921e+02 2.523363415042567794e+02 7.755913574847576797e+01 2.544216601614145077e+02 7.326812074365959937e+00 1.727393516305379961e-01
8.738155568835713893e+02 6.392236764142804759e+02 4.096846080832099233e+02 3.054297926044475275e+02 1.621508250510051425e+02 8.432528039888295268e+01 5.511242875885671566e+01 3.912764671845553011e+01 -5.263205102895461840e-01 7.326812074365959937e+00 4.044162904088552324e+01 -2.355014262650192147e-01
2.117789047404123721e+02 1.146359207364075274e+02 1.509187106739087483e+02 3.768419950473951729e+01 1.125726097528817071e+01 1.097300921887424785e+01 1.875469574420687380e+01 2.601048238193144346e+00 3.817217943635633048e+00 1.727393516305379961e-01 -2.355014262650192147e-01 3.987229142407098248e+00
