3.560789758085424546e+04 7.494001999888278988e+03 2.646603731698060983e+03 3.821256041719605605e+02 1.101621202036165812e+02 3.497470175146057869e+01
7.494001999888278988e+03 7.363952124969904617e+03 9.961437421829294863e+02 1.454093850533191699e+02 4.089116851056848390e+01 1.165754442820150949e+01
2.646603731698060983e+03 9.961437421829294863e+02 1.362793523074844870e+03 2.534789384595898554e+01 1.780838088765842642e+01 8.207634205353949497e+00
3.821256041719605605e+02 1.454093850533191699e+02 2.534789384595898554e+01 2.169798817296185689e+02 3.385332328103704658e+00 -4.200914102335464029e-01
1.101621202036165812e+02 4.089116851056848390e+01 1.780838088765842642e+01 3.385332328103704658e+00 2.976469297842482931e+01 6.683683737180557971e-01
3.497470175146057869e+01 1.165754442820150949e+01 8.207634205353949497e+00 -4.200914102335464029e-01 6.683683737180557971e-01 5.994964521347244890e+00
