1.413443055625561625e+06 7.572386196437949548e+05 4.600128147793512326e+05 2.845572827922895085e+05 1.542727366393312113e+05 7.380245461682775931e+04 3.047665583388651430e+04 1.061619071618123598e+04 1.415857322850240962e+03 3.478261189257212891e+02 7.362912979040936534e+01
7.572386196437949548e+05 6.049766615783919115e+05 2.898883211997571634e+05 1.804919558365857229e+05 9.798126594184394344e+04 4.618574469307683466e+04 2.023873425730000599e+04 6.169682254587107309e+03 9.840785842578270604e+02 2.692695570252903963e+02 8.729182256502872406e+01
4.600128147793512326e+05 2.898883211997571634e+05 2.441714178484250442e+05 1.080073275454743416e+05 6.090620988736773143e+04 2.898766937933074223e+04 1.337496838630400816e+04 4.169654619888708112e+03 6.301387632553221465e+02 1.298191106804881656e+02 6.132133378778262767e+01
2.845572827922895085e+05 1.804919558365857229e+05 1.080073275454743416e+05 1.050278566028936184e+05 3.979496524599901750e+04 1.831182006809334052e+04 8.072682809885944152e+03 2.593472420831820273e+03 3.809475607094425413e+02 3.419594747263702317e+01 3.517633587495607284e+00
1.542727366393312113e+05 9.798126594184394344e+04 6.090620988736773143e+04 3.979496524599901750e+04 3.586133521240921982e+04 9.782448811087751892e+03 4.456528031066118274e+03 1.495276626544706687e+03 1.747718797032733562e+02 6.189780216834175519e+01 1.698228790484057171e+01
7.380245461682775931e+04 4.618574469307683466e+04 2.898766937933074223e+04 1.831182006809334052e+04 9.782448811087751892e+03 1.160475555776931105e+04 2.196305314394656762e+03 6.041859214693683953e+02 1.554033264272221118e+02 4.141160611365299893e+00 8.235262579421226414e-01
3.047665583388651430e+04 2.023873425730000599e+04 1.337496838630400816e+04 8.072682809885944152e+03 4.456528031066118274e+03 2.196305314394656762e+03 3.112011611475360041e+03 3.583123532768387349e+02 9.175651134914981810e+01 1.662738730320467084e+01 3.925475162855762257e+00
1.061619071618123598e+04 6.169682254587107309e+03 4.169654619888708112e+03 2.593472420831820273e+03 1.495276626544706687e+03 6.041859214693683953e+02 3.583123532768387349e+02 7.310324945140027921e+02 1.330975294978145484e+01 6.211740917046032706e+00 8.274478115509418252e-01
1.415857322850240962e+03 9.840785842578270604e+02 6.301387632553221465e+02 3.809475607094425413e+02 1.747718797032733562e+02 1.554033264272221118e+02 9.175651134914981810e+01 1.330975294978145484e+01 1.293093087112870876e+02 2.321559736673801666e+00 7.725460610215186819e-01
3.478261189257212891e+02 2.692695570252903963e+02 1.298191106804881656e+02 3.419594747263702317e+01 6.189780216834175519e+01 4.141160611365299893e+00 1.662738730320467084e+01 6.211740917046032706e+00 2.321559736673801666e+00 1.556072472148927055e+01 9.725452950930792984e-01
7.362912979040936534e+01 8.729182256502872406e+01 6.132133378778262767e+01 3.517633587495607284e+00 1.698228790484057171e+01 8.235262579421226414e-01 3.925475162855762257e+00 8.274478115509418252e-01 7.725460610215186819e-01 9.725452950930792984e-01 1.001956947162427003e+00
