1.841010947707878426e+06 1.063567025292242412e+06 7.802958114388369722e+05 5.163430137290751445e+05 3.613038962860532338e+05 2.314243402172323549e+05 1.633460887064877898e+05 9.178104334052136983e+04 5.094159519769492181e+04 2.127082029839034294e+04 7.032691745395550242e+03 1.691909608682330600e+03 2.099121234585605293e+02 -1.368693675206744054e+01
1.063567025292242412e+06 9.265455073559891898e+05 5.398506329089514911e+05 3.570152986560415593e+05 2.487347768086892611e+05 1.637144307387600129e+05 1.133345979425841506e+05 6.099404327453917358e+04 3.706582190078659914e+04 1.465824275415265947e+04 5.166025889466244735e+03 1.070480854737616482e+03 1.998815229981396726e+02 -9.771796154735936213e+00
7.802958114388369722e+05 5.398506329089514911e+05 5.412073749567319173e+05 2.717172765917348443e+05 1.872636351576425368e+05 1.190292019060366729e+05 8.723627031866931065e+04 4.389139077645385987e+04 2.357852549683672987e+04 1.166123723356796290e+04 3.123790819545719842e+03 9.112425462093548276e+02 7.517995274977042186e+01 -3.750854814054667941e+01
5.163430137290751445e+05 3.570152986560415593e+05 2.717172765917348443e+05 2.554265846011943358e+05 1.155632516549233696e+05 7.862755242839720449e+04 5.371763822283458285e+04 2.889999525229683059e+04 1.675052585467135577e+04 6.614410036400357058e+03 2.419271377969339028e+03 8.096368376936816276e+02 5.036828390863745142e+01 6.159714587969620680e+00
3.613038962860532338e+05 2.487347768086892611e+05 1.872636351576425368e+05 1.155632516549233696e+05 1.356177370929249155e+05 5.319385988976387307e+04 3.897282912269073859e+04 2.059751944800445199e+04 1.071804340755370140e+04 5.042581113408919009e+03 2.119378473305756415e+03 5.385654777744925923e+02 2.346933703779710356e+01 1.003300527540288378e+01
2.314243402172323549e+05 1.637144307387600129e+05 1.190292019060366729e+05 7.862755242839720449e+04 5.319385988976387307e+04 6.670069127749327163e+04 2.369079603794348077e+04 1.307079922376652212e+04 7.258778678200270406e+03 2.798546655583606480e+03 1.005515878682124594e+03 2.231062051685870244e+02 5.110341564275508830e+01 1.320020852758169205e+01
1.633460887064877898e+05 1.133345979425841506e+05 8.723627031866931065e+04 5.371763822283458285e+04 3.897282912269073859e+04 2.369079603794348077e+04 3.412668089463964134e+04 9.121063296841830379e+03 5.359381192921287948e+03 2.553723958378698626e+03 7.425347295281859488e+02 2.206511292107588247e+02 3.947188806896193825e+01 7.524241249343462279e+00
9.178104334052136983e+04 6.099404327453917358e+04 4.389139077645385987e+04 2.889999525229683059e+04 2.059751944800445199e+04 1.307079922376652212e+04 9.121063296841830379e+03 1.344096089793402098e+04 3.397269017270391487e+03 1.334811765567455723e+03 4.675659810443344213e+02 1.220712747107997558e+02 1.724297837854958360e+01 1.019694792820058593e+00
5.094159519769492181e+04 3.706582190078659914e+04 2.357852549683672987e+04 1.675052585467135577e+04 1.071804340755370140e+04 7.258778678200270406e+03 5.359381192921287948e+03 3.397269017270391487e+03 5.456122515878375452e+03 9.571006667346238146e+02 2.711355482675858184e+02 8.408287856779020331e+01 1.329806717840437136e+00 2.596264032446558567e-01
2.127082029839034294e+04 1.465824275415265947e+04 1.166123723356796290e+04 6.614410036400357058e+03 5.042581113408919009e+03 2.798546655583606480e+03 2.553723958378698626e+03 1.334811765567455723e+03 9.571006667346238146e+02 1.842240613304140879e+03 1.191089016513281678e+02 3.856423655543154183e+01 8.447687253528627593e+00 4.405015380273960446e+00
7.032691745395550242e+03 5.166025889466244735e+03 3.123790819545719842e+03 2.419271377969339028e+03 2.119378473305756415e+03 1.005515878682124594e+03 7.425347295281859488e+02 4.675659810443344213e+02 2.711355482675858184e+02 1.191089016513281678e+02 4.087051662027917587e+02 1.714761798705474405e+01 -3.843655612131962496e+00 -7.623254916618321664e-01
1.691909608682330600e+03 1.070480854737616482e+03 9.112425462093548276e+02 8.096368376936816276e+02 5.385654777744925923e+02 2.231062051685870244e+02 2.206511292107588247e+02 1.220712747107997558e+02 8.408287856779020331e+01 3.856423655543154183e+01 1.714761798705474405e+01 8.734727050080554989e+01 4.026892720851359964e-01 8.268588777612007057e-01
2.099121234585605293e+02 1.998815229981396726e+02 7.517995274977042186e+01 5.036828390863745142e+01 2.346933703779710356e+01 5.110341564275508830e+01 3.947188806896193825e+01 1.724297837854958360e+01 1.329806717840437136e+00 8.447687253528627593e+00 -3.843655612131962496e+00 4.026892720851359964e-01 8.890253982456259862e+00 -1.767173874160963415e-02
-1.368693675206744054e+01 -9.771796154735936213e+00 -3.750854814054667941e+01 6.159714587969620680e+00 1.003300527540288378e+01 1.320020852758169205e+01 7.524241249343462279e+00 1.019694792820058593e+00 2.596264032446558567e-01 4.405015380273960446e+00 -7.623254916618321664e-01 8.268588777612007057e-01 -1.767173874160963415e-02 1.003207504019367313e+00
