1.518188242355349241e+06 8.439764057081423234e+05 5.688549134437405737e+05 3.587427363915297901e+05 2.137041967329594481e+05 1.220708003944528900e+05 5.999671319901957759e+04 2.745150778536825237e+04 8.621907733278649175e+03 1.438350553359431842e+03 2.531547449795007676e+00 6.997412122481071606e+01
8.439764057081423234e+05 7.168501455841361312e+05 3.867836744530982105e+05 2.290076735568763979e+05 1.451095737445861741e+05 7.714561557835813437e+04 3.897416492565800581e+04 1.913898678261430905e+04 5.503483813575184286e+03 9.908891199768406750e+02 2.296425912857656613e+02 1.025102104659821478e+01
5.688549134437405737e+05 3.867836744530982105e+05 3.401809506876420346e+05 1.519273097537965223e+05 9.537621008411029470e+04 5.482160788672389754e+04 2.728177465605585166e+04 1.223130809596401923e+04 3.588643284351739112e+03 7.188737056519100861e+02 1.629844829628622733e+02 1.753713161917924879e+01
3.587427363915297901e+05 2.290076735568763979e+05 1.519273097537965223e+05 1.519080534782610775e+05 5.909732159218772722e+04 3.133083125841129731e+04 1.746696769975490315e+04 8.156405992706772849e+03 2.441570226527742761e+03 5.232463041135216599e+02 9.864053268983904843e+01 1.502012767636147395e+01
2.137041967329594481e+05 1.451095737445861741e+05 9.537621008411029470e+04 5.909732159218772722e+04 6.362395055475841946e+04 2.108588387485078056e+04 1.190519741829318809e+04 4.532761981537624706e+03 1.623217636429982804e+03 2.715975882812632562e+02 8.652656121683756396e+01 3.505151422094966307e+01
1.220708003944528900e+05 7.714561557835813437e+04 5.482160788672389754e+04 3.133083125841129731e+04 2.108588387485078056e+04 2.520660023010178702e+04 6.354427078669446018e+03 3.238803884489999291e+03 9.034759590792318704e+02 2.567699367879737338e+02 4.732938967731986679e+01 1.559238242028903265e+01
5.999671319901957759e+04 3.897416492565800581e+04 2.728177465605585166e+04 1.746696769975490315e+04 1.190519741829318809e+04 6.354427078669446018e+03 8.904446120585571407e+03 1.372986996385806378e+03 5.214927026217546882e+02 1.191027011267890572e+02 3.344705587053309159e+01 9.109331102276225778e-01
2.745150778536825237e+04 1.913898678261430905e+04 1.223130809596401923e+04 8.156405992706772849e+03 4.532761981537624706e+03 3.238803884489999291e+03 1.372986996385806378e+03 2.694284187713948086e+03 3.230973495323723910e+02 5.079099499469579371e+01 1.459473728173309226e+01 7.247769521670134329e-01
8.621907733278649175e+03 5.503483813575184286e+03 3.588643284351739112e+03 2.441570226527742761e+03 1.623217636429982804e+03 9.034759590792318704e+02 5.214927026217546882e+02 3.230973495323723910e+02 6.397187513743089085e+02 2.032296363672436001e+01 3.389782816756894412e+00 2.727490236814928526e+00
1.438350553359431842e+03 9.908891199768406750e+02 7.188737056519100861e+02 5.232463041135216599e+02 2.715975882812632562e+02 2.567699367879737338e+02 1.191027011267890572e+02 5.079099499469579371e+01 2.032296363672436001e+01 1.120303311987812407e+02 9.639704867488643192e-01 5.545976353689786587e-01
2.531547449795007676e+00 2.296425912857656613e+02 1.629844829628622733e+02 9.864053268983904843e+01 8.652656121683756396e+01 4.732938967731986679e+01 3.344705587053309159e+01 1.459473728173309226e+01 3.389782816756894412e+00 9.639704867488643192e-01 1.748462856123061826e+01 -7.076535751351309411e-02
6.997412122481071606e+01 1.025102104659821478e+01 1.753713161917924879e+01 1.502012767636147395e+01 3.505151422094966307e+01 1.559238242028903265e+01 9.109331102276225778e-01 7.247769521670134329e-01 2.727490236814928526e+00 5.545976353689786587e-01 -7.076535751351309411e-02 2.004377983724652257e+00
