1.753842224562483840e+06 1.039093079453615006e+06 7.587791882537098136e+05 5.242736863293113420e+05 3.464646810022781719e+05 2.407291329919708078e+05 1.652813513428606966e+05 1.008761783847268671e+05 5.610340867260259984e+04 2.285505757101109339e+04 1.155919494793591366e+04 3.070843141685214050e+03 6.006486801137488101e+02 -2.023521662371028818e+00
1.039093079453615006e+06 9.358561316785332747e+05 5.380644825349401217e+05 3.782548239628539304e+05 2.376363918949546642e+05 1.825409205387603433e+05 1.209896876314073161e+05 7.155406714894826291e+04 4.101075274681303563e+04 1.814542658767498506e+04 8.512985045247834933e+03 1.639785877045651432e+03 5.437841920030430174e+02 2.539205961986381865e+01
7.587791882537098136e+05 5.380644825349401217e+05 5.438497584184954176e+05 2.878373545444368501e+05 1.880370210591918440e+05 1.312087484959023714e+05 9.105042581791267730e+04 5.198745188628887990e+04 3.068020407397093368e+04 1.176534513884341868e+04 6.036527862561643815e+03 1.256861853317019040e+03 2.547539263406613372e+02 -6.093702153407639344e+01
5.242736863293113420e+05 3.782548239628539304e+05 2.878373545444368501e+05 2.861141650652280077e+05 1.210101404942483350e+05 8.807149408894349472e+04 6.040437455432271236e+04 3.588905863565050095e+04 1.925601253058838120e+04 8.997014564129085556e+03 3.787238437352670189e+03 1.105654589251707193e+03 1.874953603884756888e+02 -9.415650215799896472e+00
3.464646810022781719e+05 2.376363918949546642e+05 1.880370210591918440e+05 1.210101404942483350e+05 1.387569901769598946e+05 5.332955262885485718e+04 3.805171309852304694e+04 2.470258775050533586e+04 1.364587715273688445e+04 5.339242297631975816e+03 3.106152810382820462e+03 9.309454544061683237e+02 6.390563761627568340e+01 1.989011990609660430e+01
2.407291329919708078e+05 1.825409205387603433e+05 1.312087484959023714e+05 8.807149408894349472e+04 5.332955262885485718e+04 7.640735444486986671e+04 2.877939958869479233e+04 1.706348759387328391e+04 9.312795707736519034e+03 3.879628279609729361e+03 1.449723859819720928e+03 4.117709720780670182e+02 1.507327560785952869e+02 2.494892406202417590e+01
1.652813513428606966e+05 1.209896876314073161e+05 9.105042581791267730e+04 6.040437455432271236e+04 3.805171309852304694e+04 2.877939958869479233e+04 3.554550897093482490e+04 1.109073007532854353e+04 5.651782277181537211e+03 2.775826624438393083e+03 1.388200566021064333e+03 4.337748093795473210e+02 6.005663274880056690e+01 1.046662658307804605e+01
1.008761783847268671e+05 7.155406714894826291e+04 5.198745188628887990e+04 3.588905863565050095e+04 2.470258775050533586e+04 1.706348759387328391e+04 1.109073007532854353e+04 1.597583685724189490e+04 4.088219637639069333e+03 1.938004342814198935e+03 8.175223593659491144e+02 1.955835647075425072e+02 7.501539899127139677e+01 1.029799977788041510e+01
5.610340867260259984e+04 4.101075274681303563e+04 3.068020407397093368e+04 1.925601253058838120e+04 1.364587715273688445e+04 9.312795707736519034e+03 5.651782277181537211e+03 4.088219637639069333e+03 6.580649308174810358e+03 1.195658166137511444e+03 5.729468254180868598e+02 9.146631638205911941e+01 3.255673806396166725e+01 2.352932165547633181e-01
2.285505757101109339e+04 1.814542658767498506e+04 1.176534513884341868e+04 8.997014564129085556e+03 5.339242297631975816e+03 3.879628279609729361e+03 2.775826624438393083e+03 1.938004342814198935e+03 1.195658166137511444e+03 2.166138763255351932e+03 2.884910520410073786e+02 9.577610379862134948e+01 2.805871607415907576e+00 4.199983915502812692e+00
1.155919494793591366e+04 8.512985045247834933e+03 6.036527862561643815e+03 3.787238437352670189e+03 3.106152810382820462e+03 1.449723859819720928e+03 1.388200566021064333e+03 8.175223593659491144e+02 5.729468254180868598e+02 2.884910520410073786e+02 7.363873759674572739e+02 3.100772438830924216e+01 7.441147973544694594e+00 3.807828554578235103e+00
3.070843141685214050e+03 1.639785877045651432e+03 1.256861853317019040e+03 1.105654589251707193e+03 9.309454544061683237e+02 4.117709720780670182e+02 4.337748093795473210e+02 1.955835647075425072e+02 9.146631638205911941e+01 9.577610379862134948e+01 3.100772438830924216e+01 1.469406137384584099e+02 -2.137246717039228194e+00 4.313708970170913592e-01
6.006486801137488101e+02 5.437841920030430174e+02 2.547539263406613372e+02 1.874953603884756888e+02 6.390563761627568340e+01 1.507327560785952869e+02 6.005663274880056690e+01 7.501539899127139677e+01 3.255673806396166725e+01 2.805871607415907576e+00 7.441147973544694594e+00 -2.137246717039228194e+00 2.387245759628677177e+01 -9.803884023115719271e-02
-2.023521662371028818e+00 2.539205961986381865e+01 -6.093702153407639344e+01 -9.415650215799896472e+00 1.989011990609660430e+01 2.494892406202417590e+01 1.046662658307804605e+01 1.029799977788041510e+01 2.352932165547633181e-01 4.199983915502812692e+00 3.807828554578235103e+00 4.313708970170913592e-01 -9.803884023115719271e-02 1.999992340715606831e+00
