1.504024419074465754e+06 8.361161831536123063e+05 5.637706383478059433e+05 3.557264034973576781e+05 2.120278809920206550e+05 1.211789781637705455e+05 5.958742705163301434e+04 2.727558387496261639e+04 8.569578940332676211e+03 1.430029157839046775e+03 2.517508747469173969e+00 6.959792184706107321e+01
8.361161831536123063e+05 7.101854354497801978e+05 3.833329355420127395e+05 2.270858532690026332e+05 1.439736611034332018e+05 7.658325174277028418e+04 3.870891985369952454e+04 1.901664307896032915e+04 5.470170539721108071e+03 9.851724711468211808e+02 2.283728202085032990e+02 1.019607459537841976e+01
5.637706383478059433e+05 3.833329355420127395e+05 3.372738008942689048e+05 1.507094583628069377e+05 9.466548396660471917e+04 5.444261023774841306e+04 2.710637660265738668e+04 1.215772833937363612e+04 3.568273052096409174e+03 7.149973347271993589e+02 1.621447351735289431e+02 1.744974387199335908e+01
3.557264034973576781e+05 2.270858532690026332e+05 1.507094583628069377e+05 1.507708923087638977e+05 5.868828810146865726e+04 3.113086102792927340e+04 1.736394544277718160e+04 8.111672519010056021e+03 2.429008610884557129e+03 5.207029506013913078e+02 9.818475177692427280e+01 1.495326963819558408e+01
2.120278809920206550e+05 1.439736611034332018e+05 9.466548396660471917e+04 5.868828810146865726e+04 6.321952265862474451e+04 2.096321857667278891e+04 1.184171035173900418e+04 4.510466127666204557e+03 1.615784820372821514e+03 2.704311502950824888e+02 8.617573946730968260e+01 3.491533887460520447e+01
1.211789781637705455e+05 7.658325174277028418e+04 5.444261023774841306e+04 3.113086102792927340e+04 2.096321857667278891e+04 2.507355983546723292e+04 6.323970050879045630e+03 3.224621419267868987e+03 8.998268409488835005e+02 2.558058971805257329e+02 4.716306821626821488e+01 1.554023302943644325e+01
5.958742705163301434e+04 3.870891985369952454e+04 2.710637660265738668e+04 1.736394544277718160e+04 1.184171035173900418e+04 6.323970050879045630e+03 8.866087132056003611e+03 1.367641237609699147e+03 5.196396227510924746e+02 1.187133797109694626e+02 3.334576785365743490e+01 9.083290780493390448e-01
2.727558387496261639e+04 1.901664307896032915e+04 1.215772833937363612e+04 8.111672519010056021e+03 4.510466127666204557e+03 3.224621419267868987e+03 1.367641237609699147e+03 2.684910691337785011e+03 3.220832183997733864e+02 5.064603581273429711e+01 1.455659460002300420e+01 7.230058019900387212e-01
8.569578940332676211e+03 5.470170539721108071e+03 3.568273052096409174e+03 2.429008610884557129e+03 1.615784820372821514e+03 8.998268409488835005e+02 5.196396227510924746e+02 3.220832183997733864e+02 6.379285552303410896e+02 2.027188048016719790e+01 3.382078153974364731e+00 2.721754017655310331e+00
1.430029157839046775e+03 9.851724711468211808e+02 7.149973347271993589e+02 5.207029506013913078e+02 2.704311502950824888e+02 2.558058971805257329e+02 1.187133797109694626e+02 5.064603581273429711e+01 2.027188048016719790e+01 1.117806554802794068e+02 9.620541959146475808e-01 5.535893374625524554e-01
2.517508747469173969e+00 2.283728202085032990e+02 1.621447351735289431e+02 9.818475177692427280e+01 8.617573946730968260e+01 4.716306821626821488e+01 3.334576785365743490e+01 1.455659460002300420e+01 3.382078153974364731e+00 9.620541959146475808e-01 1.745408069758714831e+01 -7.065374338556136558e-02
6.959792184706107321e+01 1.019607459537841976e+01 1.744974387199335908e+01 1.495326963819558408e+01 3.491533887460520447e+01 1.554023302943644325e+01 9.083290780493390448e-01 7.230058019900387212e-01 2.721754017655310331e+00 5.535893374625524554e-01 -7.065374338556136558e-02 2.001557164021138036e+00
