1.736479616545761004e+06 9.962967413880985696e+05 7.334148971549762646e+05 4.734564064322767081e+05 3.207196109696269850e+05 2.086135304935397871e+05 1.289420277649061754e+05 7.559589480739033024e+04 3.400223841054491641e+04 1.361875176642259430e+04 3.669056537007887073e+03 7.177972510829542898e+02 7.690950938450981766e+01
9.962967413880985696e+05 8.680870206225699512e+05 4.891542874912115512e+05 3.227802305291229859e+05 2.247032414244597021e+05 1.486405052676737541e+05 8.268376570248769713e+04 4.930420726023284078e+04 2.191371999953914928e+04 9.208517675713203062e+03 2.045556872101313274e+03 4.823236430619825796e+02 1.386818218373836373e+02
7.334148971549762646e+05 4.891542874912115512e+05 4.910015843382673338e+05 2.334133139502254780e+05 1.547534740139540809e+05 1.052979928232508246e+05 6.443655911243853916e+04 3.506605982666902128e+04 1.728080440868326332e+04 6.403000968899281361e+03 1.663336767245788906e+03 3.458398520226156734e+02 1.307445973322675492e+01
4.734564064322767081e+05 3.227802305291229859e+05 2.334133139502254780e+05 2.287158535085156909e+05 1.034402234672759951e+05 6.676337569172964140e+04 4.085598079051270906e+04 2.264201132808081820e+04 1.004982817927272299e+04 3.973502429907851365e+03 1.381865296165345171e+03 3.368889059095124594e+02 3.054105950880932951e+01
3.207196109696269850e+05 2.247032414244597021e+05 1.547534740139540809e+05 1.034402234672759951e+05 1.152696369882096333e+05 4.791205965050659142e+04 2.828555049957525625e+04 1.691779795573632146e+04 7.573665113108104379e+03 3.106243006115829303e+03 8.998592989456740270e+02 2.582068542935959954e+02 6.116055008980337959e+01
2.086135304935397871e+05 1.486405052676737541e+05 1.052979928232508246e+05 6.676337569172964140e+04 4.791205965050659142e+04 5.434532128783467488e+04 1.822536941877516074e+04 1.011187892203241972e+04 5.139729336208101813e+03 1.906827991620795956e+03 5.613978500388902830e+02 1.115878079511124952e+02 3.838416672730279089e+01
1.289420277649061754e+05 8.268376570248769713e+04 6.443655911243853916e+04 4.085598079051270906e+04 2.828555049957525625e+04 1.822536941877516074e+04 2.375664431432046331e+04 6.839964001363095122e+03 3.160921228089505348e+03 1.253648140134231653e+03 2.490127718567176771e+02 1.158407328403273056e+02 3.500378751613135364e+01
7.559589480739033024e+04 4.930420726023284078e+04 3.506605982666902128e+04 2.264201132808081820e+04 1.691779795573632146e+04 1.011187892203241972e+04 6.839964001363095122e+03 1.017754337644216685e+04 2.258618801245354916e+03 7.659872626100466277e+02 2.376637957115681274e+02 5.801350331838466445e+01 -2.901949670843522178e-01
3.400223841054491641e+04 2.191371999953914928e+04 1.728080440868326332e+04 1.004982817927272299e+04 7.573665113108104379e+03 5.139729336208101813e+03 3.160921228089505348e+03 2.258618801245354916e+03 3.330214697400689147e+03 2.946420088771016594e+02 1.319602789511343417e+02 3.378026279004627952e+01 8.470555795971455026e-01
1.361875176642259430e+04 9.208517675713203062e+03 6.403000968899281361e+03 3.973502429907851365e+03 3.106243006115829303e+03 1.906827991620795956e+03 1.253648140134231653e+03 7.659872626100466277e+02 2.946420088771016594e+02 9.497512647393346015e+02 6.230760452050892440e+01 7.927420621091330943e+00 3.662731071035938868e+00
3.669056537007887073e+03 2.045556872101313274e+03 1.663336767245788906e+03 1.381865296165345171e+03 8.998592989456740270e+02 5.613978500388902830e+02 2.490127718567176771e+02 2.376637957115681274e+02 1.319602789511343417e+02 6.230760452050892440e+01 2.055031345621378023e+02 5.045078718295350484e+00 -1.466661049858111410e+00
7.177972510829542898e+02 4.823236430619825796e+02 3.458398520226156734e+02 3.368889059095124594e+02 2.582068542935959954e+02 1.115878079511124952e+02 1.158407328403273056e+02 5.801350331838466445e+01 3.378026279004627952e+01 7.927420621091330943e+00 5.045078718295350484e+00 3.786456087407751880e+01 6.823503280088538681e-01
7.690950938450981766e+01 1.386818218373836373e+02 1.307445973322675492e+01 3.054105950880932951e+01 6.116055008980337959e+01 3.838416672730279089e+01 3.500378751613135364e+01 -2.901949670843522178e-01 8.470555795971455026e-01 3.662731071035938868e+00 -1.466661049858111410e+00 6.823503280088538681e-01 3.984298466994228516e+00
