1.294245306501782266e+06 6.543043257982226787e+05 4.317301568678053445e+05 2.452643163207490870e+05 1.373589799670228094e+05 6.679675998647791857e+04 2.730751549129348859e+04 9.231204361232848896e+03 2.424770155785543011e+03 1.410554097297936949e+02 8.330987526983116709e+01
6.543043257982226787e+05 5.257167902331871446e+05 2.546277648534007312e+05 1.467684776694957109e+05 9.023625847608743061e+04 4.412945301963511884e+04 1.789521303183460986e+04 5.380374895269367698e+03 1.584167145903232495e+03 1.233311655993729516e+02 6.077545262171037166e+01
4.317301568678053445e+05 2.546277648534007312e+05 2.382168913685897714e+05 9.298037872253576643e+04 5.340104475216263381e+04 2.478399342092562438e+04 1.095511591811666949e+04 4.127865294163496401e+03 1.020531584764759714e+03 1.016250957819848111e+02 2.982318400878794051e+01
2.452643163207490870e+05 1.467684776694957109e+05 9.298037872253576643e+04 9.189285168174815772e+04 3.225120246909782509e+04 1.686291568695170645e+04 6.184523370042095848e+03 2.065947782818201176e+03 6.177691650818230755e+02 1.554183351463886424e+02 4.825033428453947693e+01
1.373589799670228094e+05 9.023625847608743061e+04 5.340104475216263381e+04 3.225120246909782509e+04 3.781666996532827761e+04 1.007504588830935245e+04 4.380609051032006391e+03 1.324219461716371370e+03 4.144580327458951388e+02 8.832291709700014337e+01 2.542032179935459624e+01
6.679675998647791857e+04 4.412945301963511884e+04 2.478399342092562438e+04 1.686291568695170645e+04 1.007504588830935245e+04 1.222769470611427641e+04 2.060175610507109923e+03 9.999450871702184713e+02 2.244862482676724369e+02 2.887206888338156574e+01 1.242647614048502014e+01
2.730751549129348859e+04 1.789521303183460986e+04 1.095511591811666949e+04 6.184523370042095848e+03 4.380609051032006391e+03 2.060175610507109923e+03 3.076429465789085043e+03 3.087271930980670618e+02 9.493379311461877990e+01 6.655921382778775097e+00 -2.188566469808091330e+00
9.231204361232848896e+03 5.380374895269367698e+03 4.127865294163496401e+03 2.065947782818201176e+03 1.324219461716371370e+03 9.999450871702184713e+02 3.087271930980670618e+02 8.755595590946300035e+02 5.521220501770300615e+01 4.764314807119657047e+00 -2.849197697324640788e-01
2.424770155785543011e+03 1.584167145903232495e+03 1.020531584764759714e+03 6.177691650818230755e+02 4.144580327458951388e+02 2.244862482676724369e+02 9.493379311461877990e+01 5.521220501770300615e+01 1.739282226411878582e+02 1.650200312414691339e+00 1.086098610197461678e+00
1.410554097297936949e+02 1.233311655993729516e+02 1.016250957819848111e+02 1.554183351463886424e+02 8.832291709700014337e+01 2.887206888338156574e+01 6.655921382778775097e+00 4.764314807119657047e+00 1.650200312414691339e+00 2.300031346424937695e+01 -1.413585023674829855e-01
8.330987526983116709e+01 6.077545262171037166e+01 2.982318400878794051e+01 4.825033428453947693e+01 2.542032179935459624e+01 1.242647614048502014e+01 -2.188566469808091330e+00 -2.849197697324640788e-01 1.086098610197461678e+00 -1.413585023674829855e-01 2.997196547809664935e+00
