3.058921285381585476e+05 1.218990782664213184e+05 5.795684667261791765e+04 2.682828941372128611e+04 8.241397850039486002e+03 2.173085795474321458e+03 3.468241619785690659e+02 1.256171659881925109e+02 1.730385530080034684e+01
1.218990782664213184e+05 1.096619486598423100e+05 3.243018168588811386e+04 1.579162579800282765e+04 4.912796871948754415e+03 1.185375852574215287e+03 3.530025696899680270e+02 8.796829056262497204e+01 2.572539167665655668e+01
5.795684667261791765e+04 3.243018168588811386e+04 3.193575024605269209e+04 7.988832150611726320e+03 2.408459403877805471e+03 7.335383672703268303e+02 1.771424588600636412e+02 1.560582258799515820e+01 1.009996132061352725e+01
2.682828941372128611e+04 1.579162579800282765e+04 7.988832150611726320e+03 9.088969113935187124e+03 1.367994761049436420e+03 3.934730029373278057e+02 6.064290501338296480e+01 3.805475622412491532e+01 2.666656454287401612e+00
8.241397850039486002e+03 4.912796871948754415e+03 2.408459403877805471e+03 1.367994761049436420e+03 1.950610176891163519e+03 9.065455478494567387e+01 2.599009654527966617e+01 -1.005682423091204214e+01 -1.960776804648067806e-03
2.173085795474321458e+03 1.185375852574215287e+03 7.335383672703268303e+02 3.934730029373278057e+02 9.065455478494567387e+01 4.092768639825980017e+02 1.620778106701468602e+01 -2.941165206934275300e-01 3.019596279119847182e-01
3.468241619785690659e+02 3.530025696899680270e+02 1.771424588600636412e+02 6.064290501338296480e+01 2.599009654527966617e+01 1.620778106701468602e+01 5.888408821963762563e+01 -1.960776804623198810e-03 -1.117642778635191958e-01
1.256171659881925109e+02 8.796829056262497204e+01 1.560582258799515820e+01 3.805475622412491532e+01 -1.005682423091204214e+01 -2.941165206934275300e-01 -1.960776804623198810e-03 8.876436594528975377e+00 -1.764699124160830010e-02
1.730385530080034684e+01 2.572539167665655668e+01 1.009996132061352725e+01 2.666656454287401612e+00 -1.960776804648067806e-03 3.019596279119847182e-01 -1.117642778635191958e-01 -1.764699124160830010e-02 1.001956947162426781e+00
