1.829689675642879447e+06 1.042716698146949988e+06 7.637685005554103991e+05 4.912434218764408724e+05 3.318584752037567669e+05 2.154193967163766793e+05 1.329472694699517451e+05 7.785680483460873074e+04 3.498944030359745375e+04 1.400553901304947431e+04 3.771558447176812024e+03 7.375982293596840691e+02 7.900889840443326761e+01
1.042716698146949988e+06 9.024242396702889819e+05 5.059734764911034144e+05 3.326546117757846951e+05 2.309439582423710672e+05 1.524577043696978071e+05 8.467886821972588950e+04 5.043734482348639722e+04 2.239832110099495185e+04 9.406371361022338533e+03 2.088564384080246782e+03 4.922962149498719100e+02 1.415094277610544964e+02
7.637685005554103991e+05 5.059734764911034144e+05 5.053580380778317340e+05 2.393572813430653478e+05 1.582603319834346767e+05 1.074649135007097648e+05 6.566312322557070001e+04 3.569353836254206544e+04 1.757509617973109926e+04 6.508042187798821033e+03 1.689860654170882071e+03 3.512346713121793300e+02 1.327467771022530307e+01
4.912434218764408724e+05 3.326546117757846951e+05 2.393572813430653478e+05 2.336802572373853764e+05 1.053964176474441483e+05 6.788746977073233575e+04 4.148103363003679988e+04 2.296266927084294002e+04 1.018350138502738264e+04 4.023879894382984276e+03 1.398753387390583157e+03 3.408896275256726653e+02 3.089506175070944849e+01
3.318584752037567669e+05 2.309439582423710672e+05 1.582603319834346767e+05 1.053964176474441483e+05 1.171283355048377125e+05 4.858551631738385186e+04 2.863974923327379656e+04 1.711046640617148660e+04 7.653414493138622674e+03 3.137022265238269483e+03 9.083656365539793569e+02 2.605586471578019427e+02 6.170026051828318714e+01
2.154193967163766793e+05 1.524577043696978071e+05 1.074649135007097648e+05 6.788746977073233575e+04 4.858551631738385186e+04 5.499700981727832550e+04 1.841602309476066876e+04 1.020621728790378256e+04 5.183275836402845016e+03 1.921801937555880841e+03 5.655509914702903416e+02 1.123749226020643732e+02 3.864405284469470558e+01
1.329472694699517451e+05 8.467886821972588950e+04 6.566312322557070001e+04 4.148103363003679988e+04 2.863974923327379656e+04 1.841602309476066876e+04 2.396885015388046668e+04 6.893334597145403677e+03 3.182880540549464968e+03 1.261581648589721681e+03 2.504754927022304685e+02 1.164813913574750899e+02 3.518748143924816674e+01
7.785680483460873074e+04 5.043734482348639722e+04 3.569353836254206544e+04 2.296266927084294002e+04 1.711046640617148660e+04 1.020621728790378256e+04 6.893334597145403677e+03 1.024547136142703675e+04 2.271763111777319864e+03 7.699715678314615843e+02 2.387921711650253656e+02 5.826902941253533896e+01 -2.913912179725258178e-01
3.498944030359745375e+04 2.239832110099495185e+04 1.757509617973109926e+04 1.018350138502738264e+04 7.653414493138622674e+03 5.183275836402845016e+03 3.182880540549464968e+03 2.271763111777319864e+03 3.346751449474910260e+03 2.959231424733209224e+02 1.324742297107128195e+02 3.390024509534803343e+01 8.498252149957490342e-01
1.400553901304947431e+04 9.406371361022338533e+03 6.508042187798821033e+03 4.023879894382984276e+03 3.137022265238269483e+03 1.921801937555880841e+03 1.261581648589721681e+03 7.699715678314615843e+02 2.959231424733209224e+02 9.532947037441922475e+02 6.251183808768569605e+01 7.950688758622425745e+00 3.672449007175724756e+00
3.771558447176812024e+03 2.088564384080246782e+03 1.689860654170882071e+03 1.398753387390583157e+03 9.083656365539793569e+02 5.655509914702903416e+02 2.504754927022304685e+02 2.387921711650253656e+02 1.324742297107128195e+02 6.251183808768569605e+01 2.060836699185786074e+02 5.057602722308906174e+00 -1.469888577049061507e+00
7.375982293596840691e+02 4.922962149498719100e+02 3.512346713121793300e+02 3.408896275256726653e+02 2.605586471578019427e+02 1.123749226020643732e+02 1.164813913574750899e+02 5.826902941253533896e+01 3.390024509534803343e+01 7.950688758622425745e+00 5.057602722308906174e+00 3.794559142800667928e+01 6.836183272488034479e-01
7.900889840443326761e+01 1.415094277610544964e+02 1.327467771022530307e+01 3.089506175070944849e+01 6.170026051828318714e+01 3.864405284469470558e+01 3.518748143924816674e+01 -2.913912179725258178e-01 8.498252149957490342e-01 3.672449007175724756e+00 -1.469888577049061507e+00 6.836183272488034479e-01 3.990580241584427146e+00
