3.553656141012885928e+04 8.352119469944143930e+03 1.994061671563702248e+03 6.048583127889863817e+02 1.739226839836817362e+02 1.350840349767717186e+01 9.077392595272970155e+00
8.352119469944143930e+03 9.088580051748820551e+03 1.010795796208066690e+03 3.045415788258571865e+02 5.134902242693599561e+01 4.724964073673931786e+00 6.461174674854645694e+00
1.994061671563702248e+03 1.010795796208066690e+03 1.609936322314963490e+03 1.062976569978973629e+02 4.935353484311337979e+01 -7.931349042089486101e-01 2.482761758097631888e-01
6.048583127889863817e+02 3.045415788258571865e+02 1.062976569978973629e+02 3.555392514055462811e+02 5.955396310615983409e-03 4.179032733603909477e+00 -5.840796517282677014e-01
1.739226839836817362e+02 5.134902242693599561e+01 4.935353484311337979e+01 5.955396310615983409e-03 7.727779587370226011e+01 -5.832502204969421955e-01 -1.165563059160353021e-01
1.350840349767717186e+01 4.724964073673931786e+00 -7.931349042089486101e-01 4.179032733603909477e+00 -5.832502204969421955e-01 5.002886378818275581e+00 -9.859696521071397227e-03
9.077392595272970155e+00 6.461174674854645694e+00 2.482761758097631888e-01 -5.840796517282677014e-01 -1.165563059160353021e-01 -9.859696521071397227e-03 1.006851243567003173e+00
