1.830743636253278702e+06 1.077378723429092206e+06 7.831237650565255899e+05 5.393929420192963444e+05 3.556825825436774176e+05 2.467676753959487251e+05 1.692528269823708397e+05 1.032271541679315851e+05 5.738295274452865124e+04 2.336850536542437840e+04 1.181617468224338518e+04 3.138594670626681364e+03 6.138375277545395647e+02 -2.067791709966588787e+00
1.077378723429092206e+06 9.638289421345796436e+05 5.516025295067749685e+05 3.865526054678315995e+05 2.423223714529862627e+05 1.858646445151251392e+05 1.230657952990285557e+05 7.273050258138876234e+04 4.166470536466212070e+04 1.842861639392693905e+04 8.643867791478327490e+03 1.664721820573044397e+03 5.519966196101286187e+02 2.577352330780960443e+01
7.831237650565255899e+05 5.516025295067749685e+05 5.549730760437732097e+05 2.928008509890321293e+05 1.908644185991393169e+05 1.329843064893674164e+05 9.218750027714176395e+04 5.259952793301876227e+04 3.102629153079540265e+04 1.189409135129870810e+04 6.101189376195683508e+03 1.270115237832689672e+03 2.574137708472690065e+02 -6.156843810192977173e+01
5.393929420192963444e+05 3.865526054678315995e+05 2.928008509890321293e+05 2.901327439935863949e+05 1.224434568863315071e+05 8.898261601005861303e+04 6.096641463304150966e+04 3.619741757367346145e+04 1.941199588190924624e+04 9.066866624089732795e+03 3.815769655084219266e+03 1.113800118527722361e+03 1.888572326755673885e+02 -9.483298820772816384e+00
3.556825825436774176e+05 2.423223714529862627e+05 1.908644185991393169e+05 1.224434568863315071e+05 1.400958012038944289e+05 5.376432246782358561e+04 3.832241842331909720e+04 2.486076010355820108e+04 1.372656020156977320e+04 5.369018059561252812e+03 3.122761025389666429e+03 9.357685690885592749e+02 6.423011503533751920e+01 1.998954696615837889e+01
2.467676753959487251e+05 1.858646445151251392e+05 1.329843064893674164e+05 8.898261601005861303e+04 5.376432246782358561e+04 7.691612345809936232e+04 2.894119186072130469e+04 1.714729981682630387e+04 9.353977615475916537e+03 3.895483235215448531e+03 1.455315677611533602e+03 4.132909867790618250e+02 1.512736047177040462e+02 2.503648521886904277e+01
1.692528269823708397e+05 1.230657952990285557e+05 9.218750027714176395e+04 6.096641463304150966e+04 3.832241842331909720e+04 2.894119186072130469e+04 3.570852229318104219e+04 1.113372612683330772e+04 5.670927975718372181e+03 2.784299941946162107e+03 1.392119755000989244e+03 4.349276238105196057e+02 6.021004508300050873e+01 1.049254225524324546e+01
1.032271541679315851e+05 7.273050258138876234e+04 5.259952793301876227e+04 3.619741757367346145e+04 2.486076010355820108e+04 1.714729981682630387e+04 1.113372612683330772e+04 1.602644777733126648e+04 4.099172415634997378e+03 1.942547667263419271e+03 8.192515582160340273e+02 1.959648950008470933e+02 7.515392285898707314e+01 1.031620900093366444e+01
5.738295274452865124e+04 4.166470536466212070e+04 3.102629153079540265e+04 1.941199588190924624e+04 1.372656020156977320e+04 9.353977615475916537e+03 5.670927975718372181e+03 4.099172415634997378e+03 6.595064125351105758e+03 1.197877155913100978e+03 5.738789087333994985e+02 9.159998883840519568e+01 3.260096280996751972e+01 2.355944039918384803e-01
2.336850536542437840e+04 1.842861639392693905e+04 1.189409135129870810e+04 9.066866624089732795e+03 5.369018059561252812e+03 3.895483235215448531e+03 2.784299941946162107e+03 1.942547667263419271e+03 1.197877155913100978e+03 2.169434266747714446e+03 2.888638976261592575e+02 9.588405018011793857e+01 2.808744975080945228e+00 4.203956020889711986e+00
1.181617468224338518e+04 8.643867791478327490e+03 6.101189376195683508e+03 3.815769655084219266e+03 3.122761025389666429e+03 1.455315677611533602e+03 1.392119755000989244e+03 8.192515582160340273e+02 5.738789087333994985e+02 2.888638976261592575e+02 7.371705079781276027e+02 3.103557512554505848e+01 7.447065143391319531e+00 3.810558392367653369e+00
3.138594670626681364e+03 1.664721820573044397e+03 1.270115237832689672e+03 1.113800118527722361e+03 9.357685690885592749e+02 4.132909867790618250e+02 4.349276238105196057e+02 1.959648950008470933e+02 9.159998883840519568e+01 9.588405018011793857e+01 3.103557512554505848e+01 1.470483099112815637e+02 -2.138593073216835005e+00 4.316088702875748306e-01
6.138375277545395647e+02 5.519966196101286187e+02 2.574137708472690065e+02 1.888572326755673885e+02 6.423011503533751920e+01 1.512736047177040462e+02 6.021004508300050873e+01 7.515392285898707314e+01 3.260096280996751972e+01 2.808744975080945228e+00 7.447065143391319531e+00 -2.138593073216835005e+00 2.388503802906937068e+01 -9.808283141907375713e-02
-2.067791709966588787e+00 2.577352330780960443e+01 -6.156843810192977173e+01 -9.483298820772816384e+00 1.998954696615837889e+01 2.503648521886904277e+01 1.049254225524324546e+01 1.031620900093366444e+01 2.355944039918384803e-01 4.203956020889711986e+00 3.810558392367653369e+00 4.316088702875748306e-01 -9.808283141907375713e-02 2.000733226986986857e+00
