2.208574656599993352e+06 1.346616875960189151e+06 9.470578234221888706e+05 6.547476400677063502e+05 4.721005158516567899e+05 3.168478665400960599e+05 2.147309592042408767e+05 1.258663627232701983e+05 7.454758613602085097e+04 3.961594566808699165e+04 1.603843092356935085e+04 4.591814443074495102e+03 7.770072658911524286e+02 4.137327242034819506e+02 0.000000000000000000e+00 0.000000000000000000e+00 0.000000000000000000e+00 0.000000000000000000e+00 0.000000000000000000e+00 0.000000000000000000e+00
1.346616875960189151e+06 1.172579529268291546e+06 6.808479079307914944e+05 4.671032008648531628e+05 3.304147580114798620e+05 2.330307304205192777e+05 1.480466051515625149e+05 8.997090411097397737e+04 5.254501155445861514e+04 2.512646043192163052e+04 1.140285063666791029e+04 2.887024701677868052e+03 4.331154242836399249e+02 3.423296508827856428e+02 0.000000000000000000e+00 0.000000000000000000e+00 0.000000000000000000e+00 0.000000000000000000e+00 0.000000000000000000e+00 0.000000000000000000e+00
9.470578234221888706e+05 6.808479079307914944e+05 5.958751721835130593e+05 3.280021074798477930e+05 2.325223226259217190e+05 1.642112747855922498e+05 1.061918801584135217e+05 6.462675810941815871e+04 3.477081959212702350e+04 1.815333724619740678e+04 7.548466516420857261e+03 2.179562069183527910e+03 5.070300769031721870e+02 2.254524453176955490e+02 0.000000000000000000e+00 0.000000000000000000e+00 0.000000000000000000e+00 0.000000000000000000e+00 0.000000000000000000e+00 0.000000000000000000e+00
6.547476400677063502e+05 4.671032008648531628e+05 3.280021074798477930e+05 3.081444005236954545e+05 1.605522050450463139e+05 1.125945746850025171e+05 7.360817539806973946e+04 4.240670321806322318e+04 2.476286609946737372e+04 1.322864854337965153e+04 5.036277907544258596e+03 1.517892086725787294e+03 3.354221875526416738e+02 1.971335502029840541e+02 0.000000000000000000e+00 0.000000000000000000e+00 0.000000000000000000e+00 0.000000000000000000e+00 0.000000000000000000e+00 0.000000000000000000e+00
4.721005158516567899e+05 3.304147580114798620e+05 2.325223226259217190e+05 1.605522050450463139e+05 1.632637201541781251e+05 8.154401026538213773e+04 5.313004724518620060e+04 3.336157207581257535e+04 1.880703928594874014e+04 9.275034377825999400e+03 3.599528712592356896e+03 1.146939627003934902e+03 2.007050459058463900e+02 1.412263574435591238e+02 0.000000000000000000e+00 0.000000000000000000e+00 0.000000000000000000e+00 0.000000000000000000e+00 0.000000000000000000e+00 0.000000000000000000e+00
3.168478665400960599e+05 2.330307304205192777e+05 1.642112747855922498e+05 1.125945746850025171e+05 8.154401026538213773e+04 8.916204163974565745e+04 3.816364929595137801e+04 2.164881646281401845e+04 1.286814596995560714e+04 6.618523782573741300e+03 2.500905422242923578e+03 5.747128385466411373e+02 9.542743115960327316e+01 6.882634928232315019e+01 0.000000000000000000e+00 0.000000000000000000e+00 0.000000000000000000e+00 0.000000000000000000e+00 0.000000000000000000e+00 0.000000000000000000e+00
2.147309592042408767e+05 1.480466051515625149e+05 1.061918801584135217e+05 7.360817539806973946e+04 5.313004724518620060e+04 3.816364929595137801e+04 4.041365972363165201e+04 1.441251652497365103e+04 9.155749314449876692e+03 4.356514450252588176e+03 1.675024911679341130e+03 4.803739027077813830e+02 5.168805639659326800e+01 5.808406977973724139e+01 0.000000000000000000e+00 0.000000000000000000e+00 0.000000000000000000e+00 0.000000000000000000e+00 0.000000000000000000e+00 0.000000000000000000e+00
1.258663627232701983e+05 8.997090411097397737e+04 6.462675810941815871e+04 4.240670321806322318e+04 3.336157207581257535e+04 2.164881646281401845e+04 1.441251652497365103e+04 1.810120421338350934e+04 5.113899157649691006e+03 2.598454954477068441e+03 1.138868146551550353e+03 3.171786666624383884e+02 8.747818605108069789e+01 4.257818786074560791e+01 0.000000000000000000e+00 0.000000000000000000e+00 0.000000000000000000e+00 0.000000000000000000e+00 0.000000000000000000e+00 0.000000000000000000e+00
7.454758613602085097e+04 5.254501155445861514e+04 3.477081959212702350e+04 2.476286609946737372e+04 1.880703928594874014e+04 1.286814596995560714e+04 9.155749314449876692e+03 5.113899157649691006e+03 7.289279845235595531e+03 1.567265047986360287e+03 6.585139170834977449e+02 2.360218353264312157e+02 1.408487780370533393e+01 2.088044208634962828e+01 0.000000000000000000e+00 0.000000000000000000e+00 0.000000000000000000e+00 0.000000000000000000e+00 0.000000000000000000e+00 0.000000000000000000e+00
3.961594566808699165e+04 2.512646043192163052e+04 1.815333724619740678e+04 1.322864854337965153e+04 9.275034377825999400e+03 6.618523782573741300e+03 4.356514450252588176e+03 2.598454954477068441e+03 1.567265047986360287e+03 2.506899127631279498e+03 3.624530473739910690e+02 1.166827386947665275e+02 1.804881830380676533e+01 1.851071746208660684e+01 0.000000000000000000e+00 0.000000000000000000e+00 0.000000000000000000e+00 0.000000000000000000e+00 0.000000000000000000e+00 0.000000000000000000e+00
1.603843092356935085e+04 1.140285063666791029e+04 7.548466516420857261e+03 5.036277907544258596e+03 3.599528712592356896e+03 2.500905422242923578e+03 1.675024911679341130e+03 1.138868146551550353e+03 6.585139170834977449e+02 3.624530473739910690e+02 7.207519500035891724e+02 3.737295106816095114e+01 1.267602127101530307e+01 6.765304491693707512e+00 0.000000000000000000e+00 0.000000000000000000e+00 0.000000000000000000e+00 0.000000000000000000e+00 0.000000000000000000e+00 0.000000000000000000e+00
4.591814443074495102e+03 2.887024701677868052e+03 2.179562069183527910e+03 1.517892086725787294e+03 1.146939627003934902e+03 5.747128385466411373e+02 4.803739027077813830e+02 3.171786666624383884e+02 2.360218353264312157e+02 1.166827386947665275e+02 3.737295106816095114e+01 1.686024409530302250e+02 -2.805572317895470569e-01 5.088913297707976291e+00 0.000000000000000000e+00 0.000000000000000000e+00 0.000000000000000000e+00 0.000000000000000000e+00 0.000000000000000000e+00 0.000000000000000000e+00
7.770072658911524286e+02 4.331154242836399249e+02 5.070300769031721870e+02 3.354221875526416738e+02 2.007050459058463900e+02 9.542743115960327316e+01 5.168805639659326800e+01 8.747818605108069789e+01 1.408487780370533393e+01 1.804881830380676533e+01 1.267602127101530307e+01 -2.805572317895470569e-01 3.475968725524208480e+01 -4.119320626278851760e-01 0.000000000000000000e+00 0.000000000000000000e+00 0.000000000000000000e+00 0.000000000000000000e+00 0.000000000000000000e+00 0.000000000000000000e+00
4.137327242034819506e+02 3.423296508827856428e+02 2.254524453176955490e+02 1.971335502029840541e+02 1.412263574435591238e+02 6.882634928232315019e+01 5.808406977973724139e+01 4.257818786074560791e+01 2.088044208634962828e+01 1.851071746208660684e+01 6.765304491693707512e+00 5.088913297707976291e+00 -4.119320626278851760e-01 5.954944504464781296e+00 0.000000000000000000e+00 0.000000000000000000e+00 0.000000000000000000e+00 0.000000000000000000e+00 0.000000000000000000e+00 0.000000000000000000e+00
0.000000000000000000e+00 0.000000000000000000e+00 0.000000000000000000e+00 0.000000000000000000e+00 0.000000000000000000e+00 0.000000000000000000e+00 0.000000000000000000e+00 0.000000000000000000e+00 0.000000000000000000e+00 0.000000000000000000e+00 0.000000000000000000e+00 0.000000000000000000e+00 0.000000000000000000e+00 0.000000000000000000e+00 0.000000000000000000e+00 0.000000000000000000e+00 0.000000000000000000e+00 0.000000000000000000e+00 0.000000000000000000e+00 0.000000000000000000e+00
0.000000000000000000e+00 0.000000000000000000e+00 0.000000000000000000e+00 0.000000000000000000e+00 0.000000000000000000e+00 0.000000000000000000e+00 0.000000000000000000e+00 0.000000000000000000e+00 0.000000000000000000e+00 0.000000000000000000e+00 0.000000000000000000e+00 0.000000000000000000e+00 0.000000000000000000e+00 0.000000000000000000e+00 0.000000000000000000e+00 0.000000000000000000e+00 0.000000000000000000e+00 0.000000000000000000e+00 0.000000000000000000e+00 0.000000000000000000e+00
0.000000000000000000e+00 0.000000000000000000e+00 0.000000000000000000e+00 0.000000000000000000e+00 0.000000000000000000e+00 0.000000000000000000e+00 0.000000000000000000e+00 0.000000000000000000e+00 0.000000000000000000e+00 0.000000000000000000e+00 0.000000000000000000e+00 0.000000000000000000e+00 0.000000000000000000e+00 0.000000000000000000e+00 0.000000000000000000e+00 0.000000000000000000e+00 0.000000000000000000e+00 0.000000000000000000e+00 0.000000000000000000e+00 0.000000000000000000e+00
0.000000000000000000e+00 0.000000000000000000e+00 0.000000000000000000e+00 0.000000000000000000e+00 0.000000000000000000e+00 0.000000000000000000e+00 0.000000000000000000e+00 0.000000000000000000e+00 0.000000000000000000e+00 0.000000000000000000e+00 0.000000000000000000e+00 0.000000000000000000e+00 0.000000000000000000e+00 0.000000000000000000e+00 0.000000000000000000e+00 0.000000000000000000e+00 0.000000000000000000e+00 0.000000000000000000e+00 0.000000000000000000e+00 0.000000000000000000e+00
0.000000000000000000e+00 0.000000000000000000e+00 0.000000000000000000e+00 0.000000000000000000e+00 0.000000000000000000e+00 0.000000000000000000e+00 0.000000000000000000e+00 0.000000000000000000e+00 0.000000000000000000e+00 0.000000000000000000e+00 0.000000000000000000e+00 0.000000000000000000e+00 0.000000000000000000e+00 0.000000000000000000e+00 0.000000000000000000e+00 0.000000000000000000e+00 0.000000000000000000e+00 0.000000000000000000e+00 0.000000000000000000e+00 0.000000000000000000e+00
0.000000000000000000e+00 0.000000000000000000e+00 0.000000000000000000e+00 0.000000000000000000e+00 0.000000000000000000e+00 0.000000000000000000e+00 0.000000000000000000e+00 0.000000000000000000e+00 0.000000000000000000e+00 0.000000000000000000e+00 0.000000000000000000e+00 0.000000000000000000e+00 0.000000000000000000e+00 0.000000000000000000e+00 0.000000000000000000e+00 0.000000000000000000e+00 0.000000000000000000e+00 0.000000000000000000e+00 0.000000000000000000e+00 0.000000000000000000e+00
