2.144167594061007258e+06 1.292351015262689209e+06 8.541483691151964013e+05 6.028739495565311518e+05 4.059948202333204099e+05 2.731059465862092329e+05 1.681048176180962764e+05 9.863999092875100905e+04 4.141570693740827846e+04 2.328802075993311155e+04 6.201200488020996090e+03 1.780103027957231916e+03 3.308275370607689752e+02 1.151130538577385209e+02 0.000000000000000000e+00 0.000000000000000000e+00 0.000000000000000000e+00 0.000000000000000000e+00 0.000000000000000000e+00 0.000000000000000000e+00
1.292351015262689209e+06 1.091507319839958800e+06 6.152811752504330361e+05 4.133464332396758837e+05 2.867143333192436839e+05 1.939660094837784127e+05 1.158000388735726883e+05 6.605003460189115140e+04 2.768161382649822554e+04 1.534086159782112554e+04 4.068455016204189178e+03 1.228720020122894311e+03 1.550448133894019804e+02 6.159445702391855804e+01 0.000000000000000000e+00 0.000000000000000000e+00 0.000000000000000000e+00 0.000000000000000000e+00 0.000000000000000000e+00 0.000000000000000000e+00
8.541483691151964013e+05 6.152811752504330361e+05 5.133151897567714332e+05 2.812862388362713973e+05 1.980930999956387095e+05 1.283740444122920890e+05 7.686699707366371877e+04 4.478271566260054533e+04 1.785040881801391879e+04 1.042280040290445140e+04 2.508632467647612430e+03 8.587922609086546117e+02 1.550837707620858055e+02 3.490392630101510463e+01 0.000000000000000000e+00 0.000000000000000000e+00 0.000000000000000000e+00 0.000000000000000000e+00 0.000000000000000000e+00 0.000000000000000000e+00
6.028739495565311518e+05 4.133464332396758837e+05 2.812862388362713973e+05 2.630695808787160204e+05 1.321252306023726123e+05 9.058014991014511907e+04 5.559280941773496306e+04 2.900374953698891477e+04 1.285884954833792290e+04 7.353122460174724438e+03 1.782263606115280936e+03 5.670777657029094598e+02 1.536438242508382928e+02 3.855783737063472216e+01 0.000000000000000000e+00 0.000000000000000000e+00 0.000000000000000000e+00 0.000000000000000000e+00 0.000000000000000000e+00 0.000000000000000000e+00
4.059948202333204099e+05 2.867143333192436839e+05 1.980930999956387095e+05 1.321252306023726123e+05 1.402180276723974966e+05 6.568296292683572392e+04 3.948518118205342034e+04 2.384965862899579224e+04 9.648385118313417479e+03 4.659697988311668269e+03 1.433171033855170435e+03 3.316363326920539976e+02 7.890260556517098678e+01 2.020678076536755441e+01 0.000000000000000000e+00 0.000000000000000000e+00 0.000000000000000000e+00 0.000000000000000000e+00 0.000000000000000000e+00 0.000000000000000000e+00
2.731059465862092329e+05 1.939660094837784127e+05 1.283740444122920890e+05 9.058014991014511907e+04 6.568296292683572392e+04 6.295613806254943484e+04 2.486419431234395961e+04 1.494844046122984582e+04 6.354428685527505877e+03 3.244301269442648845e+03 7.828025082042091753e+02 1.386116636104174233e+02 5.357113505883324933e+01 1.427248497298742258e+01 0.000000000000000000e+00 0.000000000000000000e+00 0.000000000000000000e+00 0.000000000000000000e+00 0.000000000000000000e+00 0.000000000000000000e+00
1.681048176180962764e+05 1.158000388735726883e+05 7.686699707366371877e+04 5.559280941773496306e+04 3.948518118205342034e+04 2.486419431234395961e+04 2.767880882855123855e+04 9.631797505108683254e+03 3.793372766422664426e+03 2.329180462398009695e+03 5.090634598639883279e+02 2.052551663689980046e+02 4.762770599244178982e+01 2.146759815244379155e+01 0.000000000000000000e+00 0.000000000000000000e+00 0.000000000000000000e+00 0.000000000000000000e+00 0.000000000000000000e+00 0.000000000000000000e+00
9.863999092875100905e+04 6.605003460189115140e+04 4.478271566260054533e+04 2.900374953698891477e+04 2.384965862899579224e+04 1.494844046122984582e+04 9.631797505108683254e+03 1.078760361171195291e+04 2.687296774255052696e+03 1.276570137313605528e+03 3.585632585762317035e+02 7.058352023041213386e+01 3.527429256391059198e+01 -4.203288057374784947e-01 0.000000000000000000e+00 0.000000000000000000e+00 0.000000000000000000e+00 0.000000000000000000e+00 0.000000000000000000e+00 0.000000000000000000e+00
4.141570693740827846e+04 2.768161382649822554e+04 1.785040881801391879e+04 1.285884954833792290e+04 9.648385118313417479e+03 6.354428685527505877e+03 3.793372766422664426e+03 2.687296774255052696e+03 3.378417605009384260e+03 5.195270131571294314e+02 1.771068192563133152e+02 4.459000456612400853e+01 1.032516321935860582e+01 1.825793844368996666e-01 0.000000000000000000e+00 0.000000000000000000e+00 0.000000000000000000e+00 0.000000000000000000e+00 0.000000000000000000e+00 0.000000000000000000e+00
2.328802075993311155e+04 1.534086159782112554e+04 1.042280040290445140e+04 7.353122460174724438e+03 4.659697988311668269e+03 3.244301269442648845e+03 2.329180462398009695e+03 1.276570137313605528e+03 5.195270131571294314e+02 1.128787281785922005e+03 5.718052120844396313e+01 2.315033550368604409e+01 1.126973236346435314e+01 1.322773073888398487e+00 0.000000000000000000e+00 0.000000000000000000e+00 0.000000000000000000e+00 0.000000000000000000e+00 0.000000000000000000e+00 0.000000000000000000e+00
6.201200488020996090e+03 4.068455016204189178e+03 2.508632467647612430e+03 1.782263606115280936e+03 1.433171033855170435e+03 7.828025082042091753e+02 5.090634598639883279e+02 3.585632585762317035e+02 1.771068192563133152e+02 5.718052120844396313e+01 2.669837158730921942e+02 1.099960127236282403e+01 6.809026882217572574e-01 -4.768006982206238753e-01 0.000000000000000000e+00 0.000000000000000000e+00 0.000000000000000000e+00 0.000000000000000000e+00 0.000000000000000000e+00 0.000000000000000000e+00
1.780103027957231916e+03 1.228720020122894311e+03 8.587922609086546117e+02 5.670777657029094598e+02 3.316363326920539976e+02 1.386116636104174233e+02 2.052551663689980046e+02 7.058352023041213386e+01 4.459000456612400853e+01 2.315033550368604409e+01 1.099960127236282403e+01 6.093429077067433042e+01 -7.828118136196567933e-01 -1.118238308475197201e-01 0.000000000000000000e+00 0.000000000000000000e+00 0.000000000000000000e+00 0.000000000000000000e+00 0.000000000000000000e+00 0.000000000000000000e+00
3.308275370607689752e+02 1.550448133894019804e+02 1.550837707620858055e+02 1.536438242508382928e+02 7.890260556517098678e+01 5.357113505883324933e+01 4.762770599244178982e+01 3.527429256391059198e+01 1.032516321935860582e+01 1.126973236346435314e+01 6.809026882217572574e-01 -7.828118136196567933e-01 8.943516569780124215e+00 -1.373130452776032649e-02 0.000000000000000000e+00 0.000000000000000000e+00 0.000000000000000000e+00 0.000000000000000000e+00 0.000000000000000000e+00 0.000000000000000000e+00
1.151130538577385209e+02 6.159445702391855804e+01 3.490392630101510463e+01 3.855783737063472216e+01 2.020678076536755441e+01 1.427248497298742258e+01 2.146759815244379155e+01 -4.203288057374784947e-01 1.825793844368996666e-01 1.322773073888398487e+00 -4.768006982206238753e-01 -1.118238308475197201e-01 -1.373130452776032649e-02 1.002327611292748832e+00 0.000000000000000000e+00 0.000000000000000000e+00 0.000000000000000000e+00 0.000000000000000000e+00 0.000000000000000000e+00 0.000000000000000000e+00
0.000000000000000000e+00 0.000000000000000000e+00 0.000000000000000000e+00 0.000000000000000000e+00 0.000000000000000000e+00 0.000000000000000000e+00 0.000000000000000000e+00 0.000000000000000000e+00 0.000000000000000000e+00 0.000000000000000000e+00 0.000000000000000000e+00 0.000000000000000000e+00 0.000000000000000000e+00 0.000000000000000000e+00 0.000000000000000000e+00 0.000000000000000000e+00 0.000000000000000000e+00 0.000000000000000000e+00 0.000000000000000000e+00 0.000000000000000000e+00
0.000000000000000000e+00 0.000000000000000000e+00 0.000000000000000000e+00 0.000000000000000000e+00 0.000000000000000000e+00 0.000000000000000000e+00 0.000000000000000000e+00 0.000000000000000000e+00 0.000000000000000000e+00 0.000000000000000000e+00 0.000000000000000000e+00 0.000000000000000000e+00 0.000000000000000000e+00 0.000000000000000000e+00 0.000000000000000000e+00 0.000000000000000000e+00 0.000000000000000000e+00 0.000000000000000000e+00 0.000000000000000000e+00 0.000000000000000000e+00
0.000000000000000000e+00 0.000000000000000000e+00 0.000000000000000000e+00 0.000000000000000000e+00 0.000000000000000000e+00 0.000000000000000000e+00 0.000000000000000000e+00 0.000000000000000000e+00 0.000000000000000000e+00 0.000000000000000000e+00 0.000000000000000000e+00 0.000000000000000000e+00 0.000000000000000000e+00 0.000000000000000000e+00 0.000000000000000000e+00 0.000000000000000000e+00 0.000000000000000000e+00 0.000000000000000000e+00 0.000000000000000000e+00 0.000000000000000000e+00
0.000000000000000000e+00 0.000000000000000000e+00 0.000000000000000000e+00 0.000000000000000000e+00 0.000000000000000000e+00 0.000000000000000000e+00 0.000000000000000000e+00 0.000000000000000000e+00 0.000000000000000000e+00 0.000000000000000000e+00 0.000000000000000000e+00 0.000000000000000000e+00 0.000000000000000000e+00 0.000000000000000000e+00 0.000000000000000000e+00 0.000000000000000000e+00 0.000000000000000000e+00 0.000000000000000000e+00 0.000000000000000000e+00 0.000000000000000000e+00
0.000000000000000000e+00 0.000000000000000000e+00 0.000000000000000000e+00 0.000000000000000000e+00 0.000000000000000000e+00 0.000000000000000000e+00 0.000000000000000000e+00 0.000000000000000000e+00 0.000000000000000000e+00 0.000000000000000000e+00 0.000000000000000000e+00 0.000000000000000000e+00 0.000000000000000000e+00 0.000000000000000000e+00 0.000000000000000000e+00 0.000000000000000000e+00 0.000000000000000000e+00 0.000000000000000000e+00 0.000000000000000000e+00 0.000000000000000000e+00
0.000000000000000000e+00 0.000000000000000000e+00 0.000000000000000000e+00 0.000000000000000000e+00 0.000000000000000000e+00 0.000000000000000000e+00 0.000000000000000000e+00 0.000000000000000000e+00 0.000000000000000000e+00 0.000000000000000000e+00 0.000000000000000000e+00 0.000000000000000000e+00 0.000000000000000000e+00 0.000000000000000000e+00 0.000000000000000000e+00 0.000000000000000000e+00 0.000000000000000000e+00 0.000000000000000000e+00 0.000000000000000000e+00 0.000000000000000000e+00
