1.942876845053107943e+06 1.074680361123792827e+06 6.972521006383564090e+05 4.794928744558332255e+05 2.950093285839532036e+05 1.497412031418477127e+05 8.020849234093794075e+04 3.156318062629742417e+04 1.257999339064634114e+04 2.934743350817301234e+03 1.016542868332207718e+03 8.015522287261117640e+01 0.000000000000000000e+00 0.000000000000000000e+00 0.000000000000000000e+00 0.000000000000000000e+00 0.000000000000000000e+00 0.000000000000000000e+00 0.000000000000000000e+00 0.000000000000000000e+00
1.074680361123792827e+06 8.412368422201502835e+05 4.522569652573422063e+05 3.117122830948352930e+05 1.861959981267857656e+05 9.962064241854262946e+04 4.802769542879519577e+04 2.047674667745777697e+04 7.911624946394768813e+03 1.914194002005365292e+03 5.824916871895503618e+02 5.066554037446009318e+01 0.000000000000000000e+00 0.000000000000000000e+00 0.000000000000000000e+00 0.000000000000000000e+00 0.000000000000000000e+00 0.000000000000000000e+00 0.000000000000000000e+00 0.000000000000000000e+00
6.972521006383564090e+05 4.522569652573422063e+05 3.868282997427356895e+05 2.077159209668377007e+05 1.269228970620383334e+05 6.565161329381947871e+04 3.271185046706732464e+04 1.390743486823832791e+04 5.280177393409237084e+03 1.326600411082701157e+03 4.355635620962106032e+02 1.133120984427801758e+01 0.000000000000000000e+00 0.000000000000000000e+00 0.000000000000000000e+00 0.000000000000000000e+00 0.000000000000000000e+00 0.000000000000000000e+00 0.000000000000000000e+00 0.000000000000000000e+00
4.794928744558332255e+05 3.117122830948352930e+05 2.077159209668377007e+05 1.918234553719869582e+05 8.591342986581053992e+04 4.616546643072079314e+04 2.238627820832632278e+04 9.272819387503421240e+03 3.756829826764010704e+03 8.550239776106966474e+02 3.797402049017013610e+02 2.213279286605275686e+01 0.000000000000000000e+00 0.000000000000000000e+00 0.000000000000000000e+00 0.000000000000000000e+00 0.000000000000000000e+00 0.000000000000000000e+00 0.000000000000000000e+00 0.000000000000000000e+00
2.950093285839532036e+05 1.861959981267857656e+05 1.269228970620383334e+05 8.591342986581053992e+04 7.637316196472363663e+04 2.686059769506628800e+04 1.542547099157074990e+04 5.733461566493215287e+03 2.355333807186775175e+03 6.955580483516508821e+02 1.874620289875538504e+02 5.275900484485200437e+00 0.000000000000000000e+00 0.000000000000000000e+00 0.000000000000000000e+00 0.000000000000000000e+00 0.000000000000000000e+00 0.000000000000000000e+00 0.000000000000000000e+00 0.000000000000000000e+00
1.497412031418477127e+05 9.962064241854262946e+04 6.565161329381947871e+04 4.616546643072079314e+04 2.686059769506628800e+04 2.708751796249351901e+04 7.612177620955873863e+03 3.366505757715765867e+03 1.125243224102734530e+03 2.954581137233645904e+02 9.056826428916608052e+01 7.430831724633688573e+00 0.000000000000000000e+00 0.000000000000000000e+00 0.000000000000000000e+00 0.000000000000000000e+00 0.000000000000000000e+00 0.000000000000000000e+00 0.000000000000000000e+00 0.000000000000000000e+00
8.020849234093794075e+04 4.802769542879519577e+04 3.271185046706732464e+04 2.238627820832632278e+04 1.542547099157074990e+04 7.612177620955873863e+03 1.046095402161733000e+04 1.706518314024300025e+03 6.224205671233180510e+02 1.919189187988285710e+02 5.567842342262968458e+01 1.168140980523451233e+01 0.000000000000000000e+00 0.000000000000000000e+00 0.000000000000000000e+00 0.000000000000000000e+00 0.000000000000000000e+00 0.000000000000000000e+00 0.000000000000000000e+00 0.000000000000000000e+00
3.156318062629742417e+04 2.047674667745777697e+04 1.390743486823832791e+04 9.272819387503421240e+03 5.733461566493215287e+03 3.366505757715765867e+03 1.706518314024300025e+03 2.611923070778801957e+03 3.183845517172329096e+02 8.239672506465859669e+01 4.082482606158851723e+01 1.606986267057646911e+00 0.000000000000000000e+00 0.000000000000000000e+00 0.000000000000000000e+00 0.000000000000000000e+00 0.000000000000000000e+00 0.000000000000000000e+00 0.000000000000000000e+00 0.000000000000000000e+00
1.257999339064634114e+04 7.911624946394768813e+03 5.280177393409237084e+03 3.756829826764010704e+03 2.355333807186775175e+03 1.125243224102734530e+03 6.224205671233180510e+02 3.183845517172329096e+02 6.252711021200391315e+02 4.151842907617555056e+01 1.102908013479523142e+01 3.455915551223335824e-01 0.000000000000000000e+00 0.000000000000000000e+00 0.000000000000000000e+00 0.000000000000000000e+00 0.000000000000000000e+00 0.000000000000000000e+00 0.000000000000000000e+00 0.000000000000000000e+00
2.934743350817301234e+03 1.914194002005365292e+03 1.326600411082701157e+03 8.550239776106966474e+02 6.955580483516508821e+02 2.954581137233645904e+02 1.919189187988285710e+02 8.239672506465859669e+01 4.151842907617555056e+01 1.648246098138931188e+02 5.514736691255623491e+00 1.511478687621045092e-01 0.000000000000000000e+00 0.000000000000000000e+00 0.000000000000000000e+00 0.000000000000000000e+00 0.000000000000000000e+00 0.000000000000000000e+00 0.000000000000000000e+00 0.000000000000000000e+00
1.016542868332207718e+03 5.824916871895503618e+02 4.355635620962106032e+02 3.797402049017013610e+02 1.874620289875538504e+02 9.056826428916608052e+01 5.567842342262968458e+01 4.082482606158851723e+01 1.102908013479523142e+01 5.514736691255623491e+00 2.207515785138236453e+01 -1.354111648172511562e-01 0.000000000000000000e+00 0.000000000000000000e+00 0.000000000000000000e+00 0.000000000000000000e+00 0.000000000000000000e+00 0.000000000000000000e+00 0.000000000000000000e+00 0.000000000000000000e+00
8.015522287261117640e+01 5.066554037446009318e+01 1.133120984427801758e+01 2.213279286605275686e+01 5.275900484485200437e+00 7.430831724633688573e+00 1.168140980523451233e+01 1.606986267057646911e+00 3.455915551223335824e-01 1.511478687621045092e-01 -1.354111648172511562e-01 2.996281969452993632e+00 0.000000000000000000e+00 0.000000000000000000e+00 0.000000000000000000e+00 0.000000000000000000e+00 0.000000000000000000e+00 0.000000000000000000e+00 0.000000000000000000e+00 0.000000000000000000e+00
0.000000000000000000e+00 0.000000000000000000e+00 0.000000000000000000e+00 0.000000000000000000e+00 0.000000000000000000e+00 0.000000000000000000e+00 0.000000000000000000e+00 0.000000000000000000e+00 0.000000000000000000e+00 0.000000000000000000e+00 0.000000000000000000e+00 0.000000000000000000e+00 0.000000000000000000e+00 0.000000000000000000e+00 0.000000000000000000e+00 0.000000000000000000e+00 0.000000000000000000e+00 0.000000000000000000e+00 0.000000000000000000e+00 0.000000000000000000e+00
0.000000000000000000e+00 0.000000000000000000e+00 0.000000000000000000e+00 0.000000000000000000e+00 0.000000000000000000e+00 0.000000000000000000e+00 0.000000000000000000e+00 0.000000000000000000e+00 0.000000000000000000e+00 0.000000000000000000e+00 0.000000000000000000e+00 0.000000000000000000e+00 0.000000000000000000e+00 0.000000000000000000e+00 0.000000000000000000e+00 0.000000000000000000e+00 0.000000000000000000e+00 0.000000000000000000e+00 0.000000000000000000e+00 0.000000000000000000e+00
0.000000000000000000e+00 0.000000000000000000e+00 0.000000000000000000e+00 0.000000000000000000e+00 0.000000000000000000e+00 0.000000000000000000e+00 0.000000000000000000e+00 0.000000000000000000e+00 0.000000000000000000e+00 0.000000000000000000e+00 0.000000000000000000e+00 0.000000000000000000e+00 0.000000000000000000e+00 0.000000000000000000e+00 0.000000000000000000e+00 0.000000000000000000e+00 0.000000000000000000e+00 0.000000000000000000e+00 0.000000000000000000e+00 0.000000000000000000e+00
0.000000000000000000e+00 0.000000000000000000e+00 0.000000000000000000e+00 0.000000000000000000e+00 0.000000000000000000e+00 0.000000000000000000e+00 0.000000000000000000e+00 0.000000000000000000e+00 0.000000000000000000e+00 0.000000000000000000e+00 0.000000000000000000e+00 0.000000000000000000e+00 0.000000000000000000e+00 0.000000000000000000e+00 0.000000000000000000e+00 0.000000000000000000e+00 0.000000000000000000e+00 0.000000000000000000e+00 0.000000000000000000e+00 0.000000000000000000e+00
0.000000000000000000e+00 0.000000000000000000e+00 0.000000000000000000e+00 0.000000000000000000e+00 0.000000000000000000e+00 0.000000000000000000e+00 0.000000000000000000e+00 0.000000000000000000e+00 0.000000000000000000e+00 0.000000000000000000e+00 0.000000000000000000e+00 0.000000000000000000e+00 0.000000000000000000e+00 0.000000000000000000e+00 0.000000000000000000e+00 0.000000000000000000e+00 0.000000000000000000e+00 0.000000000000000000e+00 0.000000000000000000e+00 0.000000000000000000e+00
0.000000000000000000e+00 0.000000000000000000e+00 0.000000000000000000e+00 0.000000000000000000e+00 0.000000000000000000e+00 0.000000000000000000e+00 0.000000000000000000e+00 0.000000000000000000e+00 0.000000000000000000e+00 0.000000000000000000e+00 0.000000000000000000e+00 0.000000000000000000e+00 0.000000000000000000e+00 0.000000000000000000e+00 0.000000000000000000e+00 0.000000000000000000e+00 0.000000000000000000e+00 0.000000000000000000e+00 0.000000000000000000e+00 0.000000000000000000e+00
0.000000000000000000e+00 0.000000000000000000e+00 0.000000000000000000e+00 0.000000000000000000e+00 0.000000000000000000e+00 0.000000000000000000e+00 0.000000000000000000e+00 0.000000000000000000e+00 0.000000000000000000e+00 0.000000000000000000e+00 0.000000000000000000e+00 0.000000000000000000e+00 0.000000000000000000e+00 0.000000000000000000e+00 0.000000000000000000e+00 0.000000000000000000e+00 0.000000000000000000e+00 0.000000000000000000e+00 0.000000000000000000e+00 0.000000000000000000e+00
0.000000000000000000e+00 0.000000000000000000e+00 0.000000000000000000e+00 0.000000000000000000e+00 0.000000000000000000e+00 0.000000000000000000e+00 0.000000000000000000e+00 0.000000000000000000e+00 0.000000000000000000e+00 0.000000000000000000e+00 0.000000000000000000e+00 0.000000000000000000e+00 0.000000000000000000e+00 0.000000000000000000e+00 0.000000000000000000e+00 0.000000000000000000e+00 0.000000000000000000e+00 0.000000000000000000e+00 0.000000000000000000e+00 0.000000000000000000e+00
