2.013912355135026621e+06 1.156943959415452788e+06 8.033347391742612235e+05 5.246641353745793458e+05 3.053190506873620907e+05 2.066971516344913107e+05 1.297217111418742570e+05 6.553085681379454763e+04 3.623822422017784993e+04 1.013260123167357415e+04 2.256424420920327975e+03 2.388161085181870362e+02 0.000000000000000000e+00 0.000000000000000000e+00 0.000000000000000000e+00 0.000000000000000000e+00 0.000000000000000000e+00 0.000000000000000000e+00 0.000000000000000000e+00 0.000000000000000000e+00
1.156943959415452788e+06 9.779955273404450854e+05 5.339144128561068792e+05 3.615602688051838777e+05 2.096418599090050848e+05 1.472974839799225738e+05 8.545572116202788311e+04 4.401571632764576498e+04 2.299617865967718171e+04 6.196444887612297862e+03 1.499349596059542591e+03 2.084577292892600155e+02 0.000000000000000000e+00 0.000000000000000000e+00 0.000000000000000000e+00 0.000000000000000000e+00 0.000000000000000000e+00 0.000000000000000000e+00 0.000000000000000000e+00 0.000000000000000000e+00
8.033347391742612235e+05 5.339144128561068792e+05 4.824912476929030963e+05 2.488467435397811059e+05 1.426713774025254243e+05 1.002196421155724820e+05 6.027712849056787672e+04 3.315908434050915093e+04 1.535168355820859688e+04 4.758633599767605119e+03 1.080026883464563525e+03 6.217898829190590959e+01 0.000000000000000000e+00 0.000000000000000000e+00 0.000000000000000000e+00 0.000000000000000000e+00 0.000000000000000000e+00 0.000000000000000000e+00 0.000000000000000000e+00 0.000000000000000000e+00
5.246641353745793458e+05 3.615602688051838777e+05 2.488467435397811059e+05 2.251994413815602311e+05 9.479645922316770884e+04 6.684061573801959457e+04 3.955901554517906334e+04 2.114558398114605734e+04 1.015185813378223611e+04 3.047644828343201425e+03 9.879754153827373102e+02 3.902215455731861482e+01 0.000000000000000000e+00 0.000000000000000000e+00 0.000000000000000000e+00 0.000000000000000000e+00 0.000000000000000000e+00 0.000000000000000000e+00 0.000000000000000000e+00 0.000000000000000000e+00
3.053190506873620907e+05 2.096418599090050848e+05 1.426713774025254243e+05 9.479645922316770884e+04 9.135138353436460602e+04 3.962813243802435318e+04 2.357060709656683684e+04 1.303997849318075896e+04 5.747931801583957167e+03 1.861323788499337297e+03 4.727645476454977711e+02 4.545997971978187735e+01 0.000000000000000000e+00 0.000000000000000000e+00 0.000000000000000000e+00 0.000000000000000000e+00 0.000000000000000000e+00 0.000000000000000000e+00 0.000000000000000000e+00 0.000000000000000000e+00
2.066971516344913107e+05 1.472974839799225738e+05 1.002196421155724820e+05 6.684061573801959457e+04 3.962813243802435318e+04 4.662022922510679200e+04 1.689228369573524833e+04 8.887676706947628190e+03 4.251238708110619882e+03 1.347725204069942265e+03 3.570312810997604061e+02 3.613908699477410380e+01 0.000000000000000000e+00 0.000000000000000000e+00 0.000000000000000000e+00 0.000000000000000000e+00 0.000000000000000000e+00 0.000000000000000000e+00 0.000000000000000000e+00 0.000000000000000000e+00
1.297217111418742570e+05 8.545572116202788311e+04 6.027712849056787672e+04 3.955901554517906334e+04 2.357060709656683684e+04 1.689228369573524833e+04 1.923407053153502056e+04 5.448997645098804242e+03 2.497109527285423155e+03 6.218471019149823178e+02 2.288822232142922530e+02 5.337132477940470210e+01 0.000000000000000000e+00 0.000000000000000000e+00 0.000000000000000000e+00 0.000000000000000000e+00 0.000000000000000000e+00 0.000000000000000000e+00 0.000000000000000000e+00 0.000000000000000000e+00
6.553085681379454763e+04 4.401571632764576498e+04 3.315908434050915093e+04 2.114558398114605734e+04 1.303997849318075896e+04 8.887676706947628190e+03 5.448997645098804242e+03 7.150420886806838098e+03 1.242216142082032547e+03 5.233381736963475532e+02 1.490558223110872120e+02 3.503009084336867573e+01 0.000000000000000000e+00 0.000000000000000000e+00 0.000000000000000000e+00 0.000000000000000000e+00 0.000000000000000000e+00 0.000000000000000000e+00 0.000000000000000000e+00 0.000000000000000000e+00
3.623822422017784993e+04 2.299617865967718171e+04 1.535168355820859688e+04 1.015185813378223611e+04 5.747931801583957167e+03 4.251238708110619882e+03 2.497109527285423155e+03 1.242216142082032547e+03 2.344895496672437730e+03 2.123855302499804054e+02 6.588846476024200172e+01 1.744284946764364719e+01 0.000000000000000000e+00 0.000000000000000000e+00 0.000000000000000000e+00 0.000000000000000000e+00 0.000000000000000000e+00 0.000000000000000000e+00 0.000000000000000000e+00 0.000000000000000000e+00
1.013260123167357415e+04 6.196444887612297862e+03 4.758633599767605119e+03 3.047644828343201425e+03 1.861323788499337297e+03 1.347725204069942265e+03 6.218471019149823178e+02 5.233381736963475532e+02 2.123855302499804054e+02 5.969893066219188995e+02 2.871435739736765314e+01 6.379663914415104609e-01 0.000000000000000000e+00 0.000000000000000000e+00 0.000000000000000000e+00 0.000000000000000000e+00 0.000000000000000000e+00 0.000000000000000000e+00 0.000000000000000000e+00 0.000000000000000000e+00
2.256424420920327975e+03 1.499349596059542591e+03 1.080026883464563525e+03 9.879754153827373102e+02 4.727645476454977711e+02 3.570312810997604061e+02 2.288822232142922530e+02 1.490558223110872120e+02 6.588846476024200172e+01 2.871435739736765314e+01 1.091551018322192448e+02 -1.903654659579411268e+00 0.000000000000000000e+00 0.000000000000000000e+00 0.000000000000000000e+00 0.000000000000000000e+00 0.000000000000000000e+00 0.000000000000000000e+00 0.000000000000000000e+00 0.000000000000000000e+00
2.388161085181870362e+02 2.084577292892600155e+02 6.217898829190590959e+01 3.902215455731861482e+01 4.545997971978187735e+01 3.613908699477410380e+01 5.337132477940470210e+01 3.503009084336867573e+01 1.744284946764364719e+01 6.379663914415104609e-01 -1.903654659579411268e+00 1.272920371060247113e+01 0.000000000000000000e+00 0.000000000000000000e+00 0.000000000000000000e+00 0.000000000000000000e+00 0.000000000000000000e+00 0.000000000000000000e+00 0.000000000000000000e+00 0.000000000000000000e+00
0.000000000000000000e+00 0.000000000000000000e+00 0.000000000000000000e+00 0.000000000000000000e+00 0.000000000000000000e+00 0.000000000000000000e+00 0.000000000000000000e+00 0.000000000000000000e+00 0.000000000000000000e+00 0.000000000000000000e+00 0.000000000000000000e+00 0.000000000000000000e+00 0.000000000000000000e+00 0.000000000000000000e+00 0.000000000000000000e+00 0.000000000000000000e+00 0.000000000000000000e+00 0.000000000000000000e+00 0.000000000000000000e+00 0.000000000000000000e+00
0.000000000000000000e+00 0.000000000000000000e+00 0.000000000000000000e+00 0.000000000000000000e+00 0.000000000000000000e+00 0.000000000000000000e+00 0.000000000000000000e+00 0.000000000000000000e+00 0.000000000000000000e+00 0.000000000000000000e+00 0.000000000000000000e+00 0.000000000000000000e+00 0.000000000000000000e+00 0.000000000000000000e+00 0.000000000000000000e+00 0.000000000000000000e+00 0.000000000000000000e+00 0.000000000000000000e+00 0.000000000000000000e+00 0.000000000000000000e+00
0.000000000000000000e+00 0.000000000000000000e+00 0.000000000000000000e+00 0.000000000000000000e+00 0.000000000000000000e+00 0.000000000000000000e+00 0.000000000000000000e+00 0.000000000000000000e+00 0.000000000000000000e+00 0.000000000000000000e+00 0.000000000000000000e+00 0.000000000000000000e+00 0.000000000000000000e+00 0.000000000000000000e+00 0.000000000000000000e+00 0.000000000000000000e+00 0.000000000000000000e+00 0.000000000000000000e+00 0.000000000000000000e+00 0.000000000000000000e+00
0.000000000000000000e+00 0.000000000000000000e+00 0.000000000000000000e+00 0.000000000000000000e+00 0.000000000000000000e+00 0.000000000000000000e+00 0.000000000000000000e+00 0.000000000000000000e+00 0.000000000000000000e+00 0.000000000000000000e+00 0.000000000000000000e+00 0.000000000000000000e+00 0.000000000000000000e+00 0.000000000000000000e+00 0.000000000000000000e+00 0.000000000000000000e+00 0.000000000000000000e+00 0.000000000000000000e+00 0.000000000000000000e+00 0.000000000000000000e+00
0.000000000000000000e+00 0.000000000000000000e+00 0.000000000000000000e+00 0.000000000000000000e+00 0.000000000000000000e+00 0.000000000000000000e+00 0.000000000000000000e+00 0.000000000000000000e+00 0.000000000000000000e+00 0.000000000000000000e+00 0.000000000000000000e+00 0.000000000000000000e+00 0.000000000000000000e+00 0.000000000000000000e+00 0.000000000000000000e+00 0.000000000000000000e+00 0.000000000000000000e+00 0.000000000000000000e+00 0.000000000000000000e+00 0.000000000000000000e+00
0.000000000000000000e+00 0.000000000000000000e+00 0.000000000000000000e+00 0.000000000000000000e+00 0.000000000000000000e+00 0.000000000000000000e+00 0.000000000000000000e+00 0.000000000000000000e+00 0.000000000000000000e+00 0.000000000000000000e+00 0.000000000000000000e+00 0.000000000000000000e+00 0.000000000000000000e+00 0.000000000000000000e+00 0.000000000000000000e+00 0.000000000000000000e+00 0.000000000000000000e+00 0.000000000000000000e+00 0.000000000000000000e+00 0.000000000000000000e+00
0.000000000000000000e+00 0.000000000000000000e+00 0.000000000000000000e+00 0.000000000000000000e+00 0.000000000000000000e+00 0.000000000000000000e+00 0.000000000000000000e+00 0.000000000000000000e+00 0.000000000000000000e+00 0.000000000000000000e+00 0.000000000000000000e+00 0.000000000000000000e+00 0.000000000000000000e+00 0.000000000000000000e+00 0.000000000000000000e+00 0.000000000000000000e+00 0.000000000000000000e+00 0.000000000000000000e+00 0.000000000000000000e+00 0.000000000000000000e+00
0.000000000000000000e+00 0.000000000000000000e+00 0.000000000000000000e+00 0.000000000000000000e+00 0.000000000000000000e+00 0.000000000000000000e+00 0.000000000000000000e+00 0.000000000000000000e+00 0.000000000000000000e+00 0.000000000000000000e+00 0.000000000000000000e+00 0.000000000000000000e+00 0.000000000000000000e+00 0.000000000000000000e+00 0.000000000000000000e+00 0.000000000000000000e+00 0.000000000000000000e+00 0.000000000000000000e+00 0.000000000000000000e+00 0.000000000000000000e+00
