2.119209568614766467e+06 1.206179718716648174e+06 8.645759641840850236e+05 5.937282476037923479e+05 3.558318752899600076e+05 2.359054699081876897e+05 1.507538417361738393e+05 8.811485561215986672e+04 4.650841268565007340e+04 1.805162235808876358e+04 5.169505304544001774e+03 1.489037979496922844e+03 1.227359402884678552e+01 0.000000000000000000e+00 0.000000000000000000e+00 0.000000000000000000e+00 0.000000000000000000e+00 0.000000000000000000e+00 0.000000000000000000e+00 0.000000000000000000e+00
1.206179718716648174e+06 1.020884678995179245e+06 5.779667663982588565e+05 4.040214863667999743e+05 2.438191753294215887e+05 1.549285636678903247e+05 1.033855182483090903e+05 6.026228938610354089e+04 3.175578682137414580e+04 1.161073132497170263e+04 3.191158408221569971e+03 9.614118888910351188e+02 3.261698752977580540e+01 0.000000000000000000e+00 0.000000000000000000e+00 0.000000000000000000e+00 0.000000000000000000e+00 0.000000000000000000e+00 0.000000000000000000e+00 0.000000000000000000e+00
8.645759641840850236e+05 5.779667663982588565e+05 5.278013988001229009e+05 2.941423967458987026e+05 1.717687238296730211e+05 1.136605256661768362e+05 7.585125350126301055e+04 4.411613839871821983e+04 2.240718036321484396e+04 8.195343810492800912e+03 2.524315243124013705e+03 5.660168370214501010e+02 3.021218146451312148e+00 0.000000000000000000e+00 0.000000000000000000e+00 0.000000000000000000e+00 0.000000000000000000e+00 0.000000000000000000e+00 0.000000000000000000e+00 0.000000000000000000e+00
5.937282476037923479e+05 4.040214863667999743e+05 2.941423967458987026e+05 2.706335108102047234e+05 1.206065651059105730e+05 7.829746031839812349e+04 5.431652230151894764e+04 2.957240007143020193e+04 1.618842307193180932e+04 6.085905982758957180e+03 1.990209956898816245e+03 3.773446582104867844e+02 -5.958206672036415519e+00 0.000000000000000000e+00 0.000000000000000000e+00 0.000000000000000000e+00 0.000000000000000000e+00 0.000000000000000000e+00 0.000000000000000000e+00 0.000000000000000000e+00
3.558318752899600076e+05 2.438191753294215887e+05 1.717687238296730211e+05 1.206065651059105730e+05 1.152535808260642661e+05 4.456500400081838598e+04 3.063448687037519630e+04 1.820219375211099032e+04 9.903057477275780911e+03 3.333814001244194969e+03 1.006449750936700525e+03 3.512457363187568262e+02 -1.746579473259991033e+01 0.000000000000000000e+00 0.000000000000000000e+00 0.000000000000000000e+00 0.000000000000000000e+00 0.000000000000000000e+00 0.000000000000000000e+00 0.000000000000000000e+00
2.359054699081876897e+05 1.549285636678903247e+05 1.136605256661768362e+05 7.829746031839812349e+04 4.456500400081838598e+04 5.406002277582150418e+04 2.238406073260409903e+04 1.210381253869209650e+04 6.417728149717547240e+03 2.529294843407072676e+03 7.855851922114929948e+02 1.860206864749544593e+02 -3.856732989648684606e-01 0.000000000000000000e+00 0.000000000000000000e+00 0.000000000000000000e+00 0.000000000000000000e+00 0.000000000000000000e+00 0.000000000000000000e+00 0.000000000000000000e+00
1.507538417361738393e+05 1.033855182483090903e+05 7.585125350126301055e+04 5.431652230151894764e+04 3.063448687037519630e+04 2.238406073260409903e+04 2.649694103842124605e+04 8.650796803146020466e+03 4.460056107233177499e+03 1.379944728553638924e+03 4.067763569570117852e+02 1.698844374776439281e+02 -3.485225637604379312e+00 0.000000000000000000e+00 0.000000000000000000e+00 0.000000000000000000e+00 0.000000000000000000e+00 0.000000000000000000e+00 0.000000000000000000e+00 0.000000000000000000e+00
8.811485561215986672e+04 6.026228938610354089e+04 4.411613839871821983e+04 2.957240007143020193e+04 1.820219375211099032e+04 1.210381253869209650e+04 8.650796803146020466e+03 1.017178599472165115e+04 2.437839272033455927e+03 9.168152694307000274e+02 3.091980803502582944e+02 7.502884530753020442e+01 6.885042276061432709e+00 0.000000000000000000e+00 0.000000000000000000e+00 0.000000000000000000e+00 0.000000000000000000e+00 0.000000000000000000e+00 0.000000000000000000e+00 0.000000000000000000e+00
4.650841268565007340e+04 3.175578682137414580e+04 2.240718036321484396e+04 1.618842307193180932e+04 9.903057477275780911e+03 6.417728149717547240e+03 4.460056107233177499e+03 2.437839272033455927e+03 3.462753434633128563e+03 5.805580666632807834e+02 1.240389232567758029e+02 6.107519289048366318e+01 1.272290656530923991e+00 0.000000000000000000e+00 0.000000000000000000e+00 0.000000000000000000e+00 0.000000000000000000e+00 0.000000000000000000e+00 0.000000000000000000e+00 0.000000000000000000e+00
1.805162235808876358e+04 1.161073132497170263e+04 8.195343810492800912e+03 6.085905982758957180e+03 3.333814001244194969e+03 2.529294843407072676e+03 1.379944728553638924e+03 9.168152694307000274e+02 5.805580666632807834e+02 1.099400061548612712e+03 5.468772628585509210e+01 3.668315465460508307e+01 3.454452672975721339e-01 0.000000000000000000e+00 0.000000000000000000e+00 0.000000000000000000e+00 0.000000000000000000e+00 0.000000000000000000e+00 0.000000000000000000e+00 0.000000000000000000e+00
5.169505304544001774e+03 3.191158408221569971e+03 2.524315243124013705e+03 1.990209956898816245e+03 1.006449750936700525e+03 7.855851922114929948e+02 4.067763569570117852e+02 3.091980803502582944e+02 1.240389232567758029e+02 5.468772628585509210e+01 2.580507852242609488e+02 5.369378870248698199e+00 -4.532968114606253374e-01 0.000000000000000000e+00 0.000000000000000000e+00 0.000000000000000000e+00 0.000000000000000000e+00 0.000000000000000000e+00 0.000000000000000000e+00 0.000000000000000000e+00
1.489037979496922844e+03 9.614118888910351188e+02 5.660168370214501010e+02 3.773446582104867844e+02 3.512457363187568262e+02 1.860206864749544593e+02 1.698844374776439281e+02 7.502884530753020442e+01 6.107519289048366318e+01 3.668315465460508307e+01 5.369378870248698199e+00 4.370185905603671728e+01 -9.417695825694666345e-02 0.000000000000000000e+00 0.000000000000000000e+00 0.000000000000000000e+00 0.000000000000000000e+00 0.000000000000000000e+00 0.000000000000000000e+00 0.000000000000000000e+00
1.227359402884678552e+01 3.261698752977580540e+01 3.021218146451312148e+00 -5.958206672036415519e+00 -1.746579473259991033e+01 -3.856732989648684606e-01 -3.485225637604379312e+00 6.885042276061432709e+00 1.272290656530923991e+00 3.454452672975721339e-01 -4.532968114606253374e-01 -9.417695825694666345e-02 1.002506160557812720e+00 0.000000000000000000e+00 0.000000000000000000e+00 0.000000000000000000e+00 0.000000000000000000e+00 0.000000000000000000e+00 0.000000000000000000e+00 0.000000000000000000e+00
0.000000000000000000e+00 0.000000000000000000e+00 0.000000000000000000e+00 0.000000000000000000e+00 0.000000000000000000e+00 0.000000000000000000e+00 0.000000000000000000e+00 0.000000000000000000e+00 0.000000000000000000e+00 0.000000000000000000e+00 0.000000000000000000e+00 0.000000000000000000e+00 0.000000000000000000e+00 0.000000000000000000e+00 0.000000000000000000e+00 0.000000000000000000e+00 0.000000000000000000e+00 0.000000000000000000e+00 0.000000000000000000e+00 0.000000000000000000e+00
0.000000000000000000e+00 0.000000000000000000e+00 0.000000000000000000e+00 0.000000000000000000e+00 0.000000000000000000e+00 0.000000000000000000e+00 0.000000000000000000e+00 0.000000000000000000e+00 0.000000000000000000e+00 0.000000000000000000e+00 0.000000000000000000e+00 0.000000000000000000e+00 0.000000000000000000e+00 0.000000000000000000e+00 0.000000000000000000e+00 0.000000000000000000e+00 0.000000000000000000e+00 0.000000000000000000e+00 0.000000000000000000e+00 0.000000000000000000e+00
0.000000000000000000e+00 0.000000000000000000e+00 0.000000000000000000e+00 0.000000000000000000e+00 0.000000000000000000e+00 0.000000000000000000e+00 0.000000000000000000e+00 0.000000000000000000e+00 0.000000000000000000e+00 0.000000000000000000e+00 0.000000000000000000e+00 0.000000000000000000e+00 0.000000000000000000e+00 0.000000000000000000e+00 0.000000000000000000e+00 0.000000000000000000e+00 0.000000000000000000e+00 0.000000000000000000e+00 0.000000000000000000e+00 0.000000000000000000e+00
0.000000000000000000e+00 0.000000000000000000e+00 0.000000000000000000e+00 0.000000000000000000e+00 0.000000000000000000e+00 0.000000000000000000e+00 0.000000000000000000e+00 0.000000000000000000e+00 0.000000000000000000e+00 0.000000000000000000e+00 0.000000000000000000e+00 0.000000000000000000e+00 0.000000000000000000e+00 0.000000000000000000e+00 0.000000000000000000e+00 0.000000000000000000e+00 0.000000000000000000e+00 0.000000000000000000e+00 0.000000000000000000e+00 0.000000000000000000e+00
0.000000000000000000e+00 0.000000000000000000e+00 0.000000000000000000e+00 0.000000000000000000e+00 0.000000000000000000e+00 0.000000000000000000e+00 0.000000000000000000e+00 0.000000000000000000e+00 0.000000000000000000e+00 0.000000000000000000e+00 0.000000000000000000e+00 0.000000000000000000e+00 0.000000000000000000e+00 0.000000000000000000e+00 0.000000000000000000e+00 0.000000000000000000e+00 0.000000000000000000e+00 0.000000000000000000e+00 0.000000000000000000e+00 0.000000000000000000e+00
0.000000000000000000e+00 0.000000000000000000e+00 0.000000000000000000e+00 0.000000000000000000e+00 0.000000000000000000e+00 0.000000000000000000e+00 0.000000000000000000e+00 0.000000000000000000e+00 0.000000000000000000e+00 0.000000000000000000e+00 0.000000000000000000e+00 0.000000000000000000e+00 0.000000000000000000e+00 0.000000000000000000e+00 0.000000000000000000e+00 0.000000000000000000e+00 0.000000000000000000e+00 0.000000000000000000e+00 0.000000000000000000e+00 0.000000000000000000e+00
0.000000000000000000e+00 0.000000000000000000e+00 0.000000000000000000e+00 0.000000000000000000e+00 0.000000000000000000e+00 0.000000000000000000e+00 0.000000000000000000e+00 0.000000000000000000e+00 0.000000000000000000e+00 0.000000000000000000e+00 0.000000000000000000e+00 0.000000000000000000e+00 0.000000000000000000e+00 0.000000000000000000e+00 0.000000000000000000e+00 0.000000000000000000e+00 0.000000000000000000e+00 0.000000000000000000e+00 0.000000000000000000e+00 0.000000000000000000e+00
