1.880823818216678221e+06 1.091231562091157539e+06 7.287784354699532269e+05 4.396462126864549355e+05 2.802540989026472089e+05 1.906385364364405687e+05 9.771222753778118931e+04 4.882126091151287255e+04 2.001681071522682760e+04 4.267470303106926622e+03 6.093311901553256575e+02 1.301015466230019513e+02 0.000000000000000000e+00 0.000000000000000000e+00 0.000000000000000000e+00 0.000000000000000000e+00 0.000000000000000000e+00 0.000000000000000000e+00 0.000000000000000000e+00 0.000000000000000000e+00
1.091231562091157539e+06 9.115144165202168515e+05 4.905473491570184124e+05 2.952652285871808999e+05 1.846469713074957253e+05 1.264485551533317921e+05 6.659192222242240678e+04 3.232405261512165816e+04 1.290888115437194938e+04 3.236983359415607083e+03 3.865166538081165868e+02 1.685345167826643547e+02 0.000000000000000000e+00 0.000000000000000000e+00 0.000000000000000000e+00 0.000000000000000000e+00 0.000000000000000000e+00 0.000000000000000000e+00 0.000000000000000000e+00 0.000000000000000000e+00
7.287784354699532269e+05 4.905473491570184124e+05 4.352066101896436885e+05 1.939319729416513583e+05 1.281007021969859343e+05 8.789814187197828142e+04 4.590526028684732592e+04 2.226636616938739098e+04 8.649125134910038469e+03 2.672523548231209134e+03 4.055683641070550038e+02 9.700586348864321451e+01 0.000000000000000000e+00 0.000000000000000000e+00 0.000000000000000000e+00 0.000000000000000000e+00 0.000000000000000000e+00 0.000000000000000000e+00 0.000000000000000000e+00 0.000000000000000000e+00
4.396462126864549355e+05 2.952652285871808999e+05 1.939319729416513583e+05 1.759692649183642352e+05 7.592496358558734937e+04 5.349370955159005825e+04 2.638408853218873264e+04 1.335613126056087822e+04 6.013781737728808366e+03 1.637370161567590912e+03 1.814938039084703405e+02 5.013358716372073332e+01 0.000000000000000000e+00 0.000000000000000000e+00 0.000000000000000000e+00 0.000000000000000000e+00 0.000000000000000000e+00 0.000000000000000000e+00 0.000000000000000000e+00 0.000000000000000000e+00
2.802540989026472089e+05 1.846469713074957253e+05 1.281007021969859343e+05 7.592496358558734937e+04 8.022963786944741150e+04 3.495588098500158958e+04 1.841932450339690695e+04 8.178429752975740485e+03 3.382946152408023408e+03 9.291726020390549365e+02 1.125135197224620214e+02 4.128635364082491321e+01 0.000000000000000000e+00 0.000000000000000000e+00 0.000000000000000000e+00 0.000000000000000000e+00 0.000000000000000000e+00 0.000000000000000000e+00 0.000000000000000000e+00 0.000000000000000000e+00
1.906385364364405687e+05 1.264485551533317921e+05 8.789814187197828142e+04 5.349370955159005825e+04 3.495588098500158958e+04 3.981514092580800934e+04 1.191021488803362990e+04 5.878204759058817217e+03 2.369271691973993256e+03 5.134927342057299029e+02 8.183924852837073161e+01 4.134722971961792837e+01 0.000000000000000000e+00 0.000000000000000000e+00 0.000000000000000000e+00 0.000000000000000000e+00 0.000000000000000000e+00 0.000000000000000000e+00 0.000000000000000000e+00 0.000000000000000000e+00
9.771222753778118931e+04 6.659192222242240678e+04 4.590526028684732592e+04 2.638408853218873264e+04 1.841932450339690695e+04 1.191021488803362990e+04 1.313820689607267013e+04 2.971757801860210293e+03 1.290580058490522788e+03 3.940031257348346685e+02 5.430732145762443963e+01 3.354346039761327347e+01 0.000000000000000000e+00 0.000000000000000000e+00 0.000000000000000000e+00 0.000000000000000000e+00 0.000000000000000000e+00 0.000000000000000000e+00 0.000000000000000000e+00 0.000000000000000000e+00
4.882126091151287255e+04 3.232405261512165816e+04 2.226636616938739098e+04 1.335613126056087822e+04 8.178429752975740485e+03 5.878204759058817217e+03 2.971757801860210293e+03 4.438665654937312866e+03 6.362756265568449408e+02 2.348465196402871698e+02 2.130688919000094472e+01 8.915346902605708834e+00 0.000000000000000000e+00 0.000000000000000000e+00 0.000000000000000000e+00 0.000000000000000000e+00 0.000000000000000000e+00 0.000000000000000000e+00 0.000000000000000000e+00 0.000000000000000000e+00
2.001681071522682760e+04 1.290888115437194938e+04 8.649125134910038469e+03 6.013781737728808366e+03 3.382946152408023408e+03 2.369271691973993256e+03 1.290580058490522788e+03 6.362756265568449408e+02 1.298442615654773817e+03 7.725698324936918482e+01 2.660700761210361520e+01 8.455476522823042629e+00 0.000000000000000000e+00 0.000000000000000000e+00 0.000000000000000000e+00 0.000000000000000000e+00 0.000000000000000000e+00 0.000000000000000000e+00 0.000000000000000000e+00 0.000000000000000000e+00
4.267470303106926622e+03 3.236983359415607083e+03 2.672523548231209134e+03 1.637370161567590912e+03 9.291726020390549365e+02 5.134927342057299029e+02 3.940031257348346685e+02 2.348465196402871698e+02 7.725698324936918482e+01 2.752832562960680320e+02 5.732695246304353454e+00 1.177797072743890228e-01 0.000000000000000000e+00 0.000000000000000000e+00 0.000000000000000000e+00 0.000000000000000000e+00 0.000000000000000000e+00 0.000000000000000000e+00 0.000000000000000000e+00 0.000000000000000000e+00
6.093311901553256575e+02 3.865166538081165868e+02 4.055683641070550038e+02 1.814938039084703405e+02 1.125135197224620214e+02 8.183924852837073161e+01 5.430732145762443963e+01 2.130688919000094472e+01 2.660700761210361520e+01 5.732695246304353454e+00 3.363508299642695221e+01 -4.239162043788783363e-01 0.000000000000000000e+00 0.000000000000000000e+00 0.000000000000000000e+00 0.000000000000000000e+00 0.000000000000000000e+00 0.000000000000000000e+00 0.000000000000000000e+00 0.000000000000000000e+00
1.301015466230019513e+02 1.685345167826643547e+02 9.700586348864321451e+01 5.013358716372073332e+01 4.128635364082491321e+01 4.134722971961792837e+01 3.354346039761327347e+01 8.915346902605708834e+00 8.455476522823042629e+00 1.177797072743890228e-01 -4.239162043788783363e-01 5.957598763542834241e+00 0.000000000000000000e+00 0.000000000000000000e+00 0.000000000000000000e+00 0.000000000000000000e+00 0.000000000000000000e+00 0.000000000000000000e+00 0.000000000000000000e+00 0.000000000000000000e+00
0.000000000000000000e+00 0.000000000000000000e+00 0.000000000000000000e+00 0.000000000000000000e+00 0.000000000000000000e+00 0.000000000000000000e+00 0.000000000000000000e+00 0.000000000000000000e+00 0.000000000000000000e+00 0.000000000000000000e+00 0.000000000000000000e+00 0.000000000000000000e+00 0.000000000000000000e+00 0.000000000000000000e+00 0.000000000000000000e+00 0.000000000000000000e+00 0.000000000000000000e+00 0.000000000000000000e+00 0.000000000000000000e+00 0.000000000000000000e+00
0.000000000000000000e+00 0.000000000000000000e+00 0.000000000000000000e+00 0.000000000000000000e+00 0.000000000000000000e+00 0.000000000000000000e+00 0.000000000000000000e+00 0.000000000000000000e+00 0.000000000000000000e+00 0.000000000000000000e+00 0.000000000000000000e+00 0.000000000000000000e+00 0.000000000000000000e+00 0.000000000000000000e+00 0.000000000000000000e+00 0.000000000000000000e+00 0.000000000000000000e+00 0.000000000000000000e+00 0.000000000000000000e+00 0.000000000000000000e+00
0.000000000000000000e+00 0.000000000000000000e+00 0.000000000000000000e+00 0.000000000000000000e+00 0.000000000000000000e+00 0.000000000000000000e+00 0.000000000000000000e+00 0.000000000000000000e+00 0.000000000000000000e+00 0.000000000000000000e+00 0.000000000000000000e+00 0.000000000000000000e+00 0.000000000000000000e+00 0.000000000000000000e+00 0.000000000000000000e+00 0.000000000000000000e+00 0.000000000000000000e+00 0.000000000000000000e+00 0.000000000000000000e+00 0.000000000000000000e+00
0.000000000000000000e+00 0.000000000000000000e+00 0.000000000000000000e+00 0.000000000000000000e+00 0.000000000000000000e+00 0.000000000000000000e+00 0.000000000000000000e+00 0.000000000000000000e+00 0.000000000000000000e+00 0.000000000000000000e+00 0.000000000000000000e+00 0.000000000000000000e+00 0.000000000000000000e+00 0.000000000000000000e+00 0.000000000000000000e+00 0.000000000000000000e+00 0.000000000000000000e+00 0.000000000000000000e+00 0.000000000000000000e+00 0.000000000000000000e+00
0.000000000000000000e+00 0.000000000000000000e+00 0.000000000000000000e+00 0.000000000000000000e+00 0.000000000000000000e+00 0.000000000000000000e+00 0.000000000000000000e+00 0.000000000000000000e+00 0.000000000000000000e+00 0.000000000000000000e+00 0.000000000000000000e+00 0.000000000000000000e+00 0.000000000000000000e+00 0.000000000000000000e+00 0.000000000000000000e+00 0.000000000000000000e+00 0.000000000000000000e+00 0.000000000000000000e+00 0.000000000000000000e+00 0.000000000000000000e+00
0.000000000000000000e+00 0.000000000000000000e+00 0.000000000000000000e+00 0.000000000000000000e+00 0.000000000000000000e+00 0.000000000000000000e+00 0.000000000000000000e+00 0.000000000000000000e+00 0.000000000000000000e+00 0.000000000000000000e+00 0.000000000000000000e+00 0.000000000000000000e+00 0.000000000000000000e+00 0.000000000000000000e+00 0.000000000000000000e+00 0.000000000000000000e+00 0.000000000000000000e+00 0.000000000000000000e+00 0.000000000000000000e+00 0.000000000000000000e+00
0.000000000000000000e+00 0.000000000000000000e+00 0.000000000000000000e+00 0.000000000000000000e+00 0.000000000000000000e+00 0.000000000000000000e+00 0.000000000000000000e+00 0.000000000000000000e+00 0.000000000000000000e+00 0.000000000000000000e+00 0.000000000000000000e+00 0.000000000000000000e+00 0.000000000000000000e+00 0.000000000000000000e+00 0.000000000000000000e+00 0.000000000000000000e+00 0.000000000000000000e+00 0.000000000000000000e+00 0.000000000000000000e+00 0.000000000000000000e+00
0.000000000000000000e+00 0.000000000000000000e+00 0.000000000000000000e+00 0.000000000000000000e+00 0.000000000000000000e+00 0.000000000000000000e+00 0.000000000000000000e+00 0.000000000000000000e+00 0.000000000000000000e+00 0.000000000000000000e+00 0.000000000000000000e+00 0.000000000000000000e+00 0.000000000000000000e+00 0.000000000000000000e+00 0.000000000000000000e+00 0.000000000000000000e+00 0.000000000000000000e+00 0.000000000000000000e+00 0.000000000000000000e+00 0.000000000000000000e+00
