3.637525016351755476e+05 2.045949283952982514e+05 1.367745043994682492e+05 8.429745981943349761e+04 5.046206350826017297e+04 2.906330749096786531e+04 1.461176906369989410e+04 6.419207548676386068e+03 2.131257469518625385e+03 6.028488246737595091e+02 8.858824066488536175e+01 3.439693107693210550e+01 -5.516122919296823079e-01
2.045949283952982514e+05 1.651538514338273089e+05 8.997262955214393151e+04 5.577461666685935052e+04 3.356685197558593791e+04 1.928321733382723323e+04 9.789479275650523050e+03 4.388364620727518741e+03 1.454312085022521842e+03 4.175320873843580785e+02 6.010958156674887221e+01 2.089396919173829303e+01 2.531692416761262970e-02
1.367745043994682492e+05 8.997262955214393151e+04 7.677996513410523767e+04 3.694715354767046665e+04 2.253496820320273764e+04 1.258285692525449304e+04 6.540935804019834904e+03 2.777261682458233736e+03 9.795361529958211122e+02 2.778216777612825581e+02 4.744494848127504127e+01 1.515027221074376129e+01 8.052958251266149059e-01
8.429745981943349761e+04 5.577461666685935052e+04 3.694715354767046665e+04 3.325651861938949150e+04 1.416245720809532577e+04 8.166545889559897660e+03 4.083016698045773410e+03 1.839686883358988098e+03 5.891845165148121168e+02 1.953330985076518687e+02 3.000134608415432780e+01 1.227935709984257429e+01 3.388943958954514502e-01
5.046206350826017297e+04 3.356685197558593791e+04 2.253496820320273764e+04 1.416245720809532577e+04 1.348363946706205570e+04 4.976816745621232258e+03 2.479718832647384261e+03 1.093714416326463379e+03 3.811822661574847189e+02 1.124802811139853986e+02 1.459171323615692906e+01 7.405825520224505354e+00 -1.713663086802970081e-01
2.906330749096786531e+04 1.928321733382723323e+04 1.258285692525449304e+04 8.166545889559897660e+03 4.976816745621232258e+03 5.212171350616001291e+03 1.423022520612970766e+03 6.713317177810287149e+02 2.042690570087029585e+02 5.558248181845937097e+01 1.289284217525665177e+01 4.848417361822916938e+00 -7.847351519186759883e-02
1.461176906369989410e+04 9.789479275650523050e+03 6.540935804019834904e+03 4.083016698045773410e+03 2.479718832647384261e+03 1.423022520612970766e+03 1.765668889696623864e+03 3.498147425425726169e+02 1.281821576176120914e+02 3.994577259599363117e+01 5.140313143903869175e+00 1.489965696109785798e+00 -3.742716991251203440e-02
6.419207548676386068e+03 4.388364620727518741e+03 2.777261682458233736e+03 1.839686883358988098e+03 1.093714416326463379e+03 6.713317177810287149e+02 3.498147425425726169e+02 5.288305619583559292e+02 4.784338458951056339e+01 1.893372335472940193e+01 3.741823317960096595e+00 1.220866562817176426e+00 5.445174508960737292e-02
2.131257469518625385e+03 1.454312085022521842e+03 9.795361529958211122e+02 5.891845165148121168e+02 3.811822661574847189e+02 2.042690570087029585e+02 1.281821576176120914e+02 4.784338458951056339e+01 1.279546621098813830e+02 7.961916697293125011e+00 1.114095239918481806e+00 -1.806790232624062549e-03 -7.146761432143601891e-03
6.028488246737595091e+02 4.175320873843580785e+02 2.778216777612825581e+02 1.953330985076518687e+02 1.124802811139853986e+02 5.558248181845937097e+01 3.994577259599363117e+01 1.893372335472940193e+01 7.961916697293125011e+00 2.635390138769738400e+01 1.800731567103266428e-01 7.600586367593933912e-02 3.006940911750473691e-02
8.858824066488536175e+01 6.010958156674887221e+01 4.744494848127504127e+01 3.000134608415432780e+01 1.459171323615692906e+01 1.289284217525665177e+01 5.140313143903869175e+00 3.741823317960096595e+00 1.114095239918481806e+00 1.800731567103266428e-01 4.000073484239659471e+00 1.766332000203716529e-02 -1.334388807047129366e-03
3.439693107693210550e+01 2.089396919173829303e+01 1.515027221074376129e+01 1.227935709984257429e+01 7.405825520224505354e+00 4.848417361822916938e+00 1.489965696109785798e+00 1.220866562817176426e+00 -1.806790232624062549e-03 7.600586367593933912e-02 1.766332000203716529e-02 5.184240987525402522e-01 -3.139223028456779589e-04
-5.516122919296823079e-01 2.531692416761262970e-02 8.052958251266149059e-01 3.388943958954514502e-01 -1.713663086802970081e-01 -7.847351519186759883e-02 -3.742716991251203440e-02 5.445174508960737292e-02 -7.146761432143601891e-03 3.006940911750473691e-02 -1.334388807047129366e-03 -3.139223028456779589e-04 4.009906725441389486e-02
