4.256601199999999953e+05 1.943540600000000268e+05 9.172907200000000012e+04 3.700729600000000210e+04 1.130704520000000048e+04 2.211660319999999956e+03 2.274954240000000141e+02 8.146634399999999943e+00
1.943540600000000268e+05 1.226367520000000077e+05 4.839577199999999721e+04 1.913675159999999960e+04 5.839104000000000269e+03 1.156453400000000101e+03 1.355837879999999984e+02 6.516700799999999738e+00
9.172907200000000012e+04 4.839577199999999721e+04 3.151072000000000116e+04 9.520890799999999217e+03 2.961122400000000198e+03 5.935973999999999933e+02 6.854850799999999822e+01 3.892694800000000122e+00
3.700729600000000210e+04 1.913675159999999960e+04 9.520890799999999217e+03 6.426764000000001033e+03 1.212195719999999937e+03 2.282420119999999883e+02 2.869876000000000005e+01 1.809583999999999859e+00
1.130704520000000048e+04 5.839104000000000269e+03 2.961122400000000198e+03 1.212195719999999937e+03 9.969058399999998983e+02 8.795428400000000124e+01 1.159785039999999867e+01 8.449091999999999159e-01
2.211660319999999956e+03 1.156453400000000101e+03 5.935973999999999933e+02 2.282420119999999883e+02 8.795428400000000124e+01 1.092539320000000060e+02 3.031099039999999967e+00 4.475616400000000106e-02
2.274954240000000141e+02 1.355837879999999984e+02 6.854850799999999822e+01 2.869876000000000005e+01 1.159785039999999867e+01 3.031099039999999967e+00 7.669210800000000106e+00 -1.504867599999999868e-02
8.146634399999999943e+00 6.516700799999999738e+00 3.892694800000000122e+00 1.809583999999999859e+00 8.449091999999999159e-01 4.475616400000000106e-02 -1.504867599999999868e-02 1.985957600000000101e-01
