6.057987199999999721e+05 3.160063599999999860e+05 1.807085000000000000e+05 9.753075999999999476e+04 4.796577999999999884e+04 1.945544239999999991e+04 5.558327999999999520e+03 9.204671200000000226e+02 7.383963600000001293e+01
3.160063599999999860e+05 2.226100400000000081e+05 1.077276239999999962e+05 5.811220799999999872e+04 2.851637199999999939e+04 1.185868519999999808e+04 3.292203199999999924e+03 5.597184799999999996e+02 4.148997959999999807e+01
1.807085000000000000e+05 1.077276239999999962e+05 7.981687600000000384e+04 3.355805200000000332e+04 1.646666279999999824e+04 6.838014400000000023e+03 1.880557040000000143e+03 3.282756799999999657e+02 1.828227160000000140e+01
9.753075999999999476e+04 5.811220799999999872e+04 3.355805200000000332e+04 2.615609200000000055e+04 9.050730800000001182e+03 3.631466800000000148e+03 1.037092159999999922e+03 1.901702720000000113e+02 1.193359799999999993e+01
4.796577999999999884e+04 2.851637199999999939e+04 1.646666279999999824e+04 9.050730800000001182e+03 7.435676800000000185e+03 1.891711800000000267e+03 5.393134000000000015e+02 9.043193200000000331e+01 4.464232840000000202e+00
1.945544239999999991e+04 1.185868519999999808e+04 6.838014400000000023e+03 3.631466800000000148e+03 1.891711800000000267e+03 1.716768599999999878e+03 2.339922239999999931e+02 4.315858799999999462e+01 3.783844880000000188e+00
5.558327999999999520e+03 3.292203199999999924e+03 1.880557040000000143e+03 1.037092159999999922e+03 5.393134000000000015e+02 2.339922239999999931e+02 2.670172799999999711e+02 1.259550760000000125e+01 1.239761200000000230e+00
9.204671200000000226e+02 5.597184799999999996e+02 3.282756799999999657e+02 1.901702720000000113e+02 9.043193200000000331e+01 4.315858799999999462e+01 1.259550760000000125e+01 2.918039199999999767e+01 1.603892319999999927e-01
7.383963600000001293e+01 4.148997959999999807e+01 1.828227160000000140e+01 1.193359799999999993e+01 4.464232840000000202e+00 3.783844880000000188e+00 1.239761200000000230e+00 1.603892319999999927e-01 1.418630080000000016e+00
