2.861898756125549553e+05 1.548448252671569062e+05 9.785390607532436843e+04 5.492598435165807314e+04 3.178764049852583048e+04 1.468138374856244263e+04 6.253325497906596866e+03 2.099936778971895365e+03 6.167146736841607435e+02 1.113707814916045606e+02 1.276281611475766553e+01
1.548448252671569062e+05 1.233276010868822486e+05 6.279017719620822754e+04 3.521076400284947158e+04 2.072311100103417266e+04 9.448851313963448774e+03 4.060980273072003911e+03 1.464508754705270576e+03 3.933231124758245869e+02 6.866649390714562173e+01 8.627878359498875938e+00
9.785390607532436843e+04 6.279017719620822754e+04 5.279532436862372560e+04 2.289060845485989194e+04 1.303288276044622762e+04 6.017093116686972280e+03 2.643903655840258580e+03 9.131462945730996807e+02 2.738061228566779732e+02 5.580700798723096057e+01 5.242862370033272157e+00
5.492598435165807314e+04 3.521076400284947158e+04 2.289060845485989194e+04 1.985005294341905392e+04 7.492375598815706326e+03 3.458562160509003206e+03 1.569104745294835766e+03 5.285430846423582807e+02 1.558719997568426550e+02 3.154825566354038457e+01 3.644766468173981533e+00
3.178764049852583048e+04 2.072311100103417266e+04 1.303288276044622762e+04 7.492375598815706326e+03 7.611653470709175053e+03 2.078483019912503096e+03 9.144175938003824058e+02 3.092251071730967737e+02 8.297087339931294991e+01 1.920837870074300469e+01 2.954270159194745560e+00
1.468138374856244263e+04 9.448851313963448774e+03 6.017093116686972280e+03 3.458562160509003206e+03 2.078483019912503096e+03 2.202706703456357900e+03 4.203020103030574433e+02 1.460073268238435560e+02 4.480581339379612871e+01 8.132226099755538229e+00 1.714494908216054769e+00
6.253325497906596866e+03 4.060980273072003911e+03 2.643903655840258580e+03 1.569104745294835766e+03 9.144175938003824058e+02 4.203020103030574433e+02 6.451488052669432136e+02 7.234732641745935666e+01 2.204398874314639656e+01 5.066778696240718638e+00 9.141780842128065521e-01
2.099936778971895365e+03 1.464508754705270576e+03 9.131462945730996807e+02 5.285430846423582807e+02 3.092251071730967737e+02 1.460073268238435560e+02 7.234732641745935666e+01 1.477913751264074733e+02 6.848749352565256743e+00 2.166613897975679937e+00 -1.914597934218075781e-01
6.167146736841607435e+02 3.933231124758245869e+02 2.738061228566779732e+02 1.558719997568426550e+02 8.297087339931294991e+01 4.480581339379612871e+01 2.204398874314639656e+01 6.848749352565256743e+00 3.225694289552883731e+01 2.378521448710363140e-01 7.015491751782122754e-02
1.113707814916045606e+02 6.866649390714562173e+01 5.580700798723096057e+01 3.154825566354038457e+01 1.920837870074300469e+01 8.132226099755538229e+00 5.066778696240718638e+00 2.166613897975679937e+00 2.378521448710363140e-01 4.649962423778094767e+00 1.947657887895436896e-02
1.276281611475766553e+01 8.627878359498875938e+00 5.242862370033272157e+00 3.644766468173981533e+00 2.954270159194745560e+00 1.714494908216054769e+00 9.141780842128065521e-01 -1.914597934218075781e-01 7.015491751782122754e-02 1.947657887895436896e-02 4.394496813444084826e-01
