4.421943776503292029e+05 2.634959209468521876e+05 1.811771780541383196e+05 1.266686737713119946e+05 8.518797100799021428e+04 5.599934935710467107e+04 3.540603270662691648e+04 2.036637293268574649e+04 1.142834175363773284e+04 4.683561916321659737e+03 1.911576359860751154e+03 4.579626054827825214e+02 9.656757110845164505e+01 1.342021969751797528e+01
2.634959209468521876e+05 2.221556352065754181e+05 1.267414586684455426e+05 8.790459888138802489e+04 5.927571132543283602e+04 3.851856191937978292e+04 2.463406769069437723e+04 1.407965564927333071e+04 7.912427871259252242e+03 3.176234023857539796e+03 1.270119362541217697e+03 3.099131406673232618e+02 5.923367548768186452e+01 6.694384263267541435e+00
1.811771780541383196e+05 1.267414586684455426e+05 1.119712875659049751e+05 6.069146291910406580e+04 4.114843458782462403e+04 2.667130915776734037e+04 1.689782173124515975e+04 9.981948389586752455e+03 5.491328418706705634e+03 2.177348516171534357e+03 9.439989164640073795e+02 2.200352941729236136e+02 4.326223877050570366e+01 6.548767616891941756e+00
1.266686737713119946e+05 8.790459888138802489e+04 6.069146291910406580e+04 5.817274417980380531e+04 2.885380776762314053e+04 1.922277294033060753e+04 1.181041094552615687e+04 7.035108821238444762e+03 3.934801576632728938e+03 1.528805304149852645e+03 6.288789691437034435e+02 1.529441901532393047e+02 2.903446999861474609e+01 4.851018012759391596e+00
8.518797100799021428e+04 5.927571132543283602e+04 4.114843458782462403e+04 2.885380776762314053e+04 2.928268794827929378e+04 1.269151587335780096e+04 8.143271929570126304e+03 4.756947898490636362e+03 2.582314540471028522e+03 1.078105078382542388e+03 4.404569110961668912e+02 1.039091738851596176e+02 1.613042040265027310e+01 3.439580252273981564e+00
5.599934935710467107e+04 3.851856191937978292e+04 2.667130915776734037e+04 1.922277294033060753e+04 1.269151587335780096e+04 1.353546753683411225e+04 5.406877006898207583e+03 3.092763031188349942e+03 1.699338250169600997e+03 6.919821201841923539e+02 2.888592230463546571e+02 6.709203389229432446e+01 1.387396357929208612e+01 2.395348258247284701e+00
3.540603270662691648e+04 2.463406769069437723e+04 1.689782173124515975e+04 1.181041094552615687e+04 8.143271929570126304e+03 5.406877006898207583e+03 6.274706094501860207e+03 1.973828728650352332e+03 1.120557630240978597e+03 4.719158179426240167e+02 1.704562783335090614e+02 4.612215436376335020e+01 9.048204015368112252e+00 2.116454593917529436e-01
2.036637293268574649e+04 1.407965564927333071e+04 9.981948389586752455e+03 7.035108821238444762e+03 4.756947898490636362e+03 3.092763031188349942e+03 1.973828728650352332e+03 2.572954051852696466e+03 6.727108414087950905e+02 2.765377909464490358e+02 1.163639931408514769e+02 2.887507506342912933e+01 4.728768328612514615e+00 1.378764470598938807e+00
1.142834175363773284e+04 7.912427871259252242e+03 5.491328418706705634e+03 3.934801576632728938e+03 2.582314540471028522e+03 1.699338250169600997e+03 1.120557630240978597e+03 6.727108414087950905e+02 9.868426124655012472e+02 1.496856824496880449e+02 6.430930205517337583e+01 1.680798057149100799e+01 2.754505923804368983e+00 6.965503705684674696e-01
4.683561916321659737e+03 3.176234023857539796e+03 2.177348516171534357e+03 1.528805304149852645e+03 1.078105078382542388e+03 6.919821201841923539e+02 4.719158179426240167e+02 2.765377909464490358e+02 1.496856824496880449e+02 2.954092745690345510e+02 2.816425725310701722e+01 7.885021153358680479e+00 2.470652162043595279e+00 1.479005988797599813e-01
1.911576359860751154e+03 1.270119362541217697e+03 9.439989164640073795e+02 6.288789691437034435e+02 4.404569110961668912e+02 2.888592230463546571e+02 1.704562783335090614e+02 1.163639931408514769e+02 6.430930205517337583e+01 2.816425725310701722e+01 7.574802794782243609e+01 3.626397005407144380e+00 7.696774342251686551e-01 -9.151304610229121783e-02
4.579626054827825214e+02 3.099131406673232618e+02 2.200352941729236136e+02 1.529441901532393047e+02 1.039091738851596176e+02 6.709203389229432446e+01 4.612215436376335020e+01 2.887507506342912933e+01 1.680798057149100799e+01 7.885021153358680479e+00 3.626397005407144380e+00 1.518091637774332092e+01 2.905255535375320108e-01 1.020113680970179473e-02
9.656757110845164505e+01 5.923367548768186452e+01 4.326223877050570366e+01 2.903446999861474609e+01 1.613042040265027310e+01 1.387396357929208612e+01 9.048204015368112252e+00 4.728768328612514615e+00 2.754505923804368983e+00 2.470652162043595279e+00 7.696774342251686551e-01 2.905255535375320108e-01 2.121514712176025164e+00 3.546535901281726300e-02
1.342021969751797528e+01 6.694384263267541435e+00 6.548767616891941756e+00 4.851018012759391596e+00 3.439580252273981564e+00 2.395348258247284701e+00 2.116454593917529436e-01 1.378764470598938807e+00 6.965503705684674696e-01 1.479005988797599813e-01 -9.151304610229121783e-02 1.020113680970179473e-02 3.546535901281726300e-02 2.003041308701347112e-01
