5.936433199999999488e+05 3.033472800000000279e+05 1.725045720000000147e+05 8.882722000000000116e+04 4.272036800000000221e+04 1.593517720000000008e+04 4.165858399999999165e+03 5.058896799999999985e+02 4.075555740000000782e+01
3.033472800000000279e+05 2.104221639999999898e+05 1.007794919999999984e+05 5.153193600000000151e+04 2.505333199999999852e+04 9.186870800000000600e+03 2.425892399999999725e+03 3.038919599999999832e+02 1.997115016000000054e+01
1.725045720000000147e+05 1.007794919999999984e+05 7.410335199999999895e+04 2.956305200000000332e+04 1.445064359999999942e+04 5.259270400000000336e+03 1.426608440000000201e+03 1.786383879999999920e+02 1.181211847999999875e+01
8.882722000000000116e+04 5.153193600000000151e+04 2.956305200000000332e+04 2.222048760000000038e+04 7.438177999999999884e+03 2.746456000000000131e+03 7.441811599999998634e+02 9.104191600000000051e+01 6.516544331999999606e+00
4.272036800000000221e+04 2.505333199999999852e+04 1.445064359999999942e+04 7.438177999999999884e+03 6.310103999999999360e+03 1.393573600000000170e+03 3.850782800000000066e+02 4.890102000000000260e+01 3.917801959999999806e+00
1.593517720000000008e+04 9.186870800000000600e+03 5.259270400000000336e+03 2.746456000000000131e+03 1.393573600000000170e+03 1.251241440000000011e+03 1.437229640000000188e+02 2.321870359999999778e+01 1.449819019999999847e+00
4.165858399999999165e+03 2.425892399999999725e+03 1.426608440000000201e+03 7.441811599999998634e+02 3.850782800000000066e+02 1.437229640000000188e+02 1.774518799999999885e+02 7.225313600000000669e+00 1.494731200000000149e-01
5.058896799999999985e+02 3.038919599999999832e+02 1.786383879999999920e+02 9.104191600000000051e+01 4.890102000000000260e+01 2.321870359999999778e+01 7.225313600000000669e+00 1.527027320000000188e+01 4.912263999999999520e-03
4.075555740000000782e+01 1.997115016000000054e+01 1.181211847999999875e+01 6.516544331999999606e+00 3.917801959999999806e+00 1.449819019999999847e+00 1.494731200000000149e-01 4.912263999999999520e-03 4.757877039999999780e-01
