5.271182800000000279e+05 2.580927999999999884e+05 1.332901879999999946e+05 6.334206399999999121e+04 2.450514400000000023e+04 6.996763199999999415e+03 1.159812799999999925e+03 1.086180640000000039e+02 -1.433132799999999873e-01
2.580927999999999884e+05 1.714007480000000214e+05 7.473753600000000733e+04 3.532781199999999808e+04 1.402658959999999934e+04 3.955559600000000046e+03 6.812457600000000184e+02 5.565608279999999297e+01 1.210989599999999999e+00
1.332901879999999946e+05 7.473753600000000733e+04 5.164211199999999371e+04 1.871804479999999967e+04 7.351247600000000602e+03 2.116536000000000058e+03 3.814420400000000200e+02 3.517912559999999900e+01 1.829232800000000214e-01
6.334206399999999121e+04 3.532781199999999808e+04 1.871804479999999967e+04 1.331374439999999959e+04 3.537808399999999892e+03 1.040340400000000045e+03 1.655196799999999939e+02 1.719962359999999890e+01 -1.129040400000000111e-01
2.450514400000000023e+04 1.402658959999999934e+04 7.351247600000000602e+03 3.537808399999999892e+03 2.821743599999999788e+03 4.327586000000000013e+02 8.096631600000000617e+01 7.255644399999999550e+00 -1.388688800000000001e-01
6.996763199999999415e+03 3.955559600000000046e+03 2.116536000000000058e+03 1.040340400000000045e+03 4.327586000000000013e+02 4.265641600000000153e+02 2.396022359999999907e+01 2.359445095999999964e+00 3.867431600000000025e-02
1.159812799999999925e+03 6.812457600000000184e+02 3.814420400000000200e+02 1.655196799999999939e+02 8.096631600000000617e+01 2.396022359999999907e+01 4.261231599999999275e+01 1.911883520000000058e-01 2.432739199999999977e-02
1.086180640000000039e+02 5.565608279999999297e+01 3.517912559999999900e+01 1.719962359999999890e+01 7.255644399999999550e+00 2.359445095999999964e+00 1.911883520000000058e-01 2.637962320000000194e+00 -9.356688000000000158e-04
-1.433132799999999873e-01 1.210989599999999999e+00 1.829232800000000214e-01 -1.129040400000000111e-01 -1.388688800000000001e-01 3.867431600000000025e-02 2.432739199999999977e-02 -9.356688000000000158e-04 3.984390399999999943e-02
