3.047036799999999930e+05 1.291288000000000029e+05 5.346214800000000105e+04 1.684344520000000193e+04 4.043176800000000185e+03 5.227188800000000128e+02 2.379195324000000156e+01
1.291288000000000029e+05 7.819252800000000570e+04 2.654420000000000073e+04 8.278951999999999316e+03 2.021550319999999829e+03 2.736140800000000013e+02 1.516984628400000190e+01
5.346214800000000105e+04 2.654420000000000073e+04 1.621715720000000147e+04 3.589078400000000329e+03 8.824585600000000341e+02 1.115687759999999855e+02 5.957560191999998978e+00
1.684344520000000193e+04 8.278951999999999316e+03 3.589078400000000329e+03 2.438684799999999996e+03 2.797751599999999712e+02 4.234479199999999821e+01 2.037029356000000124e+00
4.043176800000000185e+03 2.021550319999999829e+03 8.824585600000000341e+02 2.797751599999999712e+02 2.878489999999999895e+02 1.305585639999999970e+01 7.460399360000000701e-01
5.227188800000000128e+02 2.736140800000000013e+02 1.115687759999999855e+02 4.234479199999999821e+01 1.305585639999999970e+01 2.426501280000000449e+01 9.512635999999997927e-02
2.379195324000000156e+01 1.516984628400000190e+01 5.957560191999998978e+00 2.037029356000000124e+00 7.460399360000000701e-01 9.512635999999997927e-02 9.862730800000001352e-01
