2.934156549884688047e+03 3.844524882245638651e+02 1.185873904627215154e+02 2.180000709520225399e+01 4.235426038171207885e+00 4.012880194689345537e-01
3.844524882245638651e+02 5.551122492631012619e+02 3.198732871368373409e+01 7.198383191238894696e+00 5.550364768339385302e-01 2.797039128953351245e-02
1.185873904627215154e+02 3.198732871368373409e+01 1.069865283571249819e+02 2.484862513646315385e+00 3.314121933781556950e-01 8.718222237485424853e-02
2.180000709520225399e+01 7.198383191238894696e+00 2.484862513646315385e+00 1.642448379280184056e+01 -3.813929380298476668e-02 2.719503422247019492e-02
4.235426038171207885e+00 5.550364768339385302e-01 3.314121933781556950e-01 -3.813929380298476668e-02 1.597345754475872459e+00 -1.582676512820877651e-03
4.012880194689345537e-01 2.797039128953351245e-02 8.718222237485424853e-02 2.719503422247019492e-02 -1.582676512820877651e-03 8.075458745064359456e-02
