3.891223933825398562e+05 2.253041545853873249e+05 1.499984530652261747e+05 9.873266861398451147e+04 5.969658862505877914e+04 3.760956187485033297e+04 1.951546407826693758e+04 9.519369095634643600e+03 3.775345517786968230e+03 1.232176149141593896e+03 2.432411416645970803e+02 8.055341687346017920e+01 4.639117309017889990e-01
2.253041545853873249e+05 1.845163343593489262e+05 1.017942480616612593e+05 6.640677171620693116e+04 4.006724580835337838e+04 2.555673805572122728e+04 1.342357065552643689e+04 6.537449678004162706e+03 2.588590158220493777e+03 8.379196939417370231e+02 1.545067419408116507e+02 4.551074849683924839e+01 -7.363779848803870820e-01
1.499984530652261747e+05 1.017942480616612593e+05 8.819174678333659540e+04 4.425707035244557483e+04 2.726399086487508612e+04 1.700683238850533962e+04 9.099704394411095564e+03 4.403347269661497194e+03 1.761439085134798006e+03 5.666415242214823138e+02 1.119530939816947068e+02 3.221945084616930899e+01 1.370500430752120247e+00
9.873266861398451147e+04 6.640677171620693116e+04 4.425707035244557483e+04 4.049994138995477988e+04 1.810509514207197935e+04 1.131438292346460184e+04 5.913694648711239097e+03 2.913134738438475324e+03 1.141020989301337522e+03 3.884491692005064465e+02 8.027302411190075304e+01 2.655720876057376856e+01 4.127399699904497621e-01
5.969658862505877914e+04 4.006724580835337838e+04 2.726399086487508612e+04 1.810509514207197935e+04 1.734552778566091365e+04 6.952076375454511435e+03 3.702230395439709355e+03 1.792145698039038052e+03 7.527514412280928582e+02 2.491332683269423853e+02 4.537790910058912885e+01 1.764795800239031109e+01 -4.068821600157296881e-01
3.760956187485033297e+04 2.555673805572122728e+04 1.700683238850533962e+04 1.131438292346460184e+04 6.952076375454511435e+03 7.385380407644258412e+03 2.349971344249865069e+03 1.123020889623286621e+03 4.564417532136173463e+02 1.430427138273222738e+02 2.753304228470310022e+01 1.067102255931522237e+01 -1.219159379975451873e-01
1.951546407826693758e+04 1.342357065552643689e+04 9.099704394411095564e+03 5.913694648711239097e+03 3.702230395439709355e+03 2.349971344249865069e+03 2.690855347539997638e+03 6.212784174834750957e+02 2.779407833636475402e+02 7.845986830217465524e+01 1.935997503949146648e+01 5.070210782427246876e+00 -6.022754658715230580e-02
9.519369095634643600e+03 6.537449678004162706e+03 4.403347269661497194e+03 2.913134738438475324e+03 1.792145698039038052e+03 1.123020889623286621e+03 6.212784174834750957e+02 9.171600260298489502e+02 1.134318641104925973e+02 4.859660219098914524e+01 8.006486183296621206e+00 3.694048868065069602e+00 9.475754744694334097e-02
3.775345517786968230e+03 2.588590158220493777e+03 1.761439085134798006e+03 1.141020989301337522e+03 7.527514412280928582e+02 4.564417532136173463e+02 2.779407833636475402e+02 1.134318641104925973e+02 2.497142175222256810e+02 1.769811996623882777e+01 6.092622113045026211e+00 1.110539131815043268e+00 -7.067988358468552893e-04
1.232176149141593896e+03 8.379196939417370231e+02 5.666415242214823138e+02 3.884491692005064465e+02 2.491332683269423853e+02 1.430427138273222738e+02 7.845986830217465524e+01 4.859660219098914524e+01 1.769811996623882777e+01 5.762639434267639160e+01 1.263158270826283402e+00 4.550909646669282216e-01 1.939149061465141044e-02
2.432411416645970803e+02 1.545067419408116507e+02 1.119530939816947068e+02 8.027302411190075304e+01 4.537790910058912885e+01 2.753304228470310022e+01 1.935997503949146648e+01 8.006486183296621206e+00 6.092622113045026211e+00 1.263158270826283402e+00 9.566251228630253678e+00 6.217009828742838667e-02 -3.767462200646437033e-03
8.055341687346017920e+01 4.551074849683924839e+01 3.221945084616930899e+01 2.655720876057376856e+01 1.764795800239031109e+01 1.067102255931522237e+01 5.070210782427246876e+00 3.694048868065069602e+00 1.110539131815043268e+00 4.550909646669282216e-01 6.217009828742838667e-02 1.424877501772064736e+00 -4.708634861389670483e-04
4.639117309017889990e-01 -7.363779848803870820e-01 1.370500430752120247e+00 4.127399699904497621e-01 -4.068821600157296881e-01 -1.219159379975451873e-01 -6.022754658715230580e-02 9.475754744694334097e-02 -7.067988358468552893e-04 1.939149061465141044e-02 -3.767462200646437033e-03 -4.708634861389670483e-04 4.009677107134157481e-02
