2.303986151657110546e+06 1.391852715639639180e+06 9.679693831402965588e+05 6.799914935104922624e+05 4.515504484183752211e+05 3.031429079439802445e+05 1.962827263097114628e+05 1.134704651614623726e+05 5.621458344619018317e+04 2.434902147819340826e+04 1.286339708655908726e+04 2.146206896920550207e+03 8.018375187579764543e+02 1.239176966107501130e+02 0.000000000000000000e+00 0.000000000000000000e+00 0.000000000000000000e+00 0.000000000000000000e+00 0.000000000000000000e+00 0.000000000000000000e+00
1.391852715639639180e+06 1.151037133055007085e+06 6.762561468367280904e+05 4.795459653850671602e+05 3.152166463372324943e+05 2.049852016337079112e+05 1.390140731585487665e+05 8.011988815884220821e+04 4.067166881487781939e+04 1.643401100273038901e+04 8.626350776401528492e+03 1.403207919958400453e+03 4.454694728071033865e+02 7.549830135645044038e+01 0.000000000000000000e+00 0.000000000000000000e+00 0.000000000000000000e+00 0.000000000000000000e+00 0.000000000000000000e+00 0.000000000000000000e+00
9.679693831402965588e+05 6.762561468367280904e+05 5.974345806989546400e+05 3.383382857004458783e+05 2.220125331908146036e+05 1.452541482602011820e+05 9.493650647405550990e+04 5.669733132351859967e+04 2.843182084193199262e+04 1.085126042703969688e+04 6.423815952874324466e+03 1.041683313564875334e+03 3.234314009404879471e+02 6.422376645125781636e+01 0.000000000000000000e+00 0.000000000000000000e+00 0.000000000000000000e+00 0.000000000000000000e+00 0.000000000000000000e+00 0.000000000000000000e+00
6.799914935104922624e+05 4.795459653850671602e+05 3.383382857004458783e+05 3.130737218184791855e+05 1.590248979636632139e+05 1.062031706327145657e+05 6.649111071336994064e+04 4.050910183343516110e+04 2.179543782031662704e+04 7.564665157849076422e+03 4.272758337533204212e+03 8.475252166706045500e+02 2.355118898200478839e+02 7.927602295743342609e+01 0.000000000000000000e+00 0.000000000000000000e+00 0.000000000000000000e+00 0.000000000000000000e+00 0.000000000000000000e+00 0.000000000000000000e+00
4.515504484183752211e+05 3.152166463372324943e+05 2.220125331908146036e+05 1.590248979636632139e+05 1.551938249917468638e+05 7.072522333235637052e+04 4.693944024433645973e+04 2.605741790763668905e+04 1.296140759995409098e+04 5.525262337847587332e+03 3.264371985329245945e+03 4.790671647003585463e+02 1.435294544135882973e+02 2.095556702126197379e+01 0.000000000000000000e+00 0.000000000000000000e+00 0.000000000000000000e+00 0.000000000000000000e+00 0.000000000000000000e+00 0.000000000000000000e+00
3.031429079439802445e+05 2.049852016337079112e+05 1.452541482602011820e+05 1.062031706327145657e+05 7.072522333235637052e+04 7.700236094013891125e+04 2.878577796164810570e+04 1.761776468178685900e+04 8.193370973995217355e+03 3.444390652364210382e+03 1.931009242326691492e+03 2.900068011040845590e+02 1.399644927160584587e+02 3.802238305292787857e+01 0.000000000000000000e+00 0.000000000000000000e+00 0.000000000000000000e+00 0.000000000000000000e+00 0.000000000000000000e+00 0.000000000000000000e+00
1.962827263097114628e+05 1.390140731585487665e+05 9.493650647405550990e+04 6.649111071336994064e+04 4.693944024433645973e+04 2.878577796164810570e+04 3.440345164322528581e+04 1.201423856641196289e+04 6.091800852019545346e+03 2.624168271681040551e+03 1.356244401849248561e+03 2.258639813371427465e+02 6.014157040797255860e+01 2.160104590751364739e+00 0.000000000000000000e+00 0.000000000000000000e+00 0.000000000000000000e+00 0.000000000000000000e+00 0.000000000000000000e+00 0.000000000000000000e+00
1.134704651614623726e+05 8.011988815884220821e+04 5.669733132351859967e+04 4.050910183343516110e+04 2.605741790763668905e+04 1.761776468178685900e+04 1.201423856641196289e+04 1.382447649592716516e+04 3.698160062231567281e+03 1.562141538279538281e+03 8.625043903843924227e+02 1.512508606163063121e+02 3.268603770163155531e+01 1.772454182376705489e+01 0.000000000000000000e+00 0.000000000000000000e+00 0.000000000000000000e+00 0.000000000000000000e+00 0.000000000000000000e+00 0.000000000000000000e+00
5.621458344619018317e+04 4.067166881487781939e+04 2.843182084193199262e+04 2.179543782031662704e+04 1.296140759995409098e+04 8.193370973995217355e+03 6.091800852019545346e+03 3.698160062231567281e+03 4.686222317845441466e+03 7.946875296092714507e+02 3.863563946778853051e+02 1.009364367388941019e+02 2.689799292856478274e+01 5.173052703260743179e+00 0.000000000000000000e+00 0.000000000000000000e+00 0.000000000000000000e+00 0.000000000000000000e+00 0.000000000000000000e+00 0.000000000000000000e+00
2.434902147819340826e+04 1.643401100273038901e+04 1.085126042703969688e+04 7.564665157849076422e+03 5.525262337847587332e+03 3.444390652364210382e+03 2.624168271681040551e+03 1.562141538279538281e+03 7.946875296092714507e+02 1.504037418882089696e+03 2.029728826294524424e+02 2.593391995443842291e+01 1.114819711348518005e+01 1.766305365769342606e+00 0.000000000000000000e+00 0.000000000000000000e+00 0.000000000000000000e+00 0.000000000000000000e+00 0.000000000000000000e+00 0.000000000000000000e+00
1.286339708655908726e+04 8.626350776401528492e+03 6.423815952874324466e+03 4.272758337533204212e+03 3.264371985329245945e+03 1.931009242326691492e+03 1.356244401849248561e+03 8.625043903843924227e+02 3.863563946778853051e+02 2.029728826294524424e+02 4.413859589243525647e+02 2.857148897358345963e+01 4.984157373173728089e+00 3.315978531438645294e-01 0.000000000000000000e+00 0.000000000000000000e+00 0.000000000000000000e+00 0.000000000000000000e+00 0.000000000000000000e+00 0.000000000000000000e+00
2.146206896920550207e+03 1.403207919958400453e+03 1.041683313564875334e+03 8.475252166706045500e+02 4.790671647003585463e+02 2.900068011040845590e+02 2.258639813371427465e+02 1.512508606163063121e+02 1.009364367388941019e+02 2.593391995443842291e+01 2.857148897358345963e+01 7.349247015689749674e+01 3.374568066067098471e-01 -1.392884385226237920e-01 0.000000000000000000e+00 0.000000000000000000e+00 0.000000000000000000e+00 0.000000000000000000e+00 0.000000000000000000e+00 0.000000000000000000e+00
8.018375187579764543e+02 4.454694728071033865e+02 3.234314009404879471e+02 2.355118898200478839e+02 1.435294544135882973e+02 1.399644927160584587e+02 6.014157040797255860e+01 3.268603770163155531e+01 2.689799292856478274e+01 1.114819711348518005e+01 4.984157373173728089e+00 3.374568066067098471e-01 1.177057551997425833e+01 -2.353936100238330706e-02 0.000000000000000000e+00 0.000000000000000000e+00 0.000000000000000000e+00 0.000000000000000000e+00 0.000000000000000000e+00 0.000000000000000000e+00
1.239176966107501130e+02 7.549830135645044038e+01 6.422376645125781636e+01 7.927602295743342609e+01 2.095556702126197379e+01 3.802238305292787857e+01 2.160104590751364739e+00 1.772454182376705489e+01 5.173052703260743179e+00 1.766305365769342606e+00 3.315978531438645294e-01 -1.392884385226237920e-01 -2.353936100238330706e-02 1.002308236047943391e+00 0.000000000000000000e+00 0.000000000000000000e+00 0.000000000000000000e+00 0.000000000000000000e+00 0.000000000000000000e+00 0.000000000000000000e+00
0.000000000000000000e+00 0.000000000000000000e+00 0.000000000000000000e+00 0.000000000000000000e+00 0.000000000000000000e+00 0.000000000000000000e+00 0.000000000000000000e+00 0.000000000000000000e+00 0.000000000000000000e+00 0.000000000000000000e+00 0.000000000000000000e+00 0.000000000000000000e+00 0.000000000000000000e+00 0.000000000000000000e+00 0.000000000000000000e+00 0.000000000000000000e+00 0.000000000000000000e+00 0.000000000000000000e+00 0.000000000000000000e+00 0.000000000000000000e+00
0.000000000000000000e+00 0.000000000000000000e+00 0.000000000000000000e+00 0.000000000000000000e+00 0.000000000000000000e+00 0.000000000000000000e+00 0.000000000000000000e+00 0.000000000000000000e+00 0.000000000000000000e+00 0.000000000000000000e+00 0.000000000000000000e+00 0.000000000000000000e+00 0.000000000000000000e+00 0.000000000000000000e+00 0.000000000000000000e+00 0.000000000000000000e+00 0.000000000000000000e+00 0.000000000000000000e+00 0.000000000000000000e+00 0.000000000000000000e+00
0.000000000000000000e+00 0.000000000000000000e+00 0.000000000000000000e+00 0.000000000000000000e+00 0.000000000000000000e+00 0.000000000000000000e+00 0.000000000000000000e+00 0.000000000000000000e+00 0.000000000000000000e+00 0.000000000000000000e+00 0.000000000000000000e+00 0.000000000000000000e+00 0.000000000000000000e+00 0.000000000000000000e+00 0.000000000000000000e+00 0.000000000000000000e+00 0.000000000000000000e+00 0.000000000000000000e+00 0.000000000000000000e+00 0.000000000000000000e+00
0.000000000000000000e+00 0.000000000000000000e+00 0.000000000000000000e+00 0.000000000000000000e+00 0.000000000000000000e+00 0.000000000000000000e+00 0.000000000000000000e+00 0.000000000000000000e+00 0.000000000000000000e+00 0.000000000000000000e+00 0.000000000000000000e+00 0.000000000000000000e+00 0.000000000000000000e+00 0.000000000000000000e+00 0.000000000000000000e+00 0.000000000000000000e+00 0.000000000000000000e+00 0.000000000000000000e+00 0.000000000000000000e+00 0.000000000000000000e+00
0.000000000000000000e+00 0.000000000000000000e+00 0.000000000000000000e+00 0.000000000000000000e+00 0.000000000000000000e+00 0.000000000000000000e+00 0.000000000000000000e+00 0.000000000000000000e+00 0.000000000000000000e+00 0.000000000000000000e+00 0.000000000000000000e+00 0.000000000000000000e+00 0.000000000000000000e+00 0.000000000000000000e+00 0.000000000000000000e+00 0.000000000000000000e+00 0.000000000000000000e+00 0.000000000000000000e+00 0.000000000000000000e+00 0.000000000000000000e+00
0.000000000000000000e+00 0.000000000000000000e+00 0.000000000000000000e+00 0.000000000000000000e+00 0.000000000000000000e+00 0.000000000000000000e+00 0.000000000000000000e+00 0.000000000000000000e+00 0.000000000000000000e+00 0.000000000000000000e+00 0.000000000000000000e+00 0.000000000000000000e+00 0.000000000000000000e+00 0.000000000000000000e+00 0.000000000000000000e+00 0.000000000000000000e+00 0.000000000000000000e+00 0.000000000000000000e+00 0.000000000000000000e+00 0.000000000000000000e+00
