2.220996385873128194e+06 1.341505685323700774e+06 9.474150964677747106e+05 6.569109034514637897e+05 4.213231411000275402e+05 2.780017273067595088e+05 1.751883680200472882e+05 9.446365927090508922e+04 4.268697773644888366e+04 2.064270428966914187e+04 7.930860083593343006e+03 1.206254334772916309e+03 4.382851986349175490e+02 0.000000000000000000e+00 0.000000000000000000e+00 0.000000000000000000e+00 0.000000000000000000e+00 0.000000000000000000e+00 0.000000000000000000e+00 0.000000000000000000e+00
1.341505685323700774e+06 1.110672618061706191e+06 6.631132775567880599e+05 4.614582748941286700e+05 2.946774154568911181e+05 1.925552835760740854e+05 1.221339466896983649e+05 6.911200131864041032e+04 3.044021549144636811e+04 1.481248133913000675e+04 5.499561770568775501e+03 7.137930551353741748e+02 3.796296225081662215e+02 0.000000000000000000e+00 0.000000000000000000e+00 0.000000000000000000e+00 0.000000000000000000e+00 0.000000000000000000e+00 0.000000000000000000e+00 0.000000000000000000e+00
9.474150964677747106e+05 6.631132775567880599e+05 5.826466274335070048e+05 3.207270783298436436e+05 2.063444206932590168e+05 1.375417720923870220e+05 8.581264018001865770e+04 4.867761863748647738e+04 2.058622773116217286e+04 9.361791313266829093e+03 3.939291717104587860e+03 6.387976041506856291e+02 2.066291734053937432e+02 0.000000000000000000e+00 0.000000000000000000e+00 0.000000000000000000e+00 0.000000000000000000e+00 0.000000000000000000e+00 0.000000000000000000e+00 0.000000000000000000e+00
6.569109034514637897e+05 4.614582748941286700e+05 3.207270783298436436e+05 2.901302695182574098e+05 1.445204718127458182e+05 9.414112123256617633e+04 6.074343787303238787e+04 3.473145105592813343e+04 1.509898404746079541e+04 6.785027926294023018e+03 3.090725123000884196e+03 5.373069270505880013e+02 1.350268695192900736e+02 0.000000000000000000e+00 0.000000000000000000e+00 0.000000000000000000e+00 0.000000000000000000e+00 0.000000000000000000e+00 0.000000000000000000e+00 0.000000000000000000e+00
4.213231411000275402e+05 2.946774154568911181e+05 2.063444206932590168e+05 1.445204718127458182e+05 1.360453380401000322e+05 6.501471495438884449e+04 3.828794236788564012e+04 2.172986044319155553e+04 9.697159512129765062e+03 4.600110578204804369e+03 2.307483109143754518e+03 2.528601434617244479e+02 8.886101173600424374e+01 0.000000000000000000e+00 0.000000000000000000e+00 0.000000000000000000e+00 0.000000000000000000e+00 0.000000000000000000e+00 0.000000000000000000e+00 0.000000000000000000e+00
2.780017273067595088e+05 1.925552835760740854e+05 1.375417720923870220e+05 9.414112123256617633e+04 6.501471495438884449e+04 6.410607424083407386e+04 2.508834066067840831e+04 1.403382771067641079e+04 5.444946126516726508e+03 3.042329209698064005e+03 1.180534982194468057e+03 1.685130902556736885e+02 8.037494009343994605e+01 0.000000000000000000e+00 0.000000000000000000e+00 0.000000000000000000e+00 0.000000000000000000e+00 0.000000000000000000e+00 0.000000000000000000e+00 0.000000000000000000e+00
1.751883680200472882e+05 1.221339466896983649e+05 8.581264018001865770e+04 6.074343787303238787e+04 3.828794236788564012e+04 2.508834066067840831e+04 2.860552984827526234e+04 9.243488112106490007e+03 4.240325438787020175e+03 2.143510698612768920e+03 7.569647895941545812e+02 1.176062412473907273e+02 4.853987741403199152e+01 0.000000000000000000e+00 0.000000000000000000e+00 0.000000000000000000e+00 0.000000000000000000e+00 0.000000000000000000e+00 0.000000000000000000e+00 0.000000000000000000e+00
9.446365927090508922e+04 6.911200131864041032e+04 4.867761863748647738e+04 3.473145105592813343e+04 2.172986044319155553e+04 1.403382771067641079e+04 9.243488112106490007e+03 1.141588785844639096e+04 2.473637157255691363e+03 1.102437642612463151e+03 4.387992225784628886e+02 6.786193617631327868e+01 4.355619905137335479e+01 0.000000000000000000e+00 0.000000000000000000e+00 0.000000000000000000e+00 0.000000000000000000e+00 0.000000000000000000e+00 0.000000000000000000e+00 0.000000000000000000e+00
4.268697773644888366e+04 3.044021549144636811e+04 2.058622773116217286e+04 1.509898404746079541e+04 9.697159512129765062e+03 5.444946126516726508e+03 4.240325438787020175e+03 2.473637157255691363e+03 3.495467853070953879e+03 5.466505464074746214e+02 2.344716185534009583e+02 4.420384859181303483e+01 1.055105711483991371e+01 0.000000000000000000e+00 0.000000000000000000e+00 0.000000000000000000e+00 0.000000000000000000e+00 0.000000000000000000e+00 0.000000000000000000e+00 0.000000000000000000e+00
2.064270428966914187e+04 1.481248133913000675e+04 9.361791313266829093e+03 6.785027926294023018e+03 4.600110578204804369e+03 3.042329209698064005e+03 2.143510698612768920e+03 1.102437642612463151e+03 5.466505464074746214e+02 1.110387935750265342e+03 1.128937514166701135e+02 2.289550931038155923e+01 1.014718667950200270e+01 0.000000000000000000e+00 0.000000000000000000e+00 0.000000000000000000e+00 0.000000000000000000e+00 0.000000000000000000e+00 0.000000000000000000e+00 0.000000000000000000e+00
7.930860083593343006e+03 5.499561770568775501e+03 3.939291717104587860e+03 3.090725123000884196e+03 2.307483109143754518e+03 1.180534982194468057e+03 7.569647895941545812e+02 4.387992225784628886e+02 2.344716185534009583e+02 1.128937514166701135e+02 2.612861958634736084e+02 1.105265850217059231e+01 3.390784216766445258e+00 0.000000000000000000e+00 0.000000000000000000e+00 0.000000000000000000e+00 0.000000000000000000e+00 0.000000000000000000e+00 0.000000000000000000e+00 0.000000000000000000e+00
1.206254334772916309e+03 7.137930551353741748e+02 6.387976041506856291e+02 5.373069270505880013e+02 2.528601434617244479e+02 1.685130902556736885e+02 1.176062412473907273e+02 6.786193617631327868e+01 4.420384859181303483e+01 2.289550931038155923e+01 1.105265850217059231e+01 4.972905587210762945e+01 -5.650408559832494904e-01 0.000000000000000000e+00 0.000000000000000000e+00 0.000000000000000000e+00 0.000000000000000000e+00 0.000000000000000000e+00 0.000000000000000000e+00 0.000000000000000000e+00
4.382851986349175490e+02 3.796296225081662215e+02 2.066291734053937432e+02 1.350268695192900736e+02 8.886101173600424374e+01 8.037494009343994605e+01 4.853987741403199152e+01 4.355619905137335479e+01 1.055105711483991371e+01 1.014718667950200270e+01 3.390784216766445258e+00 -5.650408559832494904e-01 5.955818300794404330e+00 0.000000000000000000e+00 0.000000000000000000e+00 0.000000000000000000e+00 0.000000000000000000e+00 0.000000000000000000e+00 0.000000000000000000e+00 0.000000000000000000e+00
0.000000000000000000e+00 0.000000000000000000e+00 0.000000000000000000e+00 0.000000000000000000e+00 0.000000000000000000e+00 0.000000000000000000e+00 0.000000000000000000e+00 0.000000000000000000e+00 0.000000000000000000e+00 0.000000000000000000e+00 0.000000000000000000e+00 0.000000000000000000e+00 0.000000000000000000e+00 0.000000000000000000e+00 0.000000000000000000e+00 0.000000000000000000e+00 0.000000000000000000e+00 0.000000000000000000e+00 0.000000000000000000e+00 0.000000000000000000e+00
0.000000000000000000e+00 0.000000000000000000e+00 0.000000000000000000e+00 0.000000000000000000e+00 0.000000000000000000e+00 0.000000000000000000e+00 0.000000000000000000e+00 0.000000000000000000e+00 0.000000000000000000e+00 0.000000000000000000e+00 0.000000000000000000e+00 0.000000000000000000e+00 0.000000000000000000e+00 0.000000000000000000e+00 0.000000000000000000e+00 0.000000000000000000e+00 0.000000000000000000e+00 0.000000000000000000e+00 0.000000000000000000e+00 0.000000000000000000e+00
0.000000000000000000e+00 0.000000000000000000e+00 0.000000000000000000e+00 0.000000000000000000e+00 0.000000000000000000e+00 0.000000000000000000e+00 0.000000000000000000e+00 0.000000000000000000e+00 0.000000000000000000e+00 0.000000000000000000e+00 0.000000000000000000e+00 0.000000000000000000e+00 0.000000000000000000e+00 0.000000000000000000e+00 0.000000000000000000e+00 0.000000000000000000e+00 0.000000000000000000e+00 0.000000000000000000e+00 0.000000000000000000e+00 0.000000000000000000e+00
0.000000000000000000e+00 0.000000000000000000e+00 0.000000000000000000e+00 0.000000000000000000e+00 0.000000000000000000e+00 0.000000000000000000e+00 0.000000000000000000e+00 0.000000000000000000e+00 0.000000000000000000e+00 0.000000000000000000e+00 0.000000000000000000e+00 0.000000000000000000e+00 0.000000000000000000e+00 0.000000000000000000e+00 0.000000000000000000e+00 0.000000000000000000e+00 0.000000000000000000e+00 0.000000000000000000e+00 0.000000000000000000e+00 0.000000000000000000e+00
0.000000000000000000e+00 0.000000000000000000e+00 0.000000000000000000e+00 0.000000000000000000e+00 0.000000000000000000e+00 0.000000000000000000e+00 0.000000000000000000e+00 0.000000000000000000e+00 0.000000000000000000e+00 0.000000000000000000e+00 0.000000000000000000e+00 0.000000000000000000e+00 0.000000000000000000e+00 0.000000000000000000e+00 0.000000000000000000e+00 0.000000000000000000e+00 0.000000000000000000e+00 0.000000000000000000e+00 0.000000000000000000e+00 0.000000000000000000e+00
0.000000000000000000e+00 0.000000000000000000e+00 0.000000000000000000e+00 0.000000000000000000e+00 0.000000000000000000e+00 0.000000000000000000e+00 0.000000000000000000e+00 0.000000000000000000e+00 0.000000000000000000e+00 0.000000000000000000e+00 0.000000000000000000e+00 0.000000000000000000e+00 0.000000000000000000e+00 0.000000000000000000e+00 0.000000000000000000e+00 0.000000000000000000e+00 0.000000000000000000e+00 0.000000000000000000e+00 0.000000000000000000e+00 0.000000000000000000e+00
0.000000000000000000e+00 0.000000000000000000e+00 0.000000000000000000e+00 0.000000000000000000e+00 0.000000000000000000e+00 0.000000000000000000e+00 0.000000000000000000e+00 0.000000000000000000e+00 0.000000000000000000e+00 0.000000000000000000e+00 0.000000000000000000e+00 0.000000000000000000e+00 0.000000000000000000e+00 0.000000000000000000e+00 0.000000000000000000e+00 0.000000000000000000e+00 0.000000000000000000e+00 0.000000000000000000e+00 0.000000000000000000e+00 0.000000000000000000e+00
