4.636458910619717790e+04 1.056698502226885830e+04 3.349245997066388099e+03 1.158328897331088228e+03 2.140462390998748106e+02 3.825867701180570180e+01
1.056698502226885830e+04 1.080550959899768168e+04 1.496578582343013977e+03 5.943153710348690311e+02 6.333309078932627756e+01 9.898001309737290754e+00
3.349245997066388099e+03 1.496578582343013977e+03 2.171026979829271113e+03 1.880855542066713610e+02 1.030584288510016400e+01 1.662738730320706182e+00
1.158328897331088228e+03 5.943153710348690311e+02 1.880855542066713610e+02 4.483669103595655656e+02 1.247054047740322602e+01 2.227442450051948075e+00
2.140462390998748106e+02 6.333309078932627756e+01 1.030584288510016400e+01 1.247054047740322602e+01 5.091745206245380473e+01 1.192152297210871570e+00
3.825867701180570180e+01 9.898001309737290754e+00 1.662738730320706182e+00 2.227442450051948075e+00 1.192152297210871570e+00 7.905852076240514670e+00
