1.940661616951797623e+06 1.123677743758689379e+06 7.894821491033222992e+05 5.546731463805651292e+05 3.869902944305649726e+05 2.578664497149029048e+05 1.482057520306756196e+05 9.485781908004729485e+04 5.293511296296122600e+04 2.609222164437226456e+04 9.432489366998801415e+03 3.651574251017920687e+03 7.808460292355789534e+02 4.006063089525162013e+01
1.123677743758689379e+06 9.720766851229362655e+05 5.230098401890023379e+05 3.842214932694736635e+05 2.715928265593197430e+05 1.750052199861371773e+05 1.089181475867471599e+05 6.516959356007272436e+04 3.436473898307677882e+04 1.922555774525902234e+04 6.546453360702284044e+03 2.806216704133262283e+03 4.750021024735796118e+02 6.815660172876746969e+00
7.894821491033222992e+05 5.230098401890023379e+05 4.949512574476685259e+05 2.612913130694692663e+05 1.899245981441445765e+05 1.220800697301237960e+05 7.496896387498310651e+04 4.309885063246401842e+04 2.479295211032418956e+04 1.278719808824193751e+04 5.145941077125033189e+03 1.811969531366632964e+03 3.794534487842693125e+02 3.557241278947206808e+01
5.546731463805651292e+05 3.842214932694736635e+05 2.612913130694692663e+05 2.669723109211034607e+05 1.337883660678631277e+05 9.055048459528574313e+04 5.103793003244722786e+04 3.087560724722101077e+04 1.772659093677317651e+04 9.345124995693367964e+03 3.200019117574732263e+03 1.448480727325968019e+03 1.480700211779562778e+02 1.927051443584502266e+01
3.869902944305649726e+05 2.715928265593197430e+05 1.899245981441445765e+05 1.337883660678631277e+05 1.407378374929550337e+05 6.088667270728828589e+04 3.714344598864040017e+04 2.226696178399994096e+04 1.294167200646433412e+04 6.937244020970759266e+03 2.099427254031609209e+03 7.065933724211945446e+02 1.574935145009357029e+02 -1.026270579539724181e+01
2.578664497149029048e+05 1.750052199861371773e+05 1.220800697301237960e+05 9.055048459528574313e+04 6.088667270728828589e+04 6.905576495188337867e+04 2.491717712478179601e+04 1.574522401492044082e+04 8.867960156402967186e+03 4.897275362762818986e+03 1.368975149451798416e+03 6.198760574599582469e+02 1.399190720010996927e+02 7.829381780860337869e+00
1.482057520306756196e+05 1.089181475867471599e+05 7.496896387498310651e+04 5.103793003244722786e+04 3.714344598864040017e+04 2.491717712478179601e+04 2.911696888415719877e+04 8.682321651648118859e+03 5.049257133666131267e+03 2.904796718762494038e+03 1.046576384128443351e+03 3.577515711107183733e+02 9.471532354732153181e+01 3.245085611651114199e+00
9.485781908004729485e+04 6.516959356007272436e+04 4.309885063246401842e+04 3.087560724722101077e+04 2.226696178399994096e+04 1.574522401492044082e+04 8.682321651648118859e+03 1.321484939166126060e+04 3.812732457366612380e+03 1.786134336188944644e+03 5.437547803508773541e+02 1.359877145078345961e+02 6.613111928952416463e+01 1.303916575074289375e+00
5.293511296296122600e+04 3.436473898307677882e+04 2.479295211032418956e+04 1.772659093677317651e+04 1.294167200646433412e+04 8.867960156402967186e+03 5.049257133666131267e+03 3.812732457366612380e+03 5.085327583764104929e+03 9.820119255057855980e+02 3.291203082096103003e+02 1.447798376997617993e+02 4.506061174704503003e+01 -7.470559625612176458e-01
2.609222164437226456e+04 1.922555774525902234e+04 1.278719808824193751e+04 9.345124995693367964e+03 6.937244020970759266e+03 4.897275362762818986e+03 2.904796718762494038e+03 1.786134336188944644e+03 9.820119255057855980e+02 2.031647121449348560e+03 2.322500909539977556e+02 8.268203629734668425e+01 1.233720765468862623e+01 1.278426476614249463e+00
9.432489366998801415e+03 6.546453360702284044e+03 5.145941077125033189e+03 3.200019117574732263e+03 2.099427254031609209e+03 1.368975149451798416e+03 1.046576384128443351e+03 5.437547803508773541e+02 3.291203082096103003e+02 2.322500909539977556e+02 5.184921320001096774e+02 6.698013564592880442e+00 6.282328882012478743e+00 5.490175052942884021e-02
3.651574251017920687e+03 2.806216704133262283e+03 1.811969531366632964e+03 1.448480727325968019e+03 7.065933724211945446e+02 6.198760574599582469e+02 3.577515711107183733e+02 1.359877145078345961e+02 1.447798376997617993e+02 8.268203629734668425e+01 6.698013564592880442e+00 1.374661402185193708e+02 6.545072973832053442e+00 -2.392147701640236768e-01
7.808460292355789534e+02 4.750021024735796118e+02 3.794534487842693125e+02 1.480700211779562778e+02 1.574935145009357029e+02 1.399190720010996927e+02 9.471532354732153181e+01 6.613111928952416463e+01 4.506061174704503003e+01 1.233720765468862623e+01 6.282328882012478743e+00 6.545072973832053442e+00 2.205285672159650190e+01 -4.509786650633229588e-02
4.006063089525162013e+01 6.815660172876746969e+00 3.557241278947206808e+01 1.927051443584502266e+01 -1.026270579539724181e+01 7.829381780860337869e+00 3.245085611651114199e+00 1.303916575074289375e+00 -7.470559625612176458e-01 1.278426476614249463e+00 5.490175052942884021e-02 -2.392147701640236768e-01 -4.509786650633229588e-02 1.001956947162427669e+00
