1.903654128254422685e+06 1.055384149393466301e+06 7.303395724829109386e+05 5.013593308989046491e+05 3.405517421182271792e+05 2.060516978113903606e+05 1.157083890873967321e+05 6.465503408793082053e+04 2.638213586279566152e+04 1.157180529537502116e+04 4.034022878403940922e+03 4.405361014314461272e+02 1.466751688756021963e+02
1.055384149393466301e+06 8.606471857576593757e+05 4.762397289084467338e+05 3.260783263993625878e+05 2.192082717934958055e+05 1.317090166922797216e+05 7.353226696931899642e+04 4.242738570988306310e+04 1.860492007712388295e+04 7.644625509224190864e+03 3.422448187740478261e+03 3.267279726531980941e+02 1.461520714638402580e+02
7.303395724829109386e+05 4.762397289084467338e+05 4.383093471864235471e+05 2.368306832613162405e+05 1.589471635874370695e+05 9.178798049281325075e+04 5.102525865667851758e+04 3.041072076619241852e+04 1.244276147205245979e+04 5.397141490741904818e+03 1.841440081616608268e+03 1.955204104184552136e+02 9.020138258834886358e+01
5.013593308989046491e+05 3.260783263993625878e+05 2.368306832613162405e+05 2.287544360439360607e+05 1.071935209694331716e+05 6.187954525145445950e+04 3.594146574325866095e+04 2.128288856105410014e+04 9.766096458224448725e+03 3.440384040865238148e+03 1.411694421597126393e+03 7.253214069933498820e+01 7.341115222940287310e+01
3.405517421182271792e+05 2.192082717934958055e+05 1.589471635874370695e+05 1.071935209694331716e+05 1.123364511758275912e+05 4.418213209589312464e+04 2.480320138981638956e+04 1.373947130407286204e+04 6.742963137623167313e+03 2.689664373587390401e+03 6.409640049970812470e+02 1.537232040822113959e+02 1.556542397545188550e+01
2.060516978113903606e+05 1.317090166922797216e+05 9.178798049281325075e+04 6.187954525145445950e+04 4.418213209589312464e+04 4.863086549637871212e+04 1.564175315675294041e+04 8.657105055632702715e+03 4.029548269446775521e+03 1.701811728442718959e+03 5.412863113447746173e+02 8.614191935129593958e+01 3.139146250931896276e+01
1.157083890873967321e+05 7.353226696931899642e+04 5.102525865667851758e+04 3.594146574325866095e+04 2.480320138981638956e+04 1.564175315675294041e+04 1.788782456415324123e+04 4.642321362974522344e+03 2.305206829015088715e+03 9.179425773269856563e+02 2.339227054425041388e+02 6.185247964283033184e+01 2.964170180843526126e+00
6.465503408793082053e+04 4.242738570988306310e+04 3.041072076619241852e+04 2.128288856105410014e+04 1.373947130407286204e+04 8.657105055632702715e+03 4.642321362974522344e+03 7.366669377658953636e+03 1.091513138355978299e+03 4.222464581989309522e+02 2.138185200014706027e+02 3.075196180193489681e+01 7.713214463728068182e+00
2.638213586279566152e+04 1.860492007712388295e+04 1.244276147205245979e+04 9.766096458224448725e+03 6.742963137623167313e+03 4.029548269446775521e+03 2.305206829015088715e+03 1.091513138355978299e+03 2.593786714141883294e+03 2.915938752744605722e+02 9.013713021806587733e+01 2.559533703958471662e+01 7.392127922757166125e+00
1.157180529537502116e+04 7.644625509224190864e+03 5.397141490741904818e+03 3.440384040865238148e+03 2.689664373587390401e+03 1.701811728442718959e+03 9.179425773269856563e+02 4.222464581989309522e+02 2.915938752744605722e+02 6.829847934682759387e+02 4.793028662881144442e+01 4.797772947976061353e+00 7.234248830752558757e-01
4.034022878403940922e+03 3.422448187740478261e+03 1.841440081616608268e+03 1.411694421597126393e+03 6.409640049970812470e+02 5.412863113447746173e+02 2.339227054425041388e+02 2.138185200014706027e+02 9.013713021806587733e+01 4.793028662881144442e+01 1.518006483289258597e+02 8.058095424078134394e-01 2.475795980227083692e+00
4.405361014314461272e+02 3.267279726531980941e+02 1.955204104184552136e+02 7.253214069933498820e+01 1.537232040822113959e+02 8.614191935129593958e+01 6.185247964283033184e+01 3.075196180193489681e+01 2.559533703958471662e+01 4.797772947976061353e+00 8.058095424078134394e-01 2.209759294728441859e+01 -9.035701284074793005e-02
1.466751688756021963e+02 1.461520714638402580e+02 9.020138258834886358e+01 7.341115222940287310e+01 1.556542397545188550e+01 3.139146250931896276e+01 2.964170180843526126e+00 7.713214463728068182e+00 7.392127922757166125e+00 7.234248830752558757e-01 2.475795980227083692e+00 -9.035701284074793005e-02 2.003087699537636102e+00
