4.059712119363111560e+05 1.707518068634964293e+05 7.530483905929184402e+04 3.695070555030574906e+04 1.352926191306021792e+04 5.060376698925328128e+03 5.959349726756265682e+02 1.932737696319661325e+01
1.707518068634964293e+05 1.274279806220032624e+05 4.306718212629164918e+04 1.961997976417114842e+04 7.148282428452486783e+03 2.791475584116094979e+03 4.801707101305388505e+02 1.553915617663798798e+01
7.530483905929184402e+04 4.306718212629164918e+04 3.564560270525747910e+04 9.102906315463176725e+03 3.363151826164793420e+03 1.302649913258568631e+03 1.414112231494166281e+02 2.431559315413080213e+01
3.695070555030574906e+04 1.961997976417114842e+04 9.102906315463176725e+03 9.588386809181469289e+03 1.525594157497952438e+03 6.756209420154167447e+02 1.270583369395866953e+02 -1.732542384564971982e+01
1.352926191306021792e+04 7.148282428452486783e+03 3.363151826164793420e+03 1.525594157497952438e+03 2.469253288705191153e+03 2.219364049616842181e+02 1.703522887856581036e+01 -7.117619800781877615e+00
5.060376698925328128e+03 2.791475584116094979e+03 1.302649913258568631e+03 6.756209420154167447e+02 2.219364049616842181e+02 5.278019002684552561e+02 2.688617154499246809e+01 3.007831618291965103e+00
5.959349726756265682e+02 4.801707101305388505e+02 1.414112231494166281e+02 1.270583369395866953e+02 1.703522887856581036e+01 2.688617154499246809e+01 7.416442185806579346e+01 8.941142229081542325e-01
1.932737696319661325e+01 1.553915617663798798e+01 2.431559315413080213e+01 -1.732542384564971982e+01 -7.117619800781877615e+00 3.007831618291965103e+00 8.941142229081542325e-01 1.461759107846553718e+01
