4.279315403532151831e+05 1.787589055398101336e+05 7.844124810742323461e+04 3.834766983335187979e+04 1.400219475652211986e+04 5.226728101232968584e+03 6.145790071770594523e+02 1.991024587469844320e+01
1.787589055398101336e+05 1.324922574999506178e+05 4.455448085555281432e+04 2.022265251312291730e+04 7.347625841551447593e+03 2.863546334839377778e+03 4.918105422200507633e+02 1.589843800603052237e+01
7.844124810742323461e+04 4.455448085555281432e+04 3.669189352739173046e+04 9.335527637328850687e+03 3.439624509300982936e+03 1.329588737371820343e+03 1.441137035290117581e+02 2.475318717995355300e+01
3.834766983335187979e+04 2.022265251312291730e+04 9.335527637328850687e+03 9.797132354489904174e+03 1.554526793042005011e+03 6.870484261708180611e+02 1.290087598674097649e+02 -1.757214422694709555e+01
1.400219475652211986e+04 7.347625841551447593e+03 3.439624509300982936e+03 1.554526793042005011e+03 2.509172974273325963e+03 2.250704911211322781e+02 1.724923235261122656e+01 -7.199153645816043223e+00
5.226728101232968584e+03 2.863546334839377778e+03 1.329588737371820343e+03 6.870484261708180611e+02 2.250704911211322781e+02 5.341780183952380412e+02 2.716913527061399947e+01 3.036164013733073208e+00
6.145790071770594523e+02 4.918105422200507633e+02 1.441137035290117581e+02 1.290087598674097649e+02 1.724923235261122656e+01 2.716913527061399947e+01 7.482974305022888473e+01 9.011487800636535095e-01
1.991024587469844320e+01 1.589843800603052237e+01 2.475318717995355300e+01 -1.757214422694709555e+01 -7.199153645816043223e+00 3.036164013733073208e+00 9.011487800636535095e-01 1.471648735473048042e+01
