2.044566315526155522e+06 1.175851778672831599e+06 8.220135555268604076e+05 5.753985183734835591e+05 4.003530251350382459e+05 2.662294719013659633e+05 1.527832045310590183e+05 9.767859620918719156e+04 5.446452809220628114e+04 2.682977584074232072e+04 9.694653468725875427e+03 3.751818913590340344e+03 8.020937298363448917e+02 4.114383833315756789e+01
1.175851778672831599e+06 1.010347437982610078e+06 5.408862496226700023e+05 3.958883031602591509e+05 2.790748837238614215e+05 1.794616716569367272e+05 1.115244828849906917e+05 6.665468845411033544e+04 3.511901824625354493e+04 1.963560781256103655e+04 6.682999984666827913e+03 2.863797819917494508e+03 4.846348750244114285e+02 6.952714000561106999e+00
8.220135555268604076e+05 5.408862496226700023e+05 5.093125481920712627e+05 2.678809617558224709e+05 1.941822535854532034e+05 1.245636535580335767e+05 7.637959366533528373e+04 4.386087003500872379e+04 2.521061394113234928e+04 1.299471196885280915e+04 5.227042778067133440e+03 1.839915604272354358e+03 3.852152743382085305e+02 3.610651922990032858e+01
5.753985183734835591e+05 3.958883031602591509e+05 2.678809617558224709e+05 2.726955385781576042e+05 1.362829746885795030e+05 9.205179931732123077e+04 5.180644850225958362e+04 3.130559737377514102e+04 1.795871825934849039e+04 9.461746609624729899e+03 3.238461601817145947e+03 1.465394870330060257e+03 1.497638745243827429e+02 1.948769806757024625e+01
4.003530251350382459e+05 2.790748837238614215e+05 1.941822535854532034e+05 1.362829746885795030e+05 1.429702152190216875e+05 6.172700244600701262e+04 3.759970214084780309e+04 2.251535993137847618e+04 1.307530854150615960e+04 7.004620527992250572e+03 2.118841412511623730e+03 7.128906982907273004e+02 1.588598125603365077e+02 -1.035000490119322691e+01
2.662294719013659633e+05 1.794616716569367272e+05 1.245636535580335767e+05 9.205179931732123077e+04 6.172700244600701262e+04 6.986684542143798899e+04 2.517209136514634520e+04 1.588857771846872856e+04 8.941359128124233393e+03 4.934809746884950073e+03 1.378832256902268000e+03 6.241320707395996124e+02 1.408466545350801482e+02 7.879966946953604889e+00
1.527832045310590183e+05 1.115244828849906917e+05 7.637959366533528373e+04 5.180644850225958362e+04 3.759970214084780309e+04 2.517209136514634520e+04 2.937080757933827044e+04 8.748252618056210849e+03 5.083426620148818984e+03 2.922677530767782628e+03 1.052533837516180483e+03 3.596685403351644936e+02 9.520047880175638966e+01 3.261161821839530628e+00
9.767859620918719156e+04 6.665468845411033544e+04 4.386087003500872379e+04 3.130559737377514102e+04 2.251535993137847618e+04 1.588857771846872856e+04 8.748252618056210849e+03 1.330035953690162933e+04 3.834256137124481029e+03 1.795126232904147173e+03 5.462405575752113691e+02 1.365640211759416616e+02 6.639578004502703834e+01 1.308915815717409892e+00
5.446452809220628114e+04 3.511901824625354493e+04 2.521061394113234928e+04 1.795871825934849039e+04 1.307530854150615960e+04 8.941359128124233393e+03 5.083426620148818984e+03 3.834256137124481029e+03 5.109840578729603294e+03 9.861461027838342943e+02 3.303536902280577010e+02 1.452741468274143415e+02 4.520383847013618350e+01 -7.493050721790075475e-01
2.682977584074232072e+04 1.963560781256103655e+04 1.299471196885280915e+04 9.461746609624729899e+03 7.004620527992250572e+03 4.934809746884950073e+03 2.922677530767782628e+03 1.795126232904147173e+03 9.861461027838342943e+02 2.038960734423766553e+03 2.329788292183104659e+02 8.291392919916641802e+01 1.236890317658907890e+01 1.281496359597047441e+00
9.694653468725875427e+03 6.682999984666827913e+03 5.227042778067133440e+03 3.238461601817145947e+03 2.118841412511623730e+03 1.378832256902268000e+03 1.052533837516180483e+03 5.462405575752113691e+02 3.303536902280577010e+02 2.329788292183104659e+02 5.198795289329494835e+02 6.713706256519982318e+00 6.295568647751227154e+00 5.500824546310256746e-02
3.751818913590340344e+03 2.863797819917494508e+03 1.839915604272354358e+03 1.465394870330060257e+03 7.128906982907273004e+02 6.241320707395996124e+02 3.596685403351644936e+02 1.365640211759416616e+02 1.452741468274143415e+02 8.291392919916641802e+01 6.713706256519982318e+00 1.377424547490261091e+02 6.556688562918021823e+00 -2.395991974373067601e-01
8.020937298363448917e+02 4.846348750244114285e+02 3.852152743382085305e+02 1.497638745243827429e+02 1.588598125603365077e+02 1.408466545350801482e+02 9.520047880175638966e+01 6.639578004502703834e+01 4.520383847013618350e+01 1.236890317658907890e+01 6.295568647751227154e+00 6.556688562918021823e+00 2.208680521485202064e+01 -4.515973108310736284e-02
4.114383833315756789e+01 6.952714000561106999e+00 3.610651922990032858e+01 1.948769806757024625e+01 -1.035000490119322691e+01 7.879966946953604889e+00 3.261161821839530628e+00 1.308915815717409892e+00 -7.493050721790075475e-01 1.281496359597047441e+00 5.500824546310256746e-02 -2.395991974373067601e-01 -4.515973108310736284e-02 1.003163486975346297e+00
