1.281479717862823280e+06 7.150476596520770108e+05 4.505540078661083826e+05 2.532035891406812007e+05 1.435676835183781805e+05 7.548965207701499457e+04 3.240000925241882942e+04 1.283112341022076180e+04 4.575378556301797289e+03 8.492457672880634618e+02 1.925286744460927935e+01
7.150476596520770108e+05 6.292387019963567145e+05 3.133033962339120917e+05 1.773076288157511153e+05 1.028366395042852673e+05 5.178144483208905876e+04 2.612991561766375526e+04 8.708974490753143982e+03 3.630817467763883542e+03 9.054337874012173870e+02 2.355089020032790259e+01
4.505540078661083826e+05 3.133033962339120917e+05 2.653776189888827503e+05 1.079685904389098869e+05 6.220048336211594142e+04 3.482439996783093375e+04 1.645822716671573289e+04 5.363430440293876018e+03 2.080117524059667630e+03 4.429786957004480996e+02 1.279995098057952063e+01
2.532035891406812007e+05 1.773076288157511153e+05 1.079685904389098869e+05 9.909615186828664446e+04 3.694543694302458607e+04 2.015181694310310195e+04 8.467755806695024148e+03 3.439575062901852107e+03 1.075768429195637736e+03 1.473700238586656042e+02 5.352920676620744889e-01
1.435676835183781805e+05 1.028366395042852673e+05 6.220048336211594142e+04 3.694543694302458607e+04 3.859613258221065189e+04 1.067239442250907450e+04 5.029823874755345969e+03 1.963776793134170020e+03 7.814479877144856346e+02 2.047619609299844967e+02 4.915667449190084248e+00
7.548965207701499457e+04 5.178144483208905876e+04 3.482439996783093375e+04 2.015181694310310195e+04 1.067239442250907450e+04 1.398500526575862568e+04 2.753260044194209968e+03 1.176630788025501261e+03 3.143987959605011611e+02 6.608994297662789563e+01 3.650966410208406732e+00
3.240000925241882942e+04 2.612991561766375526e+04 1.645822716671573289e+04 8.467755806695024148e+03 5.029823874755345969e+03 2.753260044194209968e+03 4.184548680496955058e+03 4.899589079392461599e+02 2.503833548431588270e+02 8.121537524749152226e+01 6.666641135719789668e-01
1.283112341022076180e+04 8.708974490753143982e+03 5.363430440293876018e+03 3.439575062901852107e+03 1.963776793134170020e+03 1.176630788025501261e+03 4.899589079392461599e+02 1.092631109715437105e+03 7.832126868386791330e+01 1.819208719329344248e+01 2.862734134749818082e-01
4.575378556301797289e+03 3.630817467763883542e+03 2.080117524059667630e+03 1.075768429195637736e+03 7.814479877144856346e+02 3.143987959605011611e+02 2.503833548431588270e+02 7.832126868386791330e+01 2.474343465290037898e+02 9.670551200401344971e+00 -4.470571114540768387e-01
8.492457672880634618e+02 9.054337874012173870e+02 4.429786957004480996e+02 1.473700238586656042e+02 2.047619609299844967e+02 6.608994297662789563e+01 8.121537524749152226e+01 1.819208719329344248e+01 9.670551200401344971e+00 4.420179150661953571e+01 -7.647029538030265805e-02
1.925286744460927935e+01 2.355089020032790259e+01 1.279995098057952063e+01 5.352920676620744889e-01 4.915667449190084248e+00 3.650966410208406732e+00 6.666641135719789668e-01 2.862734134749818082e-01 -4.470571114540768387e-01 -7.647029538030265805e-02 1.001956947162427669e+00
