1.427496221412720159e+06 8.271305933806594694e+05 5.371443376062368043e+05 3.295460106136190007e+05 1.805074186458080658e+05 1.092270587975855015e+05 4.617544681690513971e+04 1.793723579843670086e+04 7.197026548226722298e+03 2.351268706775091232e+03 2.087613492899522498e+02
8.271305933806594694e+05 7.053819063660125248e+05 3.672656338139896397e+05 2.232914821453473123e+05 1.265878412937483808e+05 7.099848461336029868e+04 3.253952348738756336e+04 1.433430636333525217e+04 4.950463698150661003e+03 1.969291569348193889e+03 1.495114531992844888e+02
5.371443376062368043e+05 3.672656338139896397e+05 3.208068470396760968e+05 1.469898754188312450e+05 8.169681767836866493e+04 4.900447510614580824e+04 2.332391281943916692e+04 8.450045638895830052e+03 3.303321780096053772e+03 1.531332497216244747e+03 8.723911466841387607e+01
3.295460106136190007e+05 2.232914821453473123e+05 1.469898754188312450e+05 1.326218637223713158e+05 5.093004210783387680e+04 3.028507382156956373e+04 1.416886316826844268e+04 5.367393240272783260e+03 2.056036461914710344e+03 6.820330688916305917e+02 9.799822020809434875e+00
1.805074186458080658e+05 1.265878412937483808e+05 8.169681767836866493e+04 5.093004210783387680e+04 5.194054618571010360e+04 1.725589884381929005e+04 7.344978944775818491e+03 3.786109150482151563e+03 1.367228882842862504e+03 4.180603743689080716e+02 -3.145892402075601613e+00
1.092270587975855015e+05 7.099848461336029868e+04 4.900447510614580824e+04 3.028507382156956373e+04 1.725589884381929005e+04 2.058049900028614866e+04 4.424461517416324568e+03 2.070099088713724541e+03 7.075660919477812740e+02 2.693134049898202420e+02 4.217692501105021563e+01
4.617544681690513971e+04 3.253952348738756336e+04 2.332391281943916692e+04 1.416886316826844268e+04 7.344978944775818491e+03 4.424461517416324568e+03 6.314302682190192172e+03 9.146241749915327546e+02 3.774695402613959345e+02 1.658273554875640343e+02 1.646303037146439863e+01
1.793723579843670086e+04 1.433430636333525217e+04 8.450045638895830052e+03 5.367393240272783260e+03 3.786109150482151563e+03 2.070099088713724541e+03 9.146241749915327546e+02 1.654051578687317942e+03 2.161569747430412747e+02 3.917018539706408120e+01 1.435306721931500817e+01
7.197026548226722298e+03 4.950463698150661003e+03 3.303321780096053772e+03 2.056036461914710344e+03 1.367228882842862504e+03 7.075660919477812740e+02 3.774695402613959345e+02 2.161569747430412747e+02 4.567555451197721936e+02 1.760055822622760280e+00 3.267907199264734164e+00
2.351268706775091232e+03 1.969291569348193889e+03 1.531332497216244747e+03 6.820330688916305917e+02 4.180603743689080716e+02 2.693134049898202420e+02 1.658273554875640343e+02 3.917018539706408120e+01 1.760055822622760280e+00 1.074054891325656769e+02 2.412840944683498634e+00
2.087613492899522498e+02 1.495114531992844888e+02 8.723911466841387607e+01 9.799822020809434875e+00 -3.145892402075601613e+00 4.217692501105021563e+01 1.646303037146439863e+01 1.435306721931500817e+01 3.267907199264734164e+00 2.412840944683498634e+00 1.089547074649643932e+01
