1.654831198838374577e+06 9.002231766197721008e+05 6.184274927847580984e+05 3.890865833957141731e+05 2.274647389913300576e+05 1.426964348048879474e+05 6.160283893138989515e+04 3.377950224845330376e+04 1.204527118488720225e+04 4.781176238896196082e+03 6.027352909272019588e+02 1.503008214734645094e+02
9.002231766197721008e+05 7.575649132131462684e+05 4.068638963397054467e+05 2.603057882299825142e+05 1.537640125758407521e+05 9.727594563592277700e+04 4.472925893792182615e+04 2.346698310170877085e+04 8.201878370673553945e+03 3.286000021436168026e+03 5.125314309566140309e+02 1.374969516834819387e+02
6.184274927847580984e+05 4.068638963397054467e+05 3.655336364042861969e+05 1.730550163425311912e+05 1.066149231851556106e+05 6.595616319916232897e+04 2.949387830077339459e+04 1.548280654200017852e+04 5.545316090760714360e+03 2.316902512344527167e+03 1.664996040725357602e+02 9.664559933671456804e+01
3.890865833957141731e+05 2.603057882299825142e+05 1.730550163425311912e+05 1.635626357398467371e+05 6.980936473479330016e+04 4.175255990822499734e+04 1.972063535709310236e+04 9.773736725804032176e+03 3.594306078803708260e+03 1.363175021878737880e+03 2.046703894807463087e+02 2.409082823050237110e+01
2.274647389913300576e+05 1.537640125758407521e+05 1.066149231851556106e+05 6.980936473479330016e+04 6.916743271963426378e+04 2.537415136440996866e+04 1.131928712540276683e+04 5.816961760227004561e+03 2.562679405316460361e+03 8.101625413754212559e+02 1.198096888172839982e+02 2.608061595200751270e+01
1.426964348048879474e+05 9.727594563592277700e+04 6.595616319916232897e+04 4.175255990822499734e+04 2.537415136440996866e+04 2.784478555040710853e+04 7.176828736043095887e+03 3.962368892414642232e+03 1.521876243962363333e+03 4.884092004865229910e+02 6.125901506928833840e+01 2.174829620030975974e+01
6.160283893138989515e+04 4.472925893792182615e+04 2.949387830077339459e+04 1.972063535709310236e+04 1.131928712540276683e+04 7.176828736043095887e+03 9.494027079572078947e+03 1.659018116897713298e+03 6.318460781448967509e+02 2.559462113990340981e+02 7.518090281406024644e+01 5.480719969378290202e+00
3.377950224845330376e+04 2.346698310170877085e+04 1.548280654200017852e+04 9.773736725804032176e+03 5.816961760227004561e+03 3.962368892414642232e+03 1.659018116897713298e+03 3.019024404733925621e+03 3.656695175468770458e+02 1.269408939821553304e+02 1.559712109865924567e+01 4.459323369029169370e+00
1.204527118488720225e+04 8.201878370673553945e+03 5.545316090760714360e+03 3.594306078803708260e+03 2.562679405316460361e+03 1.521876243962363333e+03 6.318460781448967509e+02 3.656695175468770458e+02 8.875745144753485647e+02 5.016118573342957632e+01 9.976751746068966753e+00 5.356481128076334031e+00
4.781176238896196082e+03 3.286000021436168026e+03 2.316902512344527167e+03 1.363175021878737880e+03 8.101625413754212559e+02 4.884092004865229910e+02 2.559462113990340981e+02 1.269408939821553304e+02 5.016118573342957632e+01 1.925351417611555576e+02 -1.319322812519868826e+00 2.324038193426912535e+00
6.027352909272019588e+02 5.125314309566140309e+02 1.664996040725357602e+02 2.046703894807463087e+02 1.198096888172839982e+02 6.125901506928833840e+01 7.518090281406024644e+01 1.559712109865924567e+01 9.976751746068966753e+00 -1.319322812519868826e+00 3.843306455847814362e+01 -1.177479454775354067e-01
1.503008214734645094e+02 1.374969516834819387e+02 9.664559933671456804e+01 2.409082823050237110e+01 2.608061595200751270e+01 2.174829620030975974e+01 5.480719969378290202e+00 4.459323369029169370e+00 5.356481128076334031e+00 2.324038193426912535e+00 -1.177479454775354067e-01 2.001299188245074578e+00
