1.585319087595380377e+06 8.682822983061308041e+05 5.992389011990365107e+05 3.782114319721314823e+05 2.215842396436830750e+05 1.392131492143449141e+05 6.015993823552952381e+04 3.301122455872919090e+04 1.177695097674948374e+04 4.676217385809433836e+03 5.896251929182277536e+02 1.470621819003265500e+02
8.682822983061308041e+05 7.356620924705173820e+05 3.969247073655367130e+05 2.547534008524677483e+05 1.508089989238654089e+05 9.554772820263079484e+04 4.397907863404083764e+04 2.308944098712832783e+04 8.073788688002828167e+03 3.235752314061245215e+03 5.047980667965387056e+02 1.354504616633633987e+02
5.992389011990365107e+05 3.969247073655367130e+05 3.582504790039663203e+05 1.701456346751026285e+05 1.050487780913769384e+05 6.508347624281155731e+04 2.913310411648073932e+04 1.530404727310289309e+04 5.483916253384328229e+03 2.292006908674457009e+03 1.647444671244318783e+02 9.564669252951424028e+01
3.782114319721314823e+05 2.547534008524677483e+05 1.701456346751026285e+05 1.613235998330184375e+05 6.900234947016507795e+04 4.133097504987903812e+04 1.954127810478556057e+04 9.691576610077067016e+03 3.565798108922615484e+03 1.352810505474435104e+03 2.031560847269981878e+02 2.391755546279243205e+01
2.215842396436830750e+05 1.508089989238654089e+05 1.050487780913769384e+05 6.900234947016507795e+04 6.851540623695138493e+04 2.517215850122997654e+04 1.124054910941606795e+04 5.780513156735630218e+03 2.547841223034482937e+03 8.057380907701564183e+02 1.191799357386005482e+02 2.594892023238195122e+01
1.392131492143449141e+05 9.554772820263079484e+04 6.508347624281155731e+04 4.133097504987903812e+04 2.517215850122997654e+04 2.766401170338546217e+04 7.137455018937216664e+03 3.943369211974458267e+03 1.515304000827180289e+03 4.864608821197729185e+02 6.102721726708985273e+01 2.167050524469442152e+01
6.015993823552952381e+04 4.397907863404083764e+04 2.913310411648073932e+04 1.954127810478556057e+04 1.124054910941606795e+04 7.137455018937216664e+03 9.451501058895528331e+03 1.652734847063187544e+03 6.297544510016327877e+02 2.551833364608671957e+02 7.497226190156840175e+01 5.466645731289170307e+00
3.301122455872919090e+04 2.308944098712832783e+04 1.530404727310289309e+04 9.691576610077067016e+03 5.780513156735630218e+03 3.943369211974458267e+03 1.652734847063187544e+03 3.009680630818667851e+03 3.647123287671263938e+02 1.266504953642195233e+02 1.556464627509851084e+01 4.450963346494804185e+00
1.177695097674948374e+04 8.073788688002828167e+03 5.483916253384328229e+03 3.565798108922615484e+03 2.547841223034482937e+03 1.515304000827180289e+03 6.297544510016327877e+02 3.647123287671263938e+02 8.856750395410692818e+02 5.007039648285783073e+01 9.960746167485911684e+00 5.348999123011926038e+00
4.676217385809433836e+03 3.235752314061245215e+03 2.292006908674457009e+03 1.352810505474435104e+03 8.057380907701564183e+02 4.864608821197729185e+02 2.551833364608671957e+02 1.266504953642195233e+02 5.007039648285783073e+01 1.922502441396899826e+02 -1.317642012706754517e+00 2.321559736673802998e+00
5.896251929182277536e+02 5.047980667965387056e+02 1.647444671244318783e+02 2.031560847269981878e+02 1.191799357386005482e+02 6.102721726708985273e+01 7.497226190156840175e+01 1.556464627509851084e+01 9.960746167485911684e+00 -1.317642012706754517e+00 3.839200983452115423e+01 -1.176466082773886396e-01
1.470621819003265500e+02 1.354504616633633987e+02 9.564669252951424028e+01 2.391755546279243205e+01 2.594892023238195122e+01 2.167050524469442152e+01 5.466645731289170307e+00 4.450963346494804185e+00 5.348999123011926038e+00 2.321559736673802998e+00 -1.176466082773886396e-01 1.999992340715606831e+00
