1.440939357014641166e+06 8.349052799636262935e+05 5.419817190201902995e+05 3.323328228235333809e+05 1.819289330134930788e+05 1.100276209882552503e+05 4.649111657259109052e+04 1.805230066328705288e+04 7.240675391095310260e+03 2.364873781905395390e+03 2.099195372083919722e+02
8.349052799636262935e+05 7.119997239308885764e+05 3.705666359176370897e+05 2.251758034867731913e+05 1.275824969232633593e+05 7.151760288387235778e+04 3.276139950199122177e+04 1.442600604669355926e+04 4.980400180129490764e+03 1.980651700327146500e+03 1.503382929120458300e+02
5.419817190201902995e+05 3.705666359176370897e+05 3.235639771814608248e+05 1.481724628674741834e+05 8.230661797017589561e+04 4.934351973986038502e+04 2.347378808053664034e+04 8.500784277866127013e+03 3.322000962792825248e+03 1.539565255942080967e+03 8.768734376019730803e+01
3.323328228235333809e+05 2.251758034867731913e+05 1.481724628674741834e+05 1.336160861130857957e+05 5.128226442803012469e+04 3.047800680115407522e+04 1.425214781667771967e+04 5.396682862127558110e+03 2.066537198001340585e+03 6.853265809014878869e+02 9.844811272917915801e+00
1.819289330134930788e+05 1.275824969232633593e+05 8.230661797017589561e+04 5.128226442803012469e+04 5.226960397062799166e+04 1.735581651677929403e+04 7.383893190182224316e+03 3.804575015493744559e+03 1.373419401505373116e+03 4.198369790541427733e+02 -3.158512574066353551e+00
1.100276209882552503e+05 7.151760288387235778e+04 4.934351973986038502e+04 3.047800680115407522e+04 1.735581651677929403e+04 2.068845843129156856e+04 4.445494111902692566e+03 2.079069092056670343e+03 7.103849185071649117e+02 2.703114365929183123e+02 4.232319308105477518e+01
4.649111657259109052e+04 3.276139950199122177e+04 2.347378808053664034e+04 1.425214781667771967e+04 7.383893190182224316e+03 4.445494111902692566e+03 6.341213862837924353e+03 9.181377645158763698e+02 3.787878318154365047e+02 1.663604212863365035e+02 1.651203795888140746e+01
1.805230066328705288e+04 1.442600604669355926e+04 8.500784277866127013e+03 5.396682862127558110e+03 3.804575015493744559e+03 2.079069092056670343e+03 9.181377645158763698e+02 1.659710698797441182e+03 2.168210939520957083e+02 3.927965226215777506e+01 1.438976787973464511e+01
7.240675391095310260e+03 4.980400180129490764e+03 3.322000962792825248e+03 2.066537198001340585e+03 1.373419401505373116e+03 7.103849185071649117e+02 3.787878318154365047e+02 2.168210939520957083e+02 4.579995367005663525e+02 1.764360725811749520e+00 3.275123770876713802e+00
2.364873781905395390e+03 1.980651700327146500e+03 1.539565255942080967e+03 6.853265809014878869e+02 4.198369790541427733e+02 2.703114365929183123e+02 1.663604212863365035e+02 3.927965226215777506e+01 1.764360725811749520e+00 1.076383783964396343e+02 2.417499681322995642e+00
2.099195372083919722e+02 1.503382929120458300e+02 8.768734376019730803e+01 9.844811272917915801e+00 -3.158512574066353551e+00 4.232319308105477518e+01 1.651203795888140746e+01 1.438976787973464511e+01 3.275123770876713802e+00 2.417499681322995642e+00 1.091392067423893764e+01
