1.881167352637205506e+06 1.074284944680774119e+06 7.720165963824896608e+05 5.203974737228865270e+05 3.525218734915862442e+05 2.266745985807364341e+05 1.347053821638296940e+05 7.921584565009560902e+04 4.017641868712234282e+04 1.686878245717549726e+04 6.365599151351211731e+03 1.233673706825530417e+03 4.470571114540568374e+02
1.074284944680774119e+06 8.906050736018521711e+05 5.071748518119665096e+05 3.528453075470565818e+05 2.353964298849854385e+05 1.497380657702758035e+05 8.925734052795694151e+04 5.163036501851209323e+04 2.618244286748331797e+04 1.204082055445526021e+04 4.980233868589364647e+03 8.555849586972307179e+02 2.095207662348345821e+02
7.720165963824896608e+05 5.071748518119665096e+05 4.771057787309060805e+05 2.519332077312673791e+05 1.764751143569361302e+05 1.071402759640190052e+05 6.612410363011898880e+04 3.467194761049278168e+04 2.075078131594185470e+04 8.427383412287417741e+03 3.339428387605576063e+03 7.807852451545229542e+02 2.571127408366163536e+02
5.203974737228865270e+05 3.528453075470565818e+05 2.519332077312673791e+05 2.458915445942545775e+05 1.216066009551062889e+05 7.359424364949749724e+04 4.417851316439583024e+04 2.454642364267766970e+04 1.454515998330281582e+04 6.168933237847322744e+03 2.142132972836239333e+03 5.035431696416461591e+02 1.023368629868882067e+02
3.525218734915862442e+05 2.353964298849854385e+05 1.764751143569361302e+05 1.216066009551062889e+05 1.234988976298281632e+05 5.047968511150155246e+04 3.023962144752879976e+04 1.680654544061858178e+04 9.935273716016865365e+03 4.276614994580870189e+03 1.220546306118561233e+03 2.484970875571016506e+02 6.332524768210714683e+01
2.266745985807364341e+05 1.497380657702758035e+05 1.071402759640190052e+05 7.359424364949749724e+04 5.047968511150155246e+04 5.696121715220734768e+04 1.979809672910455993e+04 1.119699633503275072e+04 5.965934015265487687e+03 2.748938492116796624e+03 8.729966567223900711e+02 2.470970929186418061e+02 8.241537065192480327e+01
1.347053821638296940e+05 8.925734052795694151e+04 6.612410363011898880e+04 4.417851316439583024e+04 3.023962144752879976e+04 1.979809672910455993e+04 2.297025712983861013e+04 6.773468177588274557e+03 3.979384760322201601e+03 1.765381474488875028e+03 5.863310878864681399e+02 1.355053634139050018e+02 3.334889189303270030e+01
7.921584565009560902e+04 5.163036501851209323e+04 3.467194761049278168e+04 2.454642364267766970e+04 1.680654544061858178e+04 1.119699633503275072e+04 6.773468177588274557e+03 1.047656968225399214e+04 1.995970787489352688e+03 9.357493575774819874e+02 2.814361770979597850e+02 1.255328525855793629e+02 1.934110240080213927e+01
4.017641868712234282e+04 2.618244286748331797e+04 2.075078131594185470e+04 1.454515998330281582e+04 9.935273716016865365e+03 5.965934015265487687e+03 3.979384760322201601e+03 1.995970787489352688e+03 3.786697262955005044e+03 5.180646826567092376e+02 2.282795179246402029e+02 3.250575786704327896e+01 2.087835141562798924e+01
1.686878245717549726e+04 1.204082055445526021e+04 8.427383412287417741e+03 6.168933237847322744e+03 4.276614994580870189e+03 2.748938492116796624e+03 1.765381474488875028e+03 9.357493575774819874e+02 5.180646826567092376e+02 1.114717299642658418e+03 1.126701567472519656e+02 1.265093194342835403e+01 6.745072207903595185e+00
6.365599151351211731e+03 4.980233868589364647e+03 3.339428387605576063e+03 2.142132972836239333e+03 1.220546306118561233e+03 8.729966567223900711e+02 5.863310878864681399e+02 2.814361770979597850e+02 2.282795179246402029e+02 1.126701567472519656e+02 3.035419747932818950e+02 1.098427165949858164e+01 7.576441573063714685e+00
1.233673706825530417e+03 8.555849586972307179e+02 7.807852451545229542e+02 5.035431696416461591e+02 2.484970875571016506e+02 2.470970929186418061e+02 1.355053634139050018e+02 1.255328525855793629e+02 3.250575786704327896e+01 1.265093194342835403e+01 1.098427165949858164e+01 5.250960282780778954e+01 -8.470555795971983493e-01
4.470571114540568374e+02 2.095207662348345821e+02 2.571127408366163536e+02 1.023368629868882067e+02 6.332524768210714683e+01 8.241537065192480327e+01 3.334889189303270030e+01 1.934110240080213927e+01 2.087835141562798924e+01 6.745072207903595185e+00 7.576441573063714685e+00 -8.470555795971983493e-01 7.905852076240514670e+00
