1.956449324669872643e+06 1.126877166643565521e+06 7.855101243371553719e+05 5.315352499100546120e+05 3.634493562902228441e+05 2.025148004432901216e+05 1.464030338714195823e+05 7.008251043629576452e+04 3.913204558217386511e+04 1.701886703015782041e+04 4.714841831551520954e+03 2.804195288498527816e+02 6.767759371317225714e+01 0.000000000000000000e+00 0.000000000000000000e+00 0.000000000000000000e+00 0.000000000000000000e+00 0.000000000000000000e+00 0.000000000000000000e+00 0.000000000000000000e+00
1.126877166643565521e+06 9.490172382896026829e+05 5.361967587833583821e+05 3.472409873756807647e+05 2.437655503212721087e+05 1.473948440791729081e+05 9.638195451651737676e+04 4.796704207394187688e+04 2.495310876132827616e+04 1.150721964891212701e+04 3.695609463349013367e+03 9.684835813161406293e+01 1.895544689369205571e+01 0.000000000000000000e+00 0.000000000000000000e+00 0.000000000000000000e+00 0.000000000000000000e+00 0.000000000000000000e+00 0.000000000000000000e+00 0.000000000000000000e+00
7.855101243371553719e+05 5.361967587833583821e+05 4.873704845736780553e+05 2.540287892062837200e+05 1.745799212944000901e+05 1.027861446867914492e+05 7.132656284787799814e+04 3.301308630078282295e+04 1.827349269334418204e+04 8.155986177970790777e+03 2.015457179171903135e+03 8.126694293869410046e+01 3.003041283741781697e+01 0.000000000000000000e+00 0.000000000000000000e+00 0.000000000000000000e+00 0.000000000000000000e+00 0.000000000000000000e+00 0.000000000000000000e+00 0.000000000000000000e+00
5.315352499100546120e+05 3.472409873756807647e+05 2.540287892062837200e+05 2.390675865997241344e+05 1.152790996096486633e+05 6.756138846796823782e+04 4.755570475426534540e+04 2.283454746732608692e+04 1.208653876230491187e+04 5.715111343211003259e+03 1.487512007770064429e+03 1.086237467528659124e+02 1.235715834695958826e+01 0.000000000000000000e+00 0.000000000000000000e+00 0.000000000000000000e+00 0.000000000000000000e+00 0.000000000000000000e+00 0.000000000000000000e+00 0.000000000000000000e+00
3.634493562902228441e+05 2.437655503212721087e+05 1.745799212944000901e+05 1.152790996096486633e+05 1.179290070925512991e+05 4.406790825202627457e+04 3.198517644458652285e+04 1.518106513066864864e+04 7.921165320637953300e+03 3.630379512794052062e+03 1.077275186770127675e+03 1.914485738051133126e+02 8.058049449667663566e+00 0.000000000000000000e+00 0.000000000000000000e+00 0.000000000000000000e+00 0.000000000000000000e+00 0.000000000000000000e+00 0.000000000000000000e+00 0.000000000000000000e+00
2.025148004432901216e+05 1.473948440791729081e+05 1.027861446867914492e+05 6.756138846796823782e+04 4.406790825202627457e+04 4.790747368216256291e+04 1.968923765431232459e+04 9.153816463058628869e+03 5.014600519474268367e+03 2.016460698783414045e+03 5.898058203324522992e+02 3.492684081164758680e+01 6.078362185365540959e+00 0.000000000000000000e+00 0.000000000000000000e+00 0.000000000000000000e+00 0.000000000000000000e+00 0.000000000000000000e+00 0.000000000000000000e+00 0.000000000000000000e+00
1.464030338714195823e+05 9.638195451651737676e+04 7.132656284787799814e+04 4.755570475426534540e+04 3.198517644458652285e+04 1.968923765431232459e+04 2.386801838696731647e+04 6.580192370852983004e+03 3.283840137561420306e+03 1.615404482912604635e+03 3.643933552104941214e+02 2.558064849030136045e+01 -2.545634482349761196e+00 0.000000000000000000e+00 0.000000000000000000e+00 0.000000000000000000e+00 0.000000000000000000e+00 0.000000000000000000e+00 0.000000000000000000e+00 0.000000000000000000e+00
7.008251043629576452e+04 4.796704207394187688e+04 3.301308630078282295e+04 2.283454746732608692e+04 1.518106513066864864e+04 9.153816463058628869e+03 6.580192370852983004e+03 8.462094024954774795e+03 1.736683737405454622e+03 8.204534393785808106e+02 2.623844833837610508e+02 2.083199214935618926e+01 1.099842083080042343e+01 0.000000000000000000e+00 0.000000000000000000e+00 0.000000000000000000e+00 0.000000000000000000e+00 0.000000000000000000e+00 0.000000000000000000e+00 0.000000000000000000e+00
3.913204558217386511e+04 2.495310876132827616e+04 1.827349269334418204e+04 1.208653876230491187e+04 7.921165320637953300e+03 5.014600519474268367e+03 3.283840137561420306e+03 1.736683737405454622e+03 2.666268266704919824e+03 4.445841328133779484e+02 1.254411259296597763e+02 -1.186016204167510413e+00 2.051770379798997457e+00 0.000000000000000000e+00 0.000000000000000000e+00 0.000000000000000000e+00 0.000000000000000000e+00 0.000000000000000000e+00 0.000000000000000000e+00 0.000000000000000000e+00
1.701886703015782041e+04 1.150721964891212701e+04 8.155986177970790777e+03 5.715111343211003259e+03 3.630379512794052062e+03 2.016460698783414045e+03 1.615404482912604635e+03 8.204534393785808106e+02 4.445841328133779484e+02 9.822726390464951010e+02 5.995835743027031128e+01 3.360589836818308029e+00 -3.847039114719634778e-01 0.000000000000000000e+00 0.000000000000000000e+00 0.000000000000000000e+00 0.000000000000000000e+00 0.000000000000000000e+00 0.000000000000000000e+00 0.000000000000000000e+00
4.714841831551520954e+03 3.695609463349013367e+03 2.015457179171903135e+03 1.487512007770064429e+03 1.077275186770127675e+03 5.898058203324522992e+02 3.643933552104941214e+02 2.623844833837610508e+02 1.254411259296597763e+02 5.995835743027031128e+01 2.062509252147455925e+02 1.624955104113017024e+00 1.638537127217984946e+00 0.000000000000000000e+00 0.000000000000000000e+00 0.000000000000000000e+00 0.000000000000000000e+00 0.000000000000000000e+00 0.000000000000000000e+00 0.000000000000000000e+00
2.804195288498527816e+02 9.684835813161406293e+01 8.126694293869410046e+01 1.086237467528659124e+02 1.914485738051133126e+02 3.492684081164758680e+01 2.558064849030136045e+01 2.083199214935618926e+01 -1.186016204167510413e+00 3.360589836818308029e+00 1.624955104113017024e+00 2.131728255874300260e+01 -3.924016834146121235e-02 0.000000000000000000e+00 0.000000000000000000e+00 0.000000000000000000e+00 0.000000000000000000e+00 0.000000000000000000e+00 0.000000000000000000e+00 0.000000000000000000e+00
6.767759371317225714e+01 1.895544689369205571e+01 3.003041283741781697e+01 1.235715834695958826e+01 8.058049449667663566e+00 6.078362185365540959e+00 -2.545634482349761196e+00 1.099842083080042343e+01 2.051770379798997457e+00 -3.847039114719634778e-01 1.638537127217984946e+00 -3.924016834146121235e-02 1.002491150720336011e+00 0.000000000000000000e+00 0.000000000000000000e+00 0.000000000000000000e+00 0.000000000000000000e+00 0.000000000000000000e+00 0.000000000000000000e+00 0.000000000000000000e+00
0.000000000000000000e+00 0.000000000000000000e+00 0.000000000000000000e+00 0.000000000000000000e+00 0.000000000000000000e+00 0.000000000000000000e+00 0.000000000000000000e+00 0.000000000000000000e+00 0.000000000000000000e+00 0.000000000000000000e+00 0.000000000000000000e+00 0.000000000000000000e+00 0.000000000000000000e+00 0.000000000000000000e+00 0.000000000000000000e+00 0.000000000000000000e+00 0.000000000000000000e+00 0.000000000000000000e+00 0.000000000000000000e+00 0.000000000000000000e+00
0.000000000000000000e+00 0.000000000000000000e+00 0.000000000000000000e+00 0.000000000000000000e+00 0.000000000000000000e+00 0.000000000000000000e+00 0.000000000000000000e+00 0.000000000000000000e+00 0.000000000000000000e+00 0.000000000000000000e+00 0.000000000000000000e+00 0.000000000000000000e+00 0.000000000000000000e+00 0.000000000000000000e+00 0.000000000000000000e+00 0.000000000000000000e+00 0.000000000000000000e+00 0.000000000000000000e+00 0.000000000000000000e+00 0.000000000000000000e+00
0.000000000000000000e+00 0.000000000000000000e+00 0.000000000000000000e+00 0.000000000000000000e+00 0.000000000000000000e+00 0.000000000000000000e+00 0.000000000000000000e+00 0.000000000000000000e+00 0.000000000000000000e+00 0.000000000000000000e+00 0.000000000000000000e+00 0.000000000000000000e+00 0.000000000000000000e+00 0.000000000000000000e+00 0.000000000000000000e+00 0.000000000000000000e+00 0.000000000000000000e+00 0.000000000000000000e+00 0.000000000000000000e+00 0.000000000000000000e+00
0.000000000000000000e+00 0.000000000000000000e+00 0.000000000000000000e+00 0.000000000000000000e+00 0.000000000000000000e+00 0.000000000000000000e+00 0.000000000000000000e+00 0.000000000000000000e+00 0.000000000000000000e+00 0.000000000000000000e+00 0.000000000000000000e+00 0.000000000000000000e+00 0.000000000000000000e+00 0.000000000000000000e+00 0.000000000000000000e+00 0.000000000000000000e+00 0.000000000000000000e+00 0.000000000000000000e+00 0.000000000000000000e+00 0.000000000000000000e+00
0.000000000000000000e+00 0.000000000000000000e+00 0.000000000000000000e+00 0.000000000000000000e+00 0.000000000000000000e+00 0.000000000000000000e+00 0.000000000000000000e+00 0.000000000000000000e+00 0.000000000000000000e+00 0.000000000000000000e+00 0.000000000000000000e+00 0.000000000000000000e+00 0.000000000000000000e+00 0.000000000000000000e+00 0.000000000000000000e+00 0.000000000000000000e+00 0.000000000000000000e+00 0.000000000000000000e+00 0.000000000000000000e+00 0.000000000000000000e+00
0.000000000000000000e+00 0.000000000000000000e+00 0.000000000000000000e+00 0.000000000000000000e+00 0.000000000000000000e+00 0.000000000000000000e+00 0.000000000000000000e+00 0.000000000000000000e+00 0.000000000000000000e+00 0.000000000000000000e+00 0.000000000000000000e+00 0.000000000000000000e+00 0.000000000000000000e+00 0.000000000000000000e+00 0.000000000000000000e+00 0.000000000000000000e+00 0.000000000000000000e+00 0.000000000000000000e+00 0.000000000000000000e+00 0.000000000000000000e+00
0.000000000000000000e+00 0.000000000000000000e+00 0.000000000000000000e+00 0.000000000000000000e+00 0.000000000000000000e+00 0.000000000000000000e+00 0.000000000000000000e+00 0.000000000000000000e+00 0.000000000000000000e+00 0.000000000000000000e+00 0.000000000000000000e+00 0.000000000000000000e+00 0.000000000000000000e+00 0.000000000000000000e+00 0.000000000000000000e+00 0.000000000000000000e+00 0.000000000000000000e+00 0.000000000000000000e+00 0.000000000000000000e+00 0.000000000000000000e+00
