2.047221865716152824e+06 1.177128604044449748e+06 8.711465052427260671e+05 5.765362976748456713e+05 4.127946812379473704e+05 2.689749138004578999e+05 1.652935449267619988e+05 1.152812047964438243e+05 6.164940657331344119e+04 3.068466716831573285e+04 1.504096725724330827e+04 3.282568828252097319e+03 6.215817685877390204e+02 0.000000000000000000e+00 0.000000000000000000e+00 0.000000000000000000e+00 0.000000000000000000e+00 0.000000000000000000e+00 0.000000000000000000e+00 0.000000000000000000e+00
1.177128604044449748e+06 1.018418141977967578e+06 6.011252624356278684e+05 3.871864798863340984e+05 2.815295844074451015e+05 1.811727725094332709e+05 1.094302353870995721e+05 7.958760404923876922e+04 4.038101549280759355e+04 2.119075565696311605e+04 1.013933484796530320e+04 2.110188819616917044e+03 2.995202906659446285e+02 0.000000000000000000e+00 0.000000000000000000e+00 0.000000000000000000e+00 0.000000000000000000e+00 0.000000000000000000e+00 0.000000000000000000e+00 0.000000000000000000e+00
8.711465052427260671e+05 6.011252624356278684e+05 5.763902202440252295e+05 2.924391453692362993e+05 2.078719440205133578e+05 1.406869433382122661e+05 8.305139617303898558e+04 5.785401043309044326e+04 3.057734406224236227e+04 1.521421697991405745e+04 7.529813818545389040e+03 1.234575610523707837e+03 3.556908295331429599e+02 0.000000000000000000e+00 0.000000000000000000e+00 0.000000000000000000e+00 0.000000000000000000e+00 0.000000000000000000e+00 0.000000000000000000e+00 0.000000000000000000e+00
5.765362976748456713e+05 3.871864798863340984e+05 2.924391453692362993e+05 2.743193946285780985e+05 1.393103287011715292e+05 9.496067149821284693e+04 5.590712166154641454e+04 3.714269979795243125e+04 1.999460681211626797e+04 9.657606673982030770e+03 4.480627599937945888e+03 9.738566153337612832e+02 2.173986064711030792e+02 0.000000000000000000e+00 0.000000000000000000e+00 0.000000000000000000e+00 0.000000000000000000e+00 0.000000000000000000e+00 0.000000000000000000e+00 0.000000000000000000e+00
4.127946812379473704e+05 2.815295844074451015e+05 2.078719440205133578e+05 1.393103287011715292e+05 1.474302163404996973e+05 6.575815508397736994e+04 3.857192823565378785e+04 2.716289573314441441e+04 1.350098917558556786e+04 6.923154734314067355e+03 4.043050918008001645e+03 6.659026881304586141e+02 2.475164094839444147e+02 0.000000000000000000e+00 0.000000000000000000e+00 0.000000000000000000e+00 0.000000000000000000e+00 0.000000000000000000e+00 0.000000000000000000e+00 0.000000000000000000e+00
2.689749138004578999e+05 1.811727725094332709e+05 1.406869433382122661e+05 9.496067149821284693e+04 6.575815508397736994e+04 7.138545275820048118e+04 2.520503013668350468e+04 1.899354475494166763e+04 1.027934720899966487e+04 4.521071048999398954e+03 2.195401625866296854e+03 5.453235929024411917e+02 6.888108123648235903e+01 0.000000000000000000e+00 0.000000000000000000e+00 0.000000000000000000e+00 0.000000000000000000e+00 0.000000000000000000e+00 0.000000000000000000e+00 0.000000000000000000e+00
1.652935449267619988e+05 1.094302353870995721e+05 8.305139617303898558e+04 5.590712166154641454e+04 3.857192823565378785e+04 2.520503013668350468e+04 3.141867163108029854e+04 1.161104320136642309e+04 5.607810828003919596e+03 2.561996812696223969e+03 1.393986795765982151e+03 2.665144236091492189e+02 7.427175821205914019e+01 0.000000000000000000e+00 0.000000000000000000e+00 0.000000000000000000e+00 0.000000000000000000e+00 0.000000000000000000e+00 0.000000000000000000e+00 0.000000000000000000e+00
1.152812047964438243e+05 7.958760404923876922e+04 5.785401043309044326e+04 3.714269979795243125e+04 2.716289573314441441e+04 1.899354475494166763e+04 1.161104320136642309e+04 1.510865568581104344e+04 4.435155294289467747e+03 2.031533196816920054e+03 1.068127184679805168e+03 2.135057257574722485e+02 3.289842391985463621e+01 0.000000000000000000e+00 0.000000000000000000e+00 0.000000000000000000e+00 0.000000000000000000e+00 0.000000000000000000e+00 0.000000000000000000e+00 0.000000000000000000e+00
6.164940657331344119e+04 4.038101549280759355e+04 3.057734406224236227e+04 1.999460681211626797e+04 1.350098917558556786e+04 1.027934720899966487e+04 5.607810828003919596e+03 4.435155294289467747e+03 6.019413191360545170e+03 1.042571683395399077e+03 6.812765877356807778e+02 1.092226802173163236e+02 3.793237006706216885e+00 0.000000000000000000e+00 0.000000000000000000e+00 0.000000000000000000e+00 0.000000000000000000e+00 0.000000000000000000e+00 0.000000000000000000e+00 0.000000000000000000e+00
3.068466716831573285e+04 2.119075565696311605e+04 1.521421697991405745e+04 9.657606673982030770e+03 6.923154734314067355e+03 4.521071048999398954e+03 2.561996812696223969e+03 2.031533196816920054e+03 1.042571683395399077e+03 1.990933481769956870e+03 2.252905515539386840e+02 6.445484379138078168e+01 7.391590056813241105e+00 0.000000000000000000e+00 0.000000000000000000e+00 0.000000000000000000e+00 0.000000000000000000e+00 0.000000000000000000e+00 0.000000000000000000e+00 0.000000000000000000e+00
1.504096725724330827e+04 1.013933484796530320e+04 7.529813818545389040e+03 4.480627599937945888e+03 4.043050918008001645e+03 2.195401625866296854e+03 1.393986795765982151e+03 1.068127184679805168e+03 6.812765877356807778e+02 2.252905515539386840e+02 6.381377694195447248e+02 3.294617586034705425e+01 2.106298344311802495e+01 0.000000000000000000e+00 0.000000000000000000e+00 0.000000000000000000e+00 0.000000000000000000e+00 0.000000000000000000e+00 0.000000000000000000e+00 0.000000000000000000e+00
3.282568828252097319e+03 2.110188819616917044e+03 1.234575610523707837e+03 9.738566153337612832e+02 6.659026881304586141e+02 5.453235929024411917e+02 2.665144236091492189e+02 2.135057257574722485e+02 1.092226802173163236e+02 6.445484379138078168e+01 3.294617586034705425e+01 1.077161208053864812e+02 2.213101575404837540e+00 0.000000000000000000e+00 0.000000000000000000e+00 0.000000000000000000e+00 0.000000000000000000e+00 0.000000000000000000e+00 0.000000000000000000e+00 0.000000000000000000e+00
6.215817685877390204e+02 2.995202906659446285e+02 3.556908295331429599e+02 2.173986064711030792e+02 2.475164094839444147e+02 6.888108123648235903e+01 7.427175821205914019e+01 3.289842391985463621e+01 3.793237006706216885e+00 7.391590056813241105e+00 2.106298344311802495e+01 2.213101575404837540e+00 2.146158602028937779e+01 0.000000000000000000e+00 0.000000000000000000e+00 0.000000000000000000e+00 0.000000000000000000e+00 0.000000000000000000e+00 0.000000000000000000e+00 0.000000000000000000e+00
0.000000000000000000e+00 0.000000000000000000e+00 0.000000000000000000e+00 0.000000000000000000e+00 0.000000000000000000e+00 0.000000000000000000e+00 0.000000000000000000e+00 0.000000000000000000e+00 0.000000000000000000e+00 0.000000000000000000e+00 0.000000000000000000e+00 0.000000000000000000e+00 0.000000000000000000e+00 0.000000000000000000e+00 0.000000000000000000e+00 0.000000000000000000e+00 0.000000000000000000e+00 0.000000000000000000e+00 0.000000000000000000e+00 0.000000000000000000e+00
0.000000000000000000e+00 0.000000000000000000e+00 0.000000000000000000e+00 0.000000000000000000e+00 0.000000000000000000e+00 0.000000000000000000e+00 0.000000000000000000e+00 0.000000000000000000e+00 0.000000000000000000e+00 0.000000000000000000e+00 0.000000000000000000e+00 0.000000000000000000e+00 0.000000000000000000e+00 0.000000000000000000e+00 0.000000000000000000e+00 0.000000000000000000e+00 0.000000000000000000e+00 0.000000000000000000e+00 0.000000000000000000e+00 0.000000000000000000e+00
0.000000000000000000e+00 0.000000000000000000e+00 0.000000000000000000e+00 0.000000000000000000e+00 0.000000000000000000e+00 0.000000000000000000e+00 0.000000000000000000e+00 0.000000000000000000e+00 0.000000000000000000e+00 0.000000000000000000e+00 0.000000000000000000e+00 0.000000000000000000e+00 0.000000000000000000e+00 0.000000000000000000e+00 0.000000000000000000e+00 0.000000000000000000e+00 0.000000000000000000e+00 0.000000000000000000e+00 0.000000000000000000e+00 0.000000000000000000e+00
0.000000000000000000e+00 0.000000000000000000e+00 0.000000000000000000e+00 0.000000000000000000e+00 0.000000000000000000e+00 0.000000000000000000e+00 0.000000000000000000e+00 0.000000000000000000e+00 0.000000000000000000e+00 0.000000000000000000e+00 0.000000000000000000e+00 0.000000000000000000e+00 0.000000000000000000e+00 0.000000000000000000e+00 0.000000000000000000e+00 0.000000000000000000e+00 0.000000000000000000e+00 0.000000000000000000e+00 0.000000000000000000e+00 0.000000000000000000e+00
0.000000000000000000e+00 0.000000000000000000e+00 0.000000000000000000e+00 0.000000000000000000e+00 0.000000000000000000e+00 0.000000000000000000e+00 0.000000000000000000e+00 0.000000000000000000e+00 0.000000000000000000e+00 0.000000000000000000e+00 0.000000000000000000e+00 0.000000000000000000e+00 0.000000000000000000e+00 0.000000000000000000e+00 0.000000000000000000e+00 0.000000000000000000e+00 0.000000000000000000e+00 0.000000000000000000e+00 0.000000000000000000e+00 0.000000000000000000e+00
0.000000000000000000e+00 0.000000000000000000e+00 0.000000000000000000e+00 0.000000000000000000e+00 0.000000000000000000e+00 0.000000000000000000e+00 0.000000000000000000e+00 0.000000000000000000e+00 0.000000000000000000e+00 0.000000000000000000e+00 0.000000000000000000e+00 0.000000000000000000e+00 0.000000000000000000e+00 0.000000000000000000e+00 0.000000000000000000e+00 0.000000000000000000e+00 0.000000000000000000e+00 0.000000000000000000e+00 0.000000000000000000e+00 0.000000000000000000e+00
0.000000000000000000e+00 0.000000000000000000e+00 0.000000000000000000e+00 0.000000000000000000e+00 0.000000000000000000e+00 0.000000000000000000e+00 0.000000000000000000e+00 0.000000000000000000e+00 0.000000000000000000e+00 0.000000000000000000e+00 0.000000000000000000e+00 0.000000000000000000e+00 0.000000000000000000e+00 0.000000000000000000e+00 0.000000000000000000e+00 0.000000000000000000e+00 0.000000000000000000e+00 0.000000000000000000e+00 0.000000000000000000e+00 0.000000000000000000e+00
