1.739424351632862585e+06 9.925115867575570010e+05 6.489852086901206058e+05 4.314952921162327984e+05 2.646594537497991696e+05 1.550097564213462756e+05 8.199579041634382156e+04 4.209351066517855361e+04 1.817048316367205553e+04 3.634132057897281811e+03 8.103455850009802361e+02 8.452048141310794449e+01 0.000000000000000000e+00 0.000000000000000000e+00 0.000000000000000000e+00 0.000000000000000000e+00 0.000000000000000000e+00 0.000000000000000000e+00 0.000000000000000000e+00 0.000000000000000000e+00
9.925115867575570010e+05 8.276536403601804050e+05 4.426215320855249884e+05 2.894477384536273894e+05 1.848155613737471576e+05 1.099431567486691638e+05 5.516144512089673663e+04 2.985704040158639691e+04 1.237558639602339645e+04 2.270421295129586269e+03 4.063375689072572072e+02 1.072558415314041298e+02 0.000000000000000000e+00 0.000000000000000000e+00 0.000000000000000000e+00 0.000000000000000000e+00 0.000000000000000000e+00 0.000000000000000000e+00 0.000000000000000000e+00 0.000000000000000000e+00
6.489852086901206058e+05 4.426215320855249884e+05 3.798893410628837300e+05 1.889244194088370714e+05 1.176224362704005034e+05 7.096893469193959027e+04 3.512215239200346696e+04 1.795026835123569253e+04 7.061726448681674810e+03 1.436894596759598471e+03 1.460525432005545952e+02 3.949204910928940393e+01 0.000000000000000000e+00 0.000000000000000000e+00 0.000000000000000000e+00 0.000000000000000000e+00 0.000000000000000000e+00 0.000000000000000000e+00 0.000000000000000000e+00 0.000000000000000000e+00
4.314952921162327984e+05 2.894477384536273894e+05 1.889244194088370714e+05 1.785438678026850976e+05 7.801069113951116742e+04 4.322799849118539714e+04 2.321413242153107421e+04 1.202053332523052632e+04 5.995892916037210853e+03 1.114823023167151860e+03 1.412598140987119280e+02 5.438293068677744913e+01 0.000000000000000000e+00 0.000000000000000000e+00 0.000000000000000000e+00 0.000000000000000000e+00 0.000000000000000000e+00 0.000000000000000000e+00 0.000000000000000000e+00 0.000000000000000000e+00
2.646594537497991696e+05 1.848155613737471576e+05 1.176224362704005034e+05 7.801069113951116742e+04 7.824317111436487176e+04 2.894637047893033741e+04 1.516915749294678608e+04 7.689317572731971268e+03 3.155326030250981603e+03 5.770836156497429101e+02 2.320290959179311017e+02 2.797818979642551440e+01 0.000000000000000000e+00 0.000000000000000000e+00 0.000000000000000000e+00 0.000000000000000000e+00 0.000000000000000000e+00 0.000000000000000000e+00 0.000000000000000000e+00 0.000000000000000000e+00
1.550097564213462756e+05 1.099431567486691638e+05 7.096893469193959027e+04 4.322799849118539714e+04 2.894637047893033741e+04 3.249650341193537315e+04 8.793256221877752978e+03 4.922759593932553798e+03 1.874170523022555699e+03 3.683034034242568282e+02 5.532886847669808361e+01 1.779395958156250401e+01 0.000000000000000000e+00 0.000000000000000000e+00 0.000000000000000000e+00 0.000000000000000000e+00 0.000000000000000000e+00 0.000000000000000000e+00 0.000000000000000000e+00 0.000000000000000000e+00
8.199579041634382156e+04 5.516144512089673663e+04 3.512215239200346696e+04 2.321413242153107421e+04 1.516915749294678608e+04 8.793256221877752978e+03 1.134237790423462866e+04 2.542323703351984932e+03 9.219461170504654319e+02 2.573884809622215357e+02 5.426965456399932464e+01 3.617286872008915743e+00 0.000000000000000000e+00 0.000000000000000000e+00 0.000000000000000000e+00 0.000000000000000000e+00 0.000000000000000000e+00 0.000000000000000000e+00 0.000000000000000000e+00 0.000000000000000000e+00
4.209351066517855361e+04 2.985704040158639691e+04 1.795026835123569253e+04 1.202053332523052632e+04 7.689317572731971268e+03 4.922759593932553798e+03 2.542323703351984932e+03 4.103302448097019806e+03 6.153816771591441466e+02 9.391962916936147110e+01 1.975915584219012189e+01 6.145072630619713649e+00 0.000000000000000000e+00 0.000000000000000000e+00 0.000000000000000000e+00 0.000000000000000000e+00 0.000000000000000000e+00 0.000000000000000000e+00 0.000000000000000000e+00 0.000000000000000000e+00
1.817048316367205553e+04 1.237558639602339645e+04 7.061726448681674810e+03 5.995892916037210853e+03 3.155326030250981603e+03 1.874170523022555699e+03 9.219461170504654319e+02 6.153816771591441466e+02 1.058816488251994315e+03 4.589019889842363398e+01 6.516441488542077387e+00 1.841849373938057255e+00 0.000000000000000000e+00 0.000000000000000000e+00 0.000000000000000000e+00 0.000000000000000000e+00 0.000000000000000000e+00 0.000000000000000000e+00 0.000000000000000000e+00 0.000000000000000000e+00
3.634132057897281811e+03 2.270421295129586269e+03 1.436894596759598471e+03 1.114823023167151860e+03 5.770836156497429101e+02 3.683034034242568282e+02 2.573884809622215357e+02 9.391962916936147110e+01 4.589019889842363398e+01 2.023253806662140732e+02 1.935820006089924661e+00 2.273075035878174166e+00 0.000000000000000000e+00 0.000000000000000000e+00 0.000000000000000000e+00 0.000000000000000000e+00 0.000000000000000000e+00 0.000000000000000000e+00 0.000000000000000000e+00 0.000000000000000000e+00
8.103455850009802361e+02 4.063375689072572072e+02 1.460525432005545952e+02 1.412598140987119280e+02 2.320290959179311017e+02 5.532886847669808361e+01 5.426965456399932464e+01 1.975915584219012189e+01 6.516441488542077387e+00 1.935820006089924661e+00 3.039322808995313707e+01 8.870523596960022683e-01 0.000000000000000000e+00 0.000000000000000000e+00 0.000000000000000000e+00 0.000000000000000000e+00 0.000000000000000000e+00 0.000000000000000000e+00 0.000000000000000000e+00 0.000000000000000000e+00
8.452048141310794449e+01 1.072558415314041298e+02 3.949204910928940393e+01 5.438293068677744913e+01 2.797818979642551440e+01 1.779395958156250401e+01 3.617286872008915743e+00 6.145072630619713649e+00 1.841849373938057255e+00 2.273075035878174166e+00 8.870523596960022683e-01 2.001373506849065453e+00 0.000000000000000000e+00 0.000000000000000000e+00 0.000000000000000000e+00 0.000000000000000000e+00 0.000000000000000000e+00 0.000000000000000000e+00 0.000000000000000000e+00 0.000000000000000000e+00
0.000000000000000000e+00 0.000000000000000000e+00 0.000000000000000000e+00 0.000000000000000000e+00 0.000000000000000000e+00 0.000000000000000000e+00 0.000000000000000000e+00 0.000000000000000000e+00 0.000000000000000000e+00 0.000000000000000000e+00 0.000000000000000000e+00 0.000000000000000000e+00 0.000000000000000000e+00 0.000000000000000000e+00 0.000000000000000000e+00 0.000000000000000000e+00 0.000000000000000000e+00 0.000000000000000000e+00 0.000000000000000000e+00 0.000000000000000000e+00
0.000000000000000000e+00 0.000000000000000000e+00 0.000000000000000000e+00 0.000000000000000000e+00 0.000000000000000000e+00 0.000000000000000000e+00 0.000000000000000000e+00 0.000000000000000000e+00 0.000000000000000000e+00 0.000000000000000000e+00 0.000000000000000000e+00 0.000000000000000000e+00 0.000000000000000000e+00 0.000000000000000000e+00 0.000000000000000000e+00 0.000000000000000000e+00 0.000000000000000000e+00 0.000000000000000000e+00 0.000000000000000000e+00 0.000000000000000000e+00
0.000000000000000000e+00 0.000000000000000000e+00 0.000000000000000000e+00 0.000000000000000000e+00 0.000000000000000000e+00 0.000000000000000000e+00 0.000000000000000000e+00 0.000000000000000000e+00 0.000000000000000000e+00 0.000000000000000000e+00 0.000000000000000000e+00 0.000000000000000000e+00 0.000000000000000000e+00 0.000000000000000000e+00 0.000000000000000000e+00 0.000000000000000000e+00 0.000000000000000000e+00 0.000000000000000000e+00 0.000000000000000000e+00 0.000000000000000000e+00
0.000000000000000000e+00 0.000000000000000000e+00 0.000000000000000000e+00 0.000000000000000000e+00 0.000000000000000000e+00 0.000000000000000000e+00 0.000000000000000000e+00 0.000000000000000000e+00 0.000000000000000000e+00 0.000000000000000000e+00 0.000000000000000000e+00 0.000000000000000000e+00 0.000000000000000000e+00 0.000000000000000000e+00 0.000000000000000000e+00 0.000000000000000000e+00 0.000000000000000000e+00 0.000000000000000000e+00 0.000000000000000000e+00 0.000000000000000000e+00
0.000000000000000000e+00 0.000000000000000000e+00 0.000000000000000000e+00 0.000000000000000000e+00 0.000000000000000000e+00 0.000000000000000000e+00 0.000000000000000000e+00 0.000000000000000000e+00 0.000000000000000000e+00 0.000000000000000000e+00 0.000000000000000000e+00 0.000000000000000000e+00 0.000000000000000000e+00 0.000000000000000000e+00 0.000000000000000000e+00 0.000000000000000000e+00 0.000000000000000000e+00 0.000000000000000000e+00 0.000000000000000000e+00 0.000000000000000000e+00
0.000000000000000000e+00 0.000000000000000000e+00 0.000000000000000000e+00 0.000000000000000000e+00 0.000000000000000000e+00 0.000000000000000000e+00 0.000000000000000000e+00 0.000000000000000000e+00 0.000000000000000000e+00 0.000000000000000000e+00 0.000000000000000000e+00 0.000000000000000000e+00 0.000000000000000000e+00 0.000000000000000000e+00 0.000000000000000000e+00 0.000000000000000000e+00 0.000000000000000000e+00 0.000000000000000000e+00 0.000000000000000000e+00 0.000000000000000000e+00
0.000000000000000000e+00 0.000000000000000000e+00 0.000000000000000000e+00 0.000000000000000000e+00 0.000000000000000000e+00 0.000000000000000000e+00 0.000000000000000000e+00 0.000000000000000000e+00 0.000000000000000000e+00 0.000000000000000000e+00 0.000000000000000000e+00 0.000000000000000000e+00 0.000000000000000000e+00 0.000000000000000000e+00 0.000000000000000000e+00 0.000000000000000000e+00 0.000000000000000000e+00 0.000000000000000000e+00 0.000000000000000000e+00 0.000000000000000000e+00
0.000000000000000000e+00 0.000000000000000000e+00 0.000000000000000000e+00 0.000000000000000000e+00 0.000000000000000000e+00 0.000000000000000000e+00 0.000000000000000000e+00 0.000000000000000000e+00 0.000000000000000000e+00 0.000000000000000000e+00 0.000000000000000000e+00 0.000000000000000000e+00 0.000000000000000000e+00 0.000000000000000000e+00 0.000000000000000000e+00 0.000000000000000000e+00 0.000000000000000000e+00 0.000000000000000000e+00 0.000000000000000000e+00 0.000000000000000000e+00
